resultId,raceId,driverId,constructorId,number,grid,position,positionText,positionOrder,points,laps,time,milliseconds,fastestLap,rank,fastestLapTime,fastestLapSpeed,statusId
1,18,1,1,22,1,1,1,1,10,58,1:34:50.616,5690616,39,2,1:27.452,218.3,1
2,18,2,2,3,5,2,2,2,8,58,+5.478,5696094,41,3,1:27.739,217.586,1
3,18,3,3,7,7,3,3,3,6,58,+8.163,5698779,41,5,1:28.090,216.719,1
4,18,4,4,5,11,4,4,4,5,58,+17.181,5707797,58,7,1:28.603,215.464,1
5,18,5,1,23,3,5,5,5,4,58,+18.014,5708630,43,1,1:27.418,218.385,1
6,18,6,3,8,13,6,6,6,3,57,\N,\N,50,14,1:29.639,212.974,11
7,18,7,5,14,17,7,7,7,2,55,\N,\N,54,8,1:29.534,213.224,5
8,18,8,6,1,15,8,8,8,1,53,\N,\N,20,4,1:27.903,217.18,5
9,18,9,2,4,2,\N,R,9,0,47,\N,\N,15,9,1:28.753,215.1,4
10,18,10,7,12,18,\N,R,10,0,43,\N,\N,23,13,1:29.558,213.166,3
11,18,11,8,18,19,\N,R,11,0,32,\N,\N,24,15,1:30.892,210.038,7
12,18,12,4,6,20,\N,R,12,0,30,\N,\N,20,16,1:31.384,208.907,8
13,18,13,6,2,4,\N,R,13,0,29,\N,\N,23,6,1:28.175,216.51,5
14,18,14,9,9,8,\N,R,14,0,25,\N,\N,21,11,1:29.502,213.3,4
15,18,15,7,11,6,\N,R,15,0,19,\N,\N,18,10,1:29.310,213.758,10
16,18,16,10,20,22,\N,R,16,0,8,\N,\N,8,17,1:32.021,207.461,9
17,18,17,9,10,14,\N,R,17,0,0,\N,\N,\N,\N,\N,\N,4
18,18,18,11,16,12,\N,R,18,0,0,\N,\N,\N,\N,\N,\N,4
19,18,19,8,19,21,\N,R,19,0,0,\N,\N,\N,\N,\N,\N,4
20,18,20,5,15,9,\N,R,20,0,0,\N,\N,\N,\N,\N,\N,4
21,18,21,10,21,16,\N,R,21,0,0,\N,\N,\N,\N,\N,\N,4
22,18,22,11,17,10,\N,D,22,0,58,\N,\N,44,8,1:28.736,215.141,2
23,19,8,6,1,2,1,1,1,10,56,1:31:18.555,5478555,37,2,1:35.405,209.158,1
24,19,9,2,4,4,2,2,2,8,56,+19.570,5498125,39,6,1:35.921,208.033,1
25,19,5,1,23,8,3,3,3,6,56,+38.450,5517005,19,7,1:35.922,208.031,1
26,19,15,7,11,3,4,4,4,5,56,+45.832,5524387,53,8,1:36.068,207.715,1
27,19,1,1,22,9,5,5,5,4,56,+46.548,5525103,53,3,1:35.462,209.033,1
28,19,2,2,3,5,6,6,6,3,56,+49.833,5528388,55,1,1:35.366,209.244,1
29,19,17,9,10,6,7,7,7,2,56,+68.130,5546685,53,12,1:36.696,206.366,1
30,19,4,4,5,7,8,8,8,1,56,+70.041,5548596,40,10,1:36.288,207.24,1
31,19,14,9,9,12,9,9,9,0,56,+76.220,5554775,55,9,1:36.206,207.417,1
32,19,18,11,16,11,10,10,10,0,56,+86.214,5564769,56,4,1:35.715,208.481,1
33,19,12,4,6,13,11,11,11,0,56,+92.202,5570757,52,15,1:36.956,205.812,1
34,19,21,10,21,17,12,12,12,0,55,\N,\N,52,16,1:36.962,205.8,11
35,19,22,11,17,14,13,13,13,0,55,\N,\N,55,11,1:36.693,206.372,11
36,19,3,3,7,16,14,14,14,0,55,\N,\N,55,13,1:36.782,206.182,11
37,19,19,8,19,21,15,15,15,0,55,\N,\N,55,18,1:38.171,203.265,11
38,19,11,8,18,19,16,16,16,0,54,\N,\N,53,19,1:38.504,202.578,12
39,19,6,3,8,22,17,17,17,0,54,\N,\N,19,17,1:37.711,204.222,12
40,19,20,5,15,15,\N,R,18,0,39,\N,\N,37,14,1:36.870,205.995,5
41,19,13,6,2,1,\N,R,19,0,30,\N,\N,15,5,1:35.914,208.048,20
42,19,16,10,20,20,\N,R,20,0,5,\N,\N,3,20,1:40.330,198.891,9
43,19,10,7,12,10,\N,R,21,0,1,\N,\N,\N,\N,\N,\N,4
44,19,7,5,14,18,\N,R,22,0,0,\N,\N,\N,\N,\N,\N,20
45,20,13,6,2,2,1,1,1,10,57,1:31:06.970,5466970,38,3,1:33.600,208.153,1
46,20,8,6,1,4,2,2,2,8,57,+3.339,5470309,35,4,1:33.709,207.911,1
47,20,9,2,4,1,3,3,3,6,57,+4.998,5471968,55,5,1:33.775,207.765,1
48,20,2,2,3,6,4,4,4,5,57,+8.409,5475379,48,2,1:33.565,208.231,1
49,20,5,1,23,5,5,5,5,4,57,+26.789,5493759,49,1,1:33.193,209.062,1
50,20,15,7,11,7,6,6,6,3,57,+41.314,5508284,45,7,1:34.204,206.819,1
51,20,17,9,10,11,7,7,7,2,57,+45.473,5512443,51,8,1:34.305,206.597,1
52,20,3,3,7,8,8,8,8,1,57,+55.889,5522859,57,6,1:34.072,207.109,1
53,20,10,7,12,13,9,9,9,0,57,+69.500,5536470,56,9,1:34.807,205.503,1
54,20,4,4,5,10,10,10,10,0,57,+77.181,5544151,35,13,1:35.194,204.668,1
55,20,22,11,17,12,11,11,11,0,57,+77.862,5544832,40,10,1:34.855,205.399,1
56,20,21,10,21,18,12,12,12,0,56,\N,\N,56,11,1:35.057,204.963,11
57,20,1,1,22,3,13,13,13,0,56,\N,\N,25,19,1:35.520,203.969,11
58,20,6,3,8,16,14,14,14,0,56,\N,\N,30,17,1:35.433,204.155,11
59,20,7,5,14,15,15,15,15,0,56,\N,\N,33,15,1:35.333,204.369,11
60,20,19,8,19,21,16,16,16,0,56,\N,\N,45,14,1:35.324,204.389,11
61,20,11,8,18,22,17,17,17,0,56,\N,\N,56,20,1:35.891,203.18,11
62,20,14,9,9,17,18,18,18,0,56,\N,\N,43,16,1:35.351,204.331,11
63,20,16,10,20,20,19,19,19,0,56,\N,\N,55,18,1:35.442,204.136,12
64,20,12,4,6,14,\N,R,20,0,40,\N,\N,31,12,1:35.129,204.808,6
65,20,18,11,16,9,\N,R,21,0,19,\N,\N,11,21,1:36.125,202.686,4
66,20,20,5,15,19,\N,R,22,0,0,\N,\N,\N,\N,\N,\N,5
67,21,8,6,1,1,1,1,1,10,66,1:38:19.051,5899051,46,1,1:21.670,205.191,1
68,21,13,6,2,3,2,2,2,8,66,+3.228,5902279,45,2,1:21.801,204.863,1
69,21,1,1,22,5,3,3,3,6,66,+4.187,5903238,20,3,1:22.017,204.323,1
70,21,9,2,4,4,4,4,4,5,66,+5.694,5904745,20,4,1:22.106,204.102,1
71,21,17,9,10,7,5,5,5,4,66,+35.938,5934989,19,8,1:22.564,202.969,1
72,21,18,11,16,13,6,6,6,3,66,+53.010,5952061,66,5,1:22.353,203.489,1
73,21,6,3,8,12,7,7,7,2,66,+58.244,5957295,48,15,1:23.549,200.576,1
74,21,15,7,11,8,8,8,8,1,66,+59.435,5958486,45,10,1:22.758,202.494,1
75,21,2,2,3,9,9,9,9,0,66,+63.073,5962124,21,7,1:22.519,203.08,1
76,21,21,10,21,19,10,10,10,0,65,\N,\N,40,14,1:23.439,200.841,11
77,21,10,7,12,14,11,11,11,0,65,\N,\N,57,12,1:23.007,201.886,11
78,21,14,9,9,17,12,12,12,0,65,\N,\N,57,11,1:22.842,202.288,11
79,21,11,8,18,22,13,13,13,0,65,\N,\N,34,17,1:24.617,198.045,11
80,21,3,3,7,15,\N,R,14,0,41,\N,\N,20,13,1:23.319,201.13,5
81,21,4,4,5,2,\N,R,15,0,34,\N,\N,15,9,1:22.683,202.677,5
82,21,22,11,17,11,\N,R,16,0,34,\N,\N,21,16,1:23.858,199.837,4
83,21,5,1,23,6,\N,R,17,0,21,\N,\N,19,6,1:22.453,203.243,3
84,21,19,8,19,21,\N,R,18,0,8,\N,\N,6,20,1:26.864,192.922,21
85,21,7,5,14,16,\N,R,19,0,7,\N,\N,6,19,1:25.999,194.862,4
86,21,12,4,6,10,\N,R,20,0,6,\N,\N,6,18,1:25.444,196.128,4
87,21,16,10,20,20,\N,R,21,0,0,\N,\N,\N,\N,\N,\N,4
88,21,20,5,15,18,\N,R,22,0,0,\N,\N,\N,\N,\N,\N,4
89,22,13,6,2,1,1,1,1,10,58,1:26:49.451,5209451,16,3,1:26.666,221.734,1
90,22,1,1,22,3,2,2,2,8,58,+3.779,5213230,31,2,1:26.529,222.085,1
91,22,8,6,1,4,3,3,3,6,58,+4.271,5213722,20,1,1:26.506,222.144,1
92,22,9,2,4,5,4,4,4,5,58,+21.945,5231396,17,4,1:26.780,221.442,1
93,22,2,2,3,9,5,5,5,4,58,+38.741,5248192,20,5,1:27.219,220.328,1
94,22,4,4,5,7,6,6,6,3,58,+53.724,5263175,57,6,1:27.280,220.174,1
95,22,17,9,10,6,7,7,7,2,58,+64.229,5273680,14,7,1:27.630,219.294,1
96,22,3,3,7,11,8,8,8,1,58,+71.406,5280857,55,9,1:27.795,218.882,1
97,22,14,9,9,10,9,9,9,0,58,+75.270,5284721,41,12,1:27.966,218.457,1
98,22,15,7,11,8,10,10,10,0,58,+76.344,5285795,52,11,1:27.926,218.556,1
99,22,18,11,16,13,11,11,11,0,57,\N,\N,57,13,1:27.998,218.377,11
100,22,5,1,23,2,12,12,12,0,57,\N,\N,55,8,1:27.640,219.269,11
101,22,10,7,12,15,13,13,13,0,57,\N,\N,28,16,1:28.303,217.623,11
102,22,22,11,17,12,14,14,14,0,57,\N,\N,56,14,1:28.017,218.33,11
103,22,12,4,6,17,15,15,15,0,57,\N,\N,40,10,1:27.867,218.703,11
104,22,16,10,20,19,16,16,16,0,57,\N,\N,35,18,1:28.780,216.454,11
105,22,20,5,15,14,17,17,17,0,57,\N,\N,38,15,1:28.180,217.926,11
106,22,7,5,14,18,\N,R,18,0,24,\N,\N,19,17,1:28.745,216.539,22
107,22,6,3,8,16,\N,R,19,0,1,\N,\N,\N,\N,\N,\N,4
108,22,21,10,21,20,\N,R,20,0,0,\N,\N,\N,\N,\N,\N,4
109,23,1,1,22,3,1,1,1,10,76,2:00:42.742,7242742,71,6,1:18.510,153.152,1
110,23,9,2,4,5,2,2,2,8,76,+3.064,7245806,75,5,1:17.933,154.286,1
111,23,13,6,2,1,3,3,3,6,76,+4.811,7247553,76,4,1:17.886,154.379,1
112,23,17,9,10,9,4,4,4,5,76,+19.295,7262037,74,8,1:19.036,152.133,1
113,23,20,5,15,19,5,5,5,4,76,+24.657,7267399,74,7,1:18.787,152.614,1
114,23,22,11,17,14,6,6,6,3,76,+28.408,7271150,75,9,1:19.574,151.104,1
115,23,6,3,8,13,7,7,7,2,76,+30.180,7272922,75,13,1:19.910,150.469,1
116,23,5,1,23,4,8,8,8,1,76,+33.191,7275933,74,2,1:17.282,155.586,1
117,23,8,6,1,2,9,9,9,0,76,+33.792,7276534,74,1,1:16.689,156.789,1
118,23,4,4,5,7,10,10,10,0,75,\N,\N,73,3,1:17.869,154.413,11
119,23,18,11,16,11,11,11,11,0,75,\N,\N,74,10,1:19.582,151.089,11
120,23,10,7,12,10,12,12,12,0,75,\N,\N,75,11,1:19.618,151.021,11
121,23,15,7,11,8,13,13,13,0,75,\N,\N,75,12,1:19.830,150.62,11
122,23,2,2,3,12,14,14,14,0,72,\N,\N,72,14,1:20.251,149.829,14
123,23,16,10,20,18,\N,R,15,0,67,\N,\N,60,16,1:22.039,146.564,4
124,23,3,3,7,6,\N,R,16,0,59,\N,\N,58,15,1:21.270,147.951,3
125,23,12,4,6,17,\N,R,17,0,47,\N,\N,40,17,1:31.187,131.86,3
126,23,21,10,21,20,\N,R,18,0,36,\N,\N,33,18,1:32.849,129.5,6
127,23,14,9,9,15,\N,R,19,0,7,\N,\N,7,20,1:42.112,117.753,3
128,23,7,5,14,16,\N,R,20,0,7,\N,\N,7,19,1:41.150,118.872,4
129,24,9,2,4,2,1,1,1,10,70,1:36:24.447,5784447,47,4,1:17.539,202.473,1
130,24,2,2,3,8,2,2,2,8,70,+16.495,5800942,25,2,1:17.430,202.758,1
131,24,14,9,9,13,3,3,3,6,70,+23.352,5807799,36,7,1:18.085,201.057,1
132,24,10,7,12,11,4,4,4,5,70,+42.627,5827074,31,17,1:19.087,198.51,1
133,24,13,6,2,6,5,5,5,4,70,+43.934,5828381,11,6,1:18.006,201.261,1
134,24,15,7,11,14,6,6,6,3,70,+47.775,5832222,38,15,1:18.870,199.056,1
135,24,22,11,17,9,7,7,7,2,70,+53.597,5838044,35,10,1:18.301,200.503,1
136,24,20,5,15,19,8,8,8,1,70,+54.120,5838567,33,12,1:18.532,199.913,1
137,24,5,1,23,7,9,9,9,0,70,+54.433,5838880,62,11,1:18.462,200.091,1
138,24,3,3,7,5,10,10,10,0,70,+57.749,5842196,14,5,1:17.977,201.336,1
139,24,18,11,16,20,11,11,11,0,70,+67.540,5851987,58,19,1:19.352,197.847,1
140,24,17,9,10,10,12,12,12,0,70,+71.229,5855676,51,8,1:18.201,200.759,1
141,24,7,5,14,18,13,13,13,0,69,\N,\N,34,13,1:18.620,199.689,11
142,24,21,10,21,17,\N,R,14,0,51,\N,\N,41,16,1:19.066,198.563,20
143,24,6,3,8,12,\N,R,15,0,46,\N,\N,30,14,1:18.784,199.273,3
144,24,4,4,5,4,\N,R,16,0,44,\N,\N,16,9,1:18.225,200.697,20
145,24,12,4,6,15,\N,R,17,0,43,\N,\N,16,18,1:19.239,198.129,23
146,24,8,6,1,3,\N,R,18,0,19,\N,\N,14,1,1:17.387,202.871,4
147,24,1,1,22,1,\N,R,19,0,19,\N,\N,4,3,1:17.506,202.559,4
148,24,16,10,20,16,\N,R,20,0,13,\N,\N,7,20,1:20.666,194.624,6
149,25,13,6,2,2,1,1,1,10,70,1:31:50.245,5510245,20,2,1:16.729,206.956,1
150,25,8,6,1,1,2,2,2,8,70,+17.984,5528229,16,1,1:16.630,207.224,1
151,25,15,7,11,4,3,3,3,6,70,+28.250,5538495,12,7,1:17.567,204.721,1
152,25,5,1,23,10,4,4,4,5,70,+28.929,5539174,46,3,1:17.134,205.87,1
153,25,9,2,4,5,5,5,5,4,70,+30.512,5540757,16,4,1:17.172,205.768,1
154,25,17,9,10,6,6,6,6,3,70,+40.304,5550549,22,6,1:17.507,204.879,1
155,25,12,4,6,9,7,7,7,2,70,+41.033,5551278,24,10,1:17.758,204.218,1
156,25,4,4,5,3,8,8,8,1,70,+43.372,5553617,39,8,1:17.641,204.525,1
157,25,14,9,9,7,9,9,9,0,70,+51.072,5561317,23,12,1:17.818,204.06,1
158,25,1,1,22,13,10,10,10,0,70,+54.521,5564766,40,5,1:17.453,205.022,1
159,25,10,7,12,8,11,11,11,0,70,+57.738,5567983,45,13,1:17.836,204.013,1
160,25,20,5,15,12,12,12,12,0,70,+58.065,5568310,36,11,1:17.760,204.212,1
161,25,2,2,3,11,13,13,13,0,70,+62.079,5572324,46,9,1:17.716,204.328,1
162,25,22,11,17,20,14,14,14,0,69,\N,\N,54,14,1:17.969,203.665,11
163,25,6,3,8,15,15,15,15,0,69,\N,\N,60,15,1:18.054,203.443,11
164,25,3,3,7,19,16,16,16,0,69,\N,\N,38,17,1:18.311,202.776,11
165,25,7,5,14,14,17,17,17,0,69,\N,\N,28,16,1:18.216,203.022,11
166,25,21,10,21,17,18,18,18,0,69,\N,\N,53,19,1:18.557,202.141,11
167,25,16,10,20,18,19,19,19,0,69,\N,\N,41,18,1:18.462,202.385,11
168,25,18,11,16,16,\N,R,20,0,16,\N,\N,15,20,1:20.876,196.345,4
169,26,1,1,22,4,1,1,1,10,60,1:39:09.440,5949440,16,3,1:32.817,199.398,1
170,26,2,2,3,5,2,2,2,8,60,+68.577,6018017,21,2,1:32.719,199.609,1
171,26,22,11,17,16,3,3,3,6,60,+82.273,6031713,21,11,1:33.386,198.183,1
172,26,8,6,1,3,4,4,4,5,59,\N,\N,18,1,1:32.150,200.842,11
173,26,5,1,23,1,5,5,5,4,59,\N,\N,17,5,1:33.130,198.728,11
174,26,4,4,5,6,6,6,6,3,59,\N,\N,17,6,1:33.133,198.722,11
175,26,15,7,11,14,7,7,7,2,59,\N,\N,22,13,1:33.808,197.292,11
176,26,6,3,8,15,8,8,8,1,59,\N,\N,21,14,1:34.277,196.31,11
177,26,3,3,7,20,9,9,9,0,59,\N,\N,21,16,1:34.797,195.234,11
178,26,17,9,10,2,10,10,10,0,59,\N,\N,17,4,1:32.952,199.109,11
179,26,7,5,14,13,11,11,11,0,59,\N,\N,21,9,1:33.367,198.224,11
180,26,10,7,12,12,12,12,12,0,59,\N,\N,19,15,1:34.610,195.619,11
181,26,13,6,2,9,13,13,13,0,58,\N,\N,19,8,1:33.257,198.458,12
182,26,9,2,4,10,\N,R,14,0,39,\N,\N,22,12,1:33.539,197.859,20
183,26,18,11,16,17,\N,R,15,0,38,\N,\N,21,10,1:33.376,198.205,20
184,26,12,4,6,7,\N,R,16,0,35,\N,\N,21,7,1:33.203,198.573,20
185,26,21,10,21,19,\N,R,17,0,16,\N,\N,21,17,1:34.930,194.96,20
186,26,16,10,20,18,\N,R,18,0,10,\N,\N,5,18,1:38.160,188.545,20
187,26,20,5,15,8,\N,R,19,0,0,\N,\N,\N,\N,\N,\N,4
188,26,14,9,9,11,\N,R,20,0,0,\N,\N,\N,\N,\N,\N,4
189,27,1,1,22,1,1,1,1,10,67,1:31:20.874,5480874,17,2,1:16.039,216.552,1
190,27,12,4,6,17,2,2,2,8,67,+5.586,5486460,66,9,1:16.910,214.099,1
191,27,13,6,2,2,3,3,3,6,67,+9.339,5490213,19,5,1:16.502,215.241,1
192,27,2,2,3,12,4,4,4,5,67,+9.825,5490699,52,1,1:15.987,216.7,1
193,27,5,1,23,3,5,5,5,4,67,+12.411,5493285,63,4,1:16.495,215.261,1
194,27,8,6,1,6,6,6,6,3,67,+14.483,5495357,66,3,1:16.342,215.692,1
195,27,9,2,4,7,7,7,7,2,67,+22.603,5503477,17,6,1:16.610,214.937,1
196,27,20,5,15,9,8,8,8,1,67,+33.282,5514156,20,8,1:16.772,214.484,1
197,27,15,7,11,4,9,9,9,0,67,+37.199,5518073,17,12,1:17.023,213.785,1
198,27,3,3,7,13,10,10,10,0,67,+37.658,5518532,34,15,1:17.380,212.799,1
199,27,4,4,5,5,11,11,11,0,67,+38.625,5519499,17,13,1:17.115,213.53,1
200,27,7,5,14,15,12,12,12,0,67,+39.111,5519985,63,10,1:16.969,213.935,1
201,27,14,9,9,10,13,13,13,0,67,+54.971,5535845,18,11,1:16.994,213.866,1
202,27,6,3,8,16,14,14,14,0,67,+60.003,5540877,23,17,1:17.691,211.947,1
203,27,16,10,20,19,15,15,15,0,67,+69.488,5550362,66,18,1:17.889,211.408,1
204,27,21,10,21,20,16,16,16,0,67,+84.093,5564967,67,20,1:18.208,210.546,1
205,27,18,11,16,14,17,17,17,0,66,\N,\N,56,16,1:17.636,212.097,11
206,27,22,11,17,18,\N,R,18,0,50,\N,\N,30,19,1:17.986,211.145,4
207,27,17,9,10,8,\N,R,19,0,40,\N,\N,20,14,1:17.206,213.278,5
208,27,10,7,12,11,\N,R,20,0,35,\N,\N,24,7,1:16.712,214.652,22
209,28,5,1,23,2,1,1,1,10,70,1:37:27.067,5847067,19,7,1:21.753,192.917,1
210,28,10,7,12,5,2,2,2,8,70,+11.061,5858128,42,6,1:21.671,193.111,1
211,28,8,6,1,6,3,3,3,6,70,+16.856,5863923,61,1,1:21.195,194.243,1
212,28,4,4,5,7,4,4,4,5,70,+21.614,5868681,47,8,1:21.793,192.823,1
213,28,1,1,22,1,5,5,5,4,70,+23.048,5870115,15,3,1:21.493,193.533,1
214,28,12,4,6,10,6,6,6,3,70,+32.298,5879365,64,4,1:21.537,193.428,1
215,28,15,7,11,9,7,7,7,2,70,+36.449,5883516,65,5,1:21.638,193.189,1
216,28,9,2,4,4,8,8,8,1,70,+48.321,5895388,70,9,1:21.941,192.475,1
217,28,17,9,10,8,9,9,9,0,70,+58.834,5905901,67,10,1:22.125,192.043,1
218,28,2,2,3,15,10,10,10,0,70,+67.709,5914776,67,11,1:22.183,191.908,1
219,28,14,9,9,13,11,11,11,0,70,+70.407,5917474,67,16,1:22.732,190.634,1
220,28,18,11,16,12,12,12,12,0,69,\N,\N,63,13,1:22.397,191.409,11
221,28,6,3,8,16,13,13,13,0,69,\N,\N,67,18,1:23.307,189.319,11
222,28,3,3,7,14,14,14,14,0,69,\N,\N,57,12,1:22.397,191.409,11
223,28,21,10,21,18,15,15,15,0,69,\N,\N,68,15,1:22.641,190.844,11
224,28,22,11,17,17,16,16,16,0,68,\N,\N,65,14,1:22.436,191.319,12
225,28,13,6,2,3,17,17,17,0,67,\N,\N,16,2,1:21.355,193.861,5
226,28,7,5,14,19,18,18,18,0,67,\N,\N,29,17,1:23.220,189.516,13
227,28,16,10,20,20,\N,R,19,0,62,\N,\N,29,19,1:23.650,188.542,23
228,28,20,5,15,11,\N,R,20,0,22,\N,\N,17,20,1:24.222,187.262,25
229,29,13,6,2,1,1,1,1,10,57,1:35:32.339,5732339,36,1,1:38.708,197.637,1
230,29,1,1,22,2,2,2,2,8,57,+5.611,5737950,16,2,1:38.884,197.285,1
231,29,9,2,4,3,3,3,3,6,57,+37.353,5769692,38,4,1:39.330,196.399,1
232,29,5,1,23,5,4,4,4,5,57,+39.703,5772042,19,3,1:39.112,196.831,1
233,29,15,7,11,7,5,5,5,4,57,+50.684,5783023,37,12,1:39.657,195.755,1
234,29,20,5,15,6,6,6,6,3,57,+52.625,5784964,36,6,1:39.485,196.093,1
235,29,10,7,12,13,7,7,7,2,57,+67.990,5800329,54,8,1:39.535,195.995,1
236,29,3,3,7,9,8,8,8,1,57,+71.457,5803796,35,10,1:39.577,195.912,1
237,29,2,2,3,8,9,9,9,0,57,+82.177,5814516,57,7,1:39.526,196.013,1
238,29,7,5,14,10,10,10,10,0,57,+89.794,5822133,35,11,1:39.639,195.79,1
239,29,12,4,6,15,11,11,11,0,57,+92.717,5825056,29,9,1:39.544,195.977,1
240,29,17,9,10,14,12,12,12,0,56,\N,\N,27,14,1:40.264,194.57,11
241,29,18,11,16,16,13,13,13,0,56,\N,\N,21,18,1:40.763,193.606,11
242,29,21,10,21,18,14,14,14,0,56,\N,\N,54,15,1:40.353,194.397,11
243,29,6,3,8,11,15,15,15,0,56,\N,\N,56,13,1:39.803,195.469,11
244,29,22,11,17,19,16,16,16,0,56,\N,\N,56,16,1:40.593,193.933,11
245,29,14,9,9,17,17,17,17,0,56,\N,\N,13,19,1:40.978,193.194,11
246,29,8,6,1,4,\N,R,18,0,45,\N,\N,34,5,1:39.424,196.214,5
247,29,16,10,20,20,\N,R,19,0,41,\N,\N,28,17,1:40.661,193.802,3
248,29,4,4,5,12,\N,R,20,0,0,\N,\N,\N,\N,\N,\N,4
249,30,13,6,2,2,1,1,1,10,44,1:22:59.394,4979394,26,3,1:48.222,232.987,1
250,30,2,2,3,5,2,2,2,8,44,+9.383,4988777,36,7,1:49.067,231.182,1
251,30,1,1,22,1,3,3,3,6,44,+10.539,4989933,20,2,1:48.135,233.175,1
252,30,4,4,5,6,4,4,4,5,44,+14.478,4993872,25,9,1:49.238,230.82,1
253,30,20,5,15,10,5,5,5,4,44,+14.576,4993970,16,8,1:49.086,231.142,1
254,30,9,2,4,8,6,6,6,3,44,+15.037,4994431,36,5,1:48.965,231.399,1
255,30,7,5,14,9,7,7,7,2,44,+16.735,4996129,31,6,1:49.002,231.32,1
256,30,17,9,10,7,8,8,8,1,44,+42.776,5022170,34,10,1:49.515,230.236,1
257,30,10,7,12,13,9,9,9,0,44,+67.045,5046439,37,12,1:50.255,228.691,1
258,30,5,1,23,3,10,10,10,0,43,\N,\N,35,4,1:48.223,232.985,6
259,30,14,9,9,14,11,11,11,0,43,\N,\N,19,11,1:50.177,228.853,11
260,30,3,3,7,15,12,12,12,0,43,\N,\N,32,15,1:50.656,227.862,11
261,30,16,10,20,18,13,13,13,0,43,\N,\N,27,13,1:50.487,228.211,11
262,30,6,3,8,19,14,14,14,0,43,\N,\N,35,17,1:50.970,227.218,11
263,30,18,11,16,17,15,15,15,0,43,\N,\N,19,16,1:50.671,227.832,11
264,30,15,7,11,11,16,16,16,0,43,\N,\N,32,14,1:50.543,228.095,11
265,30,21,10,21,20,17,17,17,0,43,\N,\N,17,19,1:51.701,225.731,11
266,30,8,6,1,4,18,18,18,0,42,\N,\N,24,1,1:47.930,233.618,20
267,30,22,11,17,16,\N,R,19,0,19,\N,\N,10,20,1:52.072,224.983,6
268,30,12,4,6,12,\N,R,20,0,13,\N,\N,12,18,1:51.118,226.915,20
269,31,20,5,15,1,1,1,1,10,53,1:26:47.494,5207494,53,14,1:30.510,230.414,1
270,31,5,1,23,2,2,2,2,8,53,+12.512,5220006,53,13,1:30.300,230.95,1
271,31,9,2,4,11,3,3,3,6,53,+20.471,5227965,52,12,1:30.298,230.955,1
272,31,4,4,5,8,4,4,4,5,53,+23.903,5231397,51,9,1:29.961,231.82,1
273,31,2,2,3,10,5,5,5,4,53,+27.748,5235242,53,6,1:29.807,232.217,1
274,31,13,6,2,6,6,6,6,3,53,+28.816,5236310,52,4,1:29.696,232.505,1
275,31,1,1,22,15,7,7,7,2,53,+29.912,5237406,52,5,1:29.721,232.44,1
276,31,17,9,10,3,8,8,8,1,53,+32.048,5239542,52,3,1:29.681,232.544,1
277,31,8,6,1,14,9,9,9,0,53,+39.468,5246962,53,1,1:28.047,236.859,1
278,31,12,4,6,17,10,10,10,0,53,+54.445,5261939,53,16,1:30.918,229.38,1
279,31,10,7,12,9,11,11,11,0,53,+58.888,5266382,53,8,1:29.948,231.853,1
280,31,6,3,8,18,12,12,12,0,53,+62.015,5269509,53,11,1:30.215,231.167,1
281,31,15,7,11,7,13,13,13,0,53,+65.954,5273448,52,15,1:30.853,229.544,1
282,31,3,3,7,5,14,14,14,0,53,+68.635,5276129,53,10,1:30.019,231.671,1
283,31,18,11,16,19,15,15,15,0,53,+73.370,5280864,52,7,1:29.827,232.166,1
284,31,14,9,9,13,16,16,16,0,52,\N,\N,49,17,1:32.459,225.557,11
285,31,22,11,17,16,17,17,17,0,52,\N,\N,42,19,1:33.918,222.053,11
286,31,7,5,14,4,18,18,18,0,52,\N,\N,52,2,1:29.258,233.646,11
287,31,16,10,20,20,19,19,19,0,51,\N,\N,51,18,1:33.458,223.146,12
288,31,21,10,21,12,\N,R,20,0,11,\N,\N,6,20,1:37.304,214.326,3
289,32,4,4,5,15,1,1,1,10,61,1:57:16.304,7036304,55,3,1:45.768,172.464,1
290,32,3,3,7,8,2,2,2,8,61,+2.957,7039261,39,5,1:46.454,171.352,1
291,32,1,1,22,2,3,3,3,6,61,+5.917,7042221,14,4,1:46.072,171.969,1
292,32,10,7,12,7,4,4,4,5,61,+8.155,7044459,50,8,1:47.044,170.408,1
293,32,20,5,15,6,5,5,5,4,61,+10.268,7046572,13,9,1:47.271,170.047,1
294,32,2,2,3,9,6,6,6,3,61,+11.101,7047405,14,11,1:47.306,169.992,1
295,32,14,9,9,14,7,7,7,2,61,+16.387,7052691,41,13,1:47.562,169.587,1
296,32,6,3,8,10,8,8,8,1,61,+18.489,7054793,13,10,1:47.287,170.022,1
297,32,18,11,16,12,9,9,9,0,61,+19.885,7056189,61,15,1:48.128,168.7,1
298,32,5,1,23,5,10,10,10,0,61,+26.902,7063206,14,12,1:47.337,169.943,1
299,32,9,2,4,4,11,11,11,0,61,+27.975,7064279,14,6,1:46.899,170.639,1
300,32,7,5,14,17,12,12,12,0,61,+29.432,7065736,29,14,1:47.820,169.181,1
301,32,13,6,2,1,13,13,13,0,61,+35.170,7071474,13,2,1:45.757,172.482,1
302,32,21,10,21,20,14,14,14,0,61,+43.571,7079875,28,16,1:49.101,167.195,1
303,32,8,6,1,3,15,15,15,0,57,\N,\N,14,1,1:45.599,172.74,3
304,32,15,7,11,11,\N,R,16,0,50,\N,\N,32,7,1:46.972,170.523,9
305,32,16,10,20,19,\N,R,17,0,49,\N,\N,38,18,1:49.270,166.936,3
306,32,17,9,10,13,\N,R,18,0,29,\N,\N,13,17,1:49.183,167.069,7
307,32,22,11,17,18,\N,R,19,0,14,\N,\N,13,19,1:50.320,165.348,26
308,32,12,4,6,16,\N,R,20,0,13,\N,\N,13,20,1:50.449,165.154,3
309,33,4,4,5,4,1,1,1,10,67,1:30:21.892,5421892,41,3,1:19.101,207.668,1
310,33,9,2,4,6,2,2,2,8,67,+5.283,5427175,16,7,1:19.292,207.168,1
311,33,8,6,1,2,3,3,3,6,67,+6.400,5428292,66,2,1:18.995,207.947,1
312,33,12,4,6,12,4,4,4,5,67,+20.570,5442462,54,4,1:19.199,207.411,1
313,33,15,7,11,7,5,5,5,4,67,+23.767,5445659,18,9,1:19.524,206.564,1
314,33,20,5,15,9,6,6,6,3,67,+39.207,5461099,21,12,1:19.617,206.322,1
315,33,13,6,2,5,7,7,7,2,67,+46.158,5468050,55,1,1:18.426,209.456,1
316,33,17,9,10,13,8,8,8,1,67,+50.811,5472703,30,13,1:19.820,205.798,1
317,33,2,2,3,16,9,9,9,0,67,+54.120,5476012,67,8,1:19.461,206.727,1
318,33,7,5,14,10,10,10,10,0,67,+59.085,5480977,49,6,1:19.262,207.246,1
319,33,3,3,7,15,11,11,11,0,67,+62.096,5483988,66,10,1:19.531,206.545,1
320,33,1,1,22,1,12,12,12,0,67,+78.900,5500792,65,11,1:19.560,206.47,1
321,33,22,11,17,17,13,13,13,0,66,\N,\N,66,16,1:20.575,203.869,11
322,33,18,11,16,18,14,14,14,0,66,\N,\N,66,17,1:20.849,203.178,11
323,33,6,3,8,14,15,15,15,0,66,\N,\N,32,15,1:20.364,204.404,11
324,33,21,10,21,20,\N,R,16,0,21,\N,\N,20,19,1:21.577,201.365,6
325,33,5,1,23,3,\N,R,17,0,16,\N,\N,12,5,1:19.258,207.257,5
326,33,16,10,20,19,\N,R,18,0,8,\N,\N,6,18,1:21.189,202.327,27
327,33,10,7,12,8,\N,R,19,0,6,\N,\N,4,14,1:20.254,204.685,28
328,33,14,9,9,11,\N,R,20,0,0,\N,\N,\N,\N,\N,\N,4
329,34,1,1,22,1,1,1,1,10,56,1:31:57.403,5517403,13,1,1:36.325,203.722,1
330,34,13,6,2,3,2,2,2,8,56,+14.925,5532328,36,4,1:36.591,203.161,1
331,34,8,6,1,2,3,3,3,6,56,+16.445,5533848,14,2,1:36.483,203.389,1
332,34,4,4,5,4,4,4,4,5,56,+18.370,5535773,56,5,1:36.659,203.018,1
333,34,2,2,3,9,5,5,5,4,56,+28.923,5546326,56,3,1:36.498,203.357,1
334,34,9,2,4,11,6,6,6,3,56,+33.219,5550622,56,7,1:36.854,202.61,1
335,34,10,7,12,12,7,7,7,2,56,+41.722,5559125,56,6,1:36.727,202.876,1
336,34,12,4,6,10,8,8,8,1,56,+56.645,5574048,56,8,1:36.996,202.313,1
337,34,20,5,15,6,9,9,9,0,56,+64.339,5581742,55,9,1:37.212,201.863,1
338,34,14,9,9,15,10,10,10,0,56,+74.842,5592245,27,14,1:37.753,200.746,1
339,34,22,11,17,13,11,11,11,0,56,+85.061,5602464,56,16,1:37.845,200.558,1
340,34,6,3,8,17,12,12,12,0,56,+90.847,5608250,54,17,1:38.019,200.202,1
341,34,7,5,14,8,13,13,13,0,56,+91.457,5608860,36,12,1:37.452,201.366,1
342,34,17,9,10,16,14,14,14,0,56,+92.422,5609825,10,13,1:37.680,200.896,1
343,34,3,3,7,14,15,15,15,0,55,\N,\N,38,10,1:37.246,201.793,11
344,34,18,11,16,18,16,16,16,0,55,\N,\N,54,15,1:37.773,200.705,11
345,34,21,10,21,20,17,17,17,0,55,\N,\N,54,18,1:38.372,199.483,11
346,34,5,1,23,5,\N,R,18,0,49,\N,\N,32,11,1:37.302,201.677,9
347,34,16,10,20,19,\N,R,19,0,13,\N,\N,13,19,1:39.683,196.86,5
348,34,15,7,11,7,\N,R,20,0,2,\N,\N,2,20,2:39.612,122.945,4
349,35,13,6,2,1,1,1,1,10,71,1:34:11.435,5651435,36,1,1:13.736,210.377,1
350,35,4,4,5,6,2,2,2,8,71,+13.298,5664733,39,8,1:14.229,208.98,1
351,35,8,6,1,3,3,3,3,6,71,+16.235,5667670,59,3,1:14.117,209.296,1
352,35,20,5,15,7,4,4,4,5,71,+38.011,5689446,25,7,1:14.214,209.022,1
353,35,1,1,22,4,5,5,5,4,71,+38.907,5690342,31,4,1:14.159,209.177,1
354,35,10,7,12,10,6,6,6,3,71,+44.368,5695803,32,2,1:14.057,209.465,1
355,35,5,1,23,5,7,7,7,2,71,+55.074,5706509,36,6,1:14.207,209.042,1
356,35,15,7,11,2,8,8,8,1,71,+68.463,5719898,40,5,1:14.167,209.155,1
357,35,17,9,10,12,9,9,9,0,71,+79.666,5731101,40,14,1:15.033,206.741,1
358,35,2,2,3,8,10,10,10,0,70,\N,\N,41,10,1:14.652,207.796,11
359,35,9,2,4,13,11,11,11,0,70,\N,\N,61,9,1:14.375,208.57,11
360,35,3,3,7,18,12,12,12,0,70,\N,\N,35,12,1:14.934,207.014,11
361,35,18,11,16,17,13,13,13,0,70,\N,\N,59,11,1:14.759,207.498,11
362,35,7,5,14,9,14,14,14,0,70,\N,\N,57,13,1:14.951,206.967,11
363,35,22,11,17,15,15,15,15,0,70,\N,\N,35,16,1:15.414,205.696,11
364,35,16,10,20,20,16,16,16,0,69,\N,\N,60,17,1:15.773,204.721,12
365,35,6,3,8,16,17,17,17,0,69,\N,\N,50,18,1:15.865,204.473,12
366,35,21,10,21,19,18,18,18,0,69,\N,\N,36,15,1:15.212,206.249,12
367,35,12,4,6,11,\N,R,19,0,0,\N,\N,\N,\N,\N,\N,3
368,35,14,9,9,14,\N,R,20,0,0,\N,\N,\N,\N,\N,\N,4
369,36,8,6,6,1,1,1,1,10,58,1:25:28.770,5128770,41,1,1:25.235,223.978,1
370,36,4,1,1,2,2,2,2,8,58,+7.242,5136012,20,2,1:26.314,221.178,1
371,36,1,1,2,4,3,3,3,6,58,+18.595,5147365,20,3,1:26.351,221.083,1
372,36,2,2,9,3,4,4,4,5,58,+38.763,5167533,37,6,1:26.722,220.137,1
373,36,21,4,3,6,5,5,5,4,58,+66.469,5195239,18,7,1:26.892,219.707,1
374,36,13,6,5,22,6,6,6,3,58,+66.805,5195575,28,8,1:27.044,219.323,1
375,36,3,3,16,12,7,7,7,2,57,\N,\N,40,5,1:26.721,220.14,11
376,36,23,7,11,9,8,8,8,1,57,\N,\N,42,12,1:27.796,217.444,11
377,36,15,7,12,8,9,9,9,0,57,\N,\N,45,13,1:28.034,216.857,11
378,36,5,4,4,13,10,10,10,0,57,\N,\N,44,10,1:27.592,217.951,11
379,36,22,11,8,16,11,11,11,0,57,\N,\N,17,14,1:28.098,216.699,11
380,36,11,8,22,10,12,12,12,0,57,\N,\N,20,18,1:28.487,215.746,11
381,36,17,9,15,7,13,13,13,0,57,\N,\N,21,9,1:27.501,218.178,11
382,36,24,5,18,19,14,14,14,0,57,\N,\N,44,15,1:28.282,216.247,11
383,36,18,11,7,14,15,15,15,0,57,\N,\N,42,17,1:28.387,215.991,11
384,36,19,8,23,11,16,16,16,0,56,\N,\N,41,19,1:28.489,215.742,12
385,36,16,12,20,20,17,17,17,0,56,\N,\N,40,20,1:28.687,215.26,12
386,36,25,3,17,15,\N,R,18,0,48,\N,\N,24,16,1:28.303,216.196,4
387,36,14,9,14,18,\N,R,19,0,48,\N,\N,44,11,1:27.706,217.668,4
388,36,9,2,10,5,\N,R,20,0,36,\N,\N,19,4,1:26.642,220.341,6
389,36,26,5,19,17,\N,R,21,0,28,\N,\N,22,21,1:28.953,214.616,29
390,36,27,12,21,21,\N,R,22,0,10,\N,\N,9,22,1:30.899,210.022,3
391,37,4,1,1,2,1,1,1,10,56,1:32:14.930,5534930,42,2,1:36.861,206.014,1
392,37,1,1,2,4,2,2,2,8,56,+17.557,5552487,22,1,1:36.701,206.355,1
393,37,8,6,6,3,3,3,3,6,56,+18.339,5553269,40,4,1:37.228,205.237,1
394,37,2,2,9,5,4,4,4,5,56,+33.777,5568707,55,5,1:37.417,204.838,1
395,37,13,6,5,1,5,5,5,4,56,+36.705,5571635,42,3,1:37.199,205.298,1
396,37,21,4,3,12,6,6,6,3,56,+65.638,5600568,44,9,1:37.879,203.872,1
397,37,15,7,12,8,7,7,7,2,56,+70.132,5605062,40,10,1:38.016,203.587,1
398,37,5,4,4,11,8,8,8,1,56,+72.015,5606945,41,7,1:37.810,204.015,1
399,37,25,3,17,19,9,9,9,0,56,+89.924,5624854,19,8,1:37.864,203.903,1
400,37,17,9,15,10,10,10,10,0,56,+93.556,5628486,55,14,1:38.540,202.504,1
401,37,22,11,8,22,11,11,11,0,55,\N,\N,32,15,1:38.566,202.451,11
402,37,18,11,7,15,12,12,12,0,55,\N,\N,54,16,1:38.658,202.262,11
403,37,11,8,22,14,13,13,13,0,55,\N,\N,37,13,1:38.496,202.595,11
404,37,26,5,19,17,14,14,14,0,55,\N,\N,54,18,1:39.098,201.364,11
405,37,23,7,11,9,15,15,15,0,55,\N,\N,52,19,1:39.243,201.07,11
406,37,19,8,23,18,16,16,16,0,55,\N,\N,32,20,1:39.566,200.417,11
407,37,24,5,18,16,17,17,17,0,55,\N,\N,21,12,1:38.447,202.695,11
408,37,9,2,10,7,18,18,18,0,55,\N,\N,53,17,1:38.874,201.82,11
409,37,3,3,16,6,\N,R,19,0,42,\N,\N,18,6,1:37.704,204.237,9
410,37,14,9,14,13,\N,R,20,0,36,\N,\N,28,11,1:38.098,203.416,23
411,37,27,12,21,20,\N,R,21,0,7,\N,\N,5,21,1:41.495,196.608,5
412,37,16,12,20,21,\N,R,22,0,0,\N,\N,\N,\N,\N,\N,4
413,38,13,6,5,1,1,1,1,10,57,1:33:27.515,5607515,42,1,1:34.067,207.12,1
414,38,1,1,2,2,2,2,2,8,57,+2.360,5609875,18,2,1:34.270,206.674,1
415,38,8,6,6,3,3,3,3,6,57,+10.839,5618354,39,3,1:34.357,206.483,1
416,38,2,2,9,5,4,4,4,5,57,+13.831,5621346,38,5,1:34.470,206.236,1
417,38,4,1,1,4,5,5,5,4,57,+14.426,5621941,46,4,1:34.420,206.346,1
418,38,9,2,10,6,6,6,6,3,57,+45.529,5653044,46,6,1:34.819,205.477,1
419,38,15,7,12,9,7,7,7,2,57,+81.371,5688886,40,7,1:35.153,204.756,1
420,38,21,4,3,7,8,8,8,1,57,+81.701,5689216,51,8,1:35.200,204.655,1
421,38,5,4,4,12,9,9,9,0,57,+89.411,5696926,27,10,1:35.475,204.065,1
422,38,3,3,16,10,10,10,10,0,57,+89.916,5697431,51,11,1:35.556,203.893,1
423,38,25,3,17,11,11,11,11,0,56,\N,\N,27,16,1:35.992,202.966,11
424,38,23,7,11,14,12,12,12,0,56,\N,\N,37,15,1:35.845,203.278,11
425,38,22,11,8,15,13,13,13,0,56,\N,\N,50,14,1:35.842,203.284,11
426,38,27,12,21,22,14,14,14,0,55,\N,\N,40,20,1:37.184,200.477,12
427,38,16,12,20,20,15,15,15,0,53,\N,\N,45,19,1:36.772,201.33,14
428,38,19,8,23,13,16,16,16,0,51,\N,\N,27,17,1:36.111,202.715,5
429,38,17,9,15,8,\N,R,17,0,41,\N,\N,37,12,1:35.705,203.575,6
430,38,14,9,14,21,\N,R,18,0,36,\N,\N,34,9,1:35.384,204.26,30
431,38,11,8,22,17,\N,R,19,0,34,\N,\N,23,18,1:36.359,202.193,5
432,38,24,5,18,18,\N,R,20,0,26,\N,\N,23,13,1:35.723,203.537,9
433,38,18,11,7,16,\N,R,21,0,0,\N,\N,\N,\N,\N,\N,4
434,38,26,5,19,19,\N,R,22,0,0,\N,\N,\N,\N,\N,\N,4
435,39,13,6,5,1,1,1,1,10,65,1:31:36.230,5496230,14,1,1:22.680,202.685,1
436,39,1,1,2,4,2,2,2,8,65,+6.790,5503020,20,2,1:22.876,202.205,1
437,39,4,1,1,2,3,3,3,6,65,+17.456,5513686,17,3,1:22.966,201.986,1
438,39,9,2,10,5,4,4,4,5,65,+31.615,5527845,20,5,1:23.129,201.59,1
439,39,14,9,14,9,5,5,5,4,65,+58.331,5554561,18,8,1:23.524,200.636,1
440,39,3,3,16,11,6,6,6,3,65,+59.538,5555768,60,10,1:23.693,200.231,1
441,39,5,4,4,8,7,7,7,2,65,+62.128,5558358,32,4,1:22.980,201.952,1
442,39,11,8,22,13,8,8,8,1,64,\N,\N,23,12,1:24.110,199.239,11
443,39,21,4,3,10,9,9,9,0,64,\N,\N,57,9,1:23.560,200.55,11
444,39,22,11,8,12,10,10,10,0,64,\N,\N,16,14,1:24.287,198.82,11
445,39,19,8,23,15,11,11,11,0,64,\N,\N,59,15,1:24.291,198.811,11
446,39,18,11,7,14,12,12,12,0,64,\N,\N,64,13,1:24.186,199.059,11
447,39,16,12,20,20,13,13,13,0,63,\N,\N,57,16,1:25.191,196.71,12
448,39,27,12,21,21,14,14,14,0,63,\N,\N,61,18,1:25.260,196.551,12
449,39,2,2,9,7,\N,R,15,0,46,\N,\N,22,7,1:23.483,200.735,6
450,39,23,7,11,17,\N,R,16,0,44,\N,\N,37,11,1:24.003,199.492,22
451,39,24,5,18,16,\N,R,17,0,19,\N,\N,18,17,1:25.207,196.673,31
452,39,26,5,19,22,\N,R,18,0,9,\N,\N,6,20,1:26.238,194.322,27
453,39,8,6,6,3,\N,R,19,0,9,\N,\N,7,6,1:23.475,200.754,22
454,39,15,7,12,6,\N,R,20,0,8,\N,\N,6,19,1:26.094,194.647,32
455,39,17,9,15,19,\N,R,21,0,7,\N,\N,4,21,1:26.323,194.131,9
456,39,25,3,17,18,\N,R,22,0,1,\N,\N,\N,\N,\N,\N,4
457,40,4,1,1,1,1,1,1,10,78,1:40:29.329,6029329,44,1,1:15.284,159.715,1
458,40,1,1,2,2,2,2,2,8,78,+4.095,6033424,28,2,1:15.372,159.528,1
459,40,13,6,5,3,3,3,3,6,78,+69.114,6098443,47,4,1:16.183,157.83,1
460,40,21,4,3,4,4,4,4,5,77,\N,\N,54,5,1:16.254,157.683,11
461,40,9,2,10,8,5,5,5,4,77,\N,\N,39,3,1:16.006,158.198,11
462,40,2,2,9,7,6,6,6,3,77,\N,\N,30,12,1:17.041,156.072,11
463,40,25,3,17,11,7,7,7,2,77,\N,\N,40,7,1:16.658,156.852,11
464,40,8,6,6,16,8,8,8,1,77,\N,\N,62,6,1:16.592,156.987,11
465,40,26,5,19,18,9,9,9,0,77,\N,\N,73,10,1:16.867,156.426,11
466,40,22,11,8,9,10,10,10,0,77,\N,\N,69,13,1:17.080,155.993,11
467,40,18,11,7,10,11,11,11,0,77,\N,\N,40,9,1:16.802,156.558,11
468,40,3,3,16,5,12,12,12,0,77,\N,\N,70,11,1:16.991,156.174,11
469,40,5,4,4,15,13,13,13,0,76,\N,\N,72,14,1:17.100,155.953,5
470,40,14,9,14,13,14,14,14,0,76,\N,\N,75,8,1:16.786,156.591,12
471,40,15,7,12,14,15,15,15,0,76,\N,\N,53,18,1:17.495,155.158,12
472,40,23,7,11,20,16,16,16,0,76,\N,\N,47,17,1:17.231,155.688,12
473,40,11,8,22,21,17,17,17,0,76,\N,\N,74,15,1:17.183,155.785,12
474,40,19,8,23,17,18,18,18,0,76,\N,\N,63,16,1:17.223,155.704,12
475,40,27,12,21,22,19,19,19,0,70,\N,\N,70,20,1:17.689,154.77,30
476,40,16,12,20,19,\N,R,20,0,53,\N,\N,34,19,1:17.678,154.792,3
477,40,17,9,15,6,\N,R,21,0,17,\N,\N,17,21,1:18.998,152.206,6
478,40,24,5,18,12,\N,R,22,0,2,\N,\N,\N,\N,\N,\N,3
479,41,1,1,2,1,1,1,1,10,70,1:44:11.292,6251292,37,2,1:16.494,205.239,1
480,41,2,2,9,3,2,2,2,8,70,+4.343,6255635,19,3,1:16.696,204.699,1
481,41,25,3,17,19,3,3,3,6,70,+5.325,6256617,67,11,1:17.947,201.413,1
482,41,5,4,4,22,4,4,4,5,70,+6.729,6258021,67,13,1:18.368,200.331,1
483,41,8,6,6,4,5,5,5,4,70,+13.007,6264299,21,5,1:16.861,204.259,1
484,41,11,8,22,11,6,6,6,3,70,+16.698,6267990,47,12,1:18.035,201.186,1
485,41,4,1,1,2,7,7,7,2,70,+21.936,6273228,46,1,1:16.367,205.58,1
486,41,23,7,11,18,8,8,8,1,70,+22.888,6274180,38,10,1:17.910,201.509,1
487,41,17,9,15,6,9,9,9,0,70,+22.960,6274252,47,9,1:17.618,202.267,1
488,41,3,3,16,7,10,10,10,0,70,+23.984,6275276,42,6,1:17.156,203.478,1
489,41,19,8,23,17,11,11,11,0,70,+24.318,6275610,36,15,1:18.780,199.284,1
490,41,22,11,8,13,12,12,12,0,70,+30.439,6281731,62,14,1:18.543,199.885,1
491,41,15,7,12,10,\N,R,13,0,58,\N,\N,12,17,1:19.092,198.497,3
492,41,24,5,18,12,\N,R,14,0,54,\N,\N,9,19,1:19.375,197.79,3
493,41,27,12,21,21,\N,R,15,0,47,\N,\N,21,18,1:19.254,198.092,33
494,41,14,9,14,14,\N,R,16,0,36,\N,\N,19,16,1:18.981,198.776,6
495,41,9,2,10,8,\N,R,17,0,26,\N,\N,19,8,1:17.529,202.499,3
496,41,16,12,20,20,\N,R,18,0,21,\N,\N,20,20,1:19.452,197.598,3
497,41,26,5,19,16,\N,R,19,0,8,\N,\N,6,21,1:20.092,196.019,3
498,41,18,11,7,15,\N,R,20,0,0,\N,\N,\N,\N,\N,\N,6
499,41,13,6,5,5,\N,D,21,0,51,\N,\N,22,4,1:16.849,204.291,2
500,41,21,4,3,9,\N,D,22,0,51,\N,\N,22,7,1:17.411,202.808,2
501,42,1,1,2,1,1,1,1,10,73,1:31:09.965,5469965,20,2,1:13.222,206.101,1
502,42,4,1,1,2,2,2,2,8,73,+1.518,5471483,21,3,1:13.257,206.003,1
503,42,13,6,5,3,3,3,3,6,73,+12.842,5482807,50,4,1:13.380,205.658,1
504,42,8,6,6,4,4,4,4,5,73,+15.422,5485387,49,1,1:13.117,206.397,1
505,42,5,4,4,6,5,5,5,4,73,+41.402,5511367,67,7,1:13.998,203.94,1
506,42,15,7,12,8,6,6,6,3,73,+66.703,5536668,30,10,1:14.016,203.891,1
507,42,17,9,15,9,7,7,7,2,73,+67.331,5537296,57,8,1:14.004,203.924,1
508,42,20,2,10,7,8,8,8,1,73,+67.783,5537748,53,6,1:13.862,204.316,1
509,42,21,4,3,10,9,9,9,0,72,\N,\N,67,9,1:14.009,203.91,11
510,42,25,3,17,17,10,10,10,0,72,\N,\N,41,13,1:14.486,202.604,11
511,42,19,8,23,16,11,11,11,0,72,\N,\N,55,12,1:14.066,203.753,11
512,42,18,11,7,13,12,12,12,0,72,\N,\N,42,14,1:14.703,202.015,11
513,42,26,5,19,20,13,13,13,0,71,\N,\N,66,16,1:15.092,200.969,12
514,42,16,12,20,21,14,14,14,0,71,\N,\N,49,15,1:14.858,201.597,12
515,42,27,12,21,22,15,15,15,0,70,\N,\N,65,18,1:15.902,198.824,13
516,42,3,3,16,14,16,16,16,0,68,\N,\N,34,11,1:14.066,203.753,5
517,42,24,5,18,19,17,17,17,0,68,\N,\N,64,17,1:15.426,200.079,34
518,42,2,2,9,5,\N,R,18,0,56,\N,\N,20,5,1:13.414,205.562,7
519,42,11,8,22,18,\N,R,19,0,13,\N,\N,8,19,1:16.680,196.807,20
520,42,14,9,14,11,\N,R,20,0,0,\N,\N,\N,\N,\N,\N,4
521,42,22,11,8,15,\N,R,21,0,0,\N,\N,\N,\N,\N,\N,4
522,42,23,7,11,12,\N,R,22,0,0,\N,\N,\N,\N,\N,\N,4
523,43,8,6,6,3,1,1,1,10,70,1:30:54.200,5454200,20,2,1:16.207,208.374,1
524,43,13,6,5,1,2,2,2,8,70,+2.414,5456614,42,1,1:16.099,208.67,1
525,43,1,1,2,2,3,3,3,6,70,+32.153,5486353,39,4,1:16.587,207.34,1
526,43,9,2,10,4,4,4,4,5,70,+41.727,5495927,44,10,1:17.153,205.819,1
527,43,2,2,9,7,5,5,5,4,70,+48.801,5503001,70,7,1:16.875,206.563,1
528,43,21,4,3,5,6,6,6,3,70,+52.210,5506410,70,5,1:16.703,207.027,1
529,43,4,1,1,10,7,7,7,2,70,+56.516,5510716,36,3,1:16.495,207.59,1
530,43,18,11,7,12,8,8,8,1,70,+58.885,5513085,70,6,1:16.770,206.846,1
531,43,3,3,16,9,9,9,9,0,70,+68.505,5522705,69,9,1:17.011,206.199,1
532,43,23,7,11,11,10,10,10,0,69,\N,\N,68,8,1:16.966,206.319,11
533,43,22,11,8,13,11,11,11,0,69,\N,\N,68,12,1:17.220,205.641,11
534,43,17,9,15,14,12,12,12,0,69,\N,\N,69,14,1:17.249,205.563,11
535,43,14,9,14,16,13,13,13,0,69,\N,\N,68,15,1:17.447,205.038,11
536,43,25,3,17,18,14,14,14,0,69,\N,\N,69,13,1:17.240,205.587,11
537,43,5,4,4,6,15,15,15,0,69,\N,\N,69,11,1:17.206,205.678,11
538,43,11,8,22,22,16,16,16,0,68,\N,\N,39,16,1:17.796,204.118,12
539,43,16,12,20,21,17,17,17,0,68,\N,\N,27,18,1:18.091,203.347,12
540,43,26,5,19,15,\N,R,18,0,55,\N,\N,51,17,1:17.934,203.757,6
541,43,27,12,21,20,\N,R,19,0,28,\N,\N,27,19,1:18.955,201.122,35
542,43,19,8,23,19,\N,R,20,0,1,\N,\N,\N,\N,\N,\N,4
543,43,15,7,12,8,\N,R,21,0,1,\N,\N,\N,\N,\N,\N,4
544,43,24,5,18,17,\N,R,22,0,0,\N,\N,\N,\N,\N,\N,4
545,44,8,6,6,2,1,1,1,10,59,1:21:43.074,4903074,17,1,1:20.638,229.514,1
546,44,4,1,1,3,2,2,2,8,59,+2.459,4905533,35,3,1:21.117,228.159,1
547,44,1,1,2,1,3,3,3,6,59,+39.373,4942447,11,4,1:21.675,226.6,1
548,44,9,2,10,5,4,4,4,5,59,+53.319,4956393,14,6,1:22.105,225.413,1
549,44,13,6,5,4,5,5,5,4,59,+54.063,4957137,17,2,1:20.858,228.89,1
550,44,2,2,9,9,6,6,6,3,59,+56.336,4959410,17,5,1:21.991,225.727,1
551,44,5,4,4,7,7,7,7,2,58,\N,\N,11,9,1:22.552,224.193,11
552,44,21,4,3,8,8,8,8,1,58,\N,\N,13,7,1:22.136,225.328,11
553,44,22,11,8,14,9,9,9,0,58,\N,\N,28,13,1:23.387,221.948,11
554,44,18,11,7,18,10,10,10,0,58,\N,\N,29,16,1:23.581,221.433,11
555,44,14,9,14,12,11,11,11,0,58,\N,\N,40,12,1:23.118,222.666,11
556,44,3,3,16,17,12,12,12,0,58,\N,\N,49,11,1:22.896,223.262,11
557,44,25,3,17,13,13,13,13,0,58,\N,\N,57,10,1:22.693,223.81,11
558,44,11,8,22,21,14,14,14,0,57,\N,\N,42,14,1:23.413,221.879,12
559,44,27,12,21,22,15,15,15,0,57,\N,\N,56,21,1:24.390,219.31,12
560,44,24,5,18,16,16,16,16,0,53,\N,\N,46,17,1:23.628,221.308,6
561,44,15,7,12,10,\N,R,17,0,43,\N,\N,17,18,1:23.708,221.097,31
562,44,19,8,23,19,\N,R,18,0,35,\N,\N,26,20,1:24.144,219.951,26
563,44,26,5,19,15,\N,R,19,0,29,\N,\N,19,15,1:23.570,221.462,3
564,44,23,7,11,6,\N,R,20,0,22,\N,\N,12,8,1:22.510,224.307,36
565,44,16,12,20,20,\N,R,21,0,16,\N,\N,16,22,1:25.015,217.698,5
566,44,17,9,15,11,\N,R,22,0,8,\N,\N,6,19,1:23.767,220.941,9
567,45,4,1,1,2,1,1,1,10,60,2:06:26.358,7586358,35,2,1:33.231,198.783,1
568,45,13,6,5,3,2,2,2,8,60,+8.155,7594513,34,1,1:32.853,199.592,1
569,45,17,9,15,6,3,3,3,6,60,+65.674,7652032,29,8,1:34.449,196.22,1
570,45,25,3,17,12,4,4,4,5,60,+65.937,7652295,33,5,1:34.235,196.665,1
571,45,14,9,14,20,5,5,5,4,60,+73.656,7660014,48,6,1:34.316,196.496,1
572,45,2,2,9,4,6,6,6,3,60,+80.298,7666656,49,7,1:34.354,196.417,1
573,45,9,2,10,5,7,7,7,2,60,+82.415,7668773,49,9,1:34.451,196.216,1
574,45,5,4,4,7,8,8,8,1,59,\N,\N,48,11,1:34.603,195.9,11
575,45,1,1,2,10,9,9,9,0,59,\N,\N,29,3,1:33.401,198.421,11
576,45,21,4,3,13,10,10,10,0,59,\N,\N,48,12,1:34.893,195.302,11
577,45,22,11,8,14,11,11,11,0,59,\N,\N,37,14,1:35.632,193.792,11
578,45,19,8,23,15,12,12,12,0,59,\N,\N,46,13,1:35.282,194.504,11
579,45,15,7,12,8,13,13,13,0,59,\N,\N,29,10,1:34.496,196.122,11
580,45,8,6,6,1,\N,R,14,0,34,\N,\N,32,4,1:33.904,197.359,9
581,45,11,8,22,16,\N,R,15,0,19,\N,\N,18,16,1:37.401,190.273,31
582,45,23,7,11,9,\N,R,16,0,18,\N,\N,18,15,1:36.195,192.658,4
583,45,28,12,21,22,\N,R,17,0,13,\N,\N,13,17,1:42.783,180.309,9
584,45,18,11,7,17,\N,R,18,0,2,\N,\N,2,18,2:20.041,132.338,20
585,45,16,12,20,21,\N,R,19,0,2,\N,\N,2,19,2:25.798,127.112,20
586,45,3,3,16,11,\N,R,20,0,2,\N,\N,2,20,2:50.950,108.41,20
587,45,26,5,19,18,\N,R,21,0,2,\N,\N,2,21,3:01.900,101.884,20
588,45,24,5,18,19,\N,R,22,0,2,\N,\N,2,22,3:22.300,91.61,20
589,46,1,1,2,1,1,1,1,10,70,1:35:52.991,5752991,13,2,1:20.171,196.724,1
590,46,8,6,6,3,2,2,2,8,70,+0.715,5753706,70,1,1:20.047,197.029,1
591,46,2,2,9,2,3,3,3,6,70,+43.129,5796120,16,5,1:20.582,195.721,1
592,46,4,1,1,6,4,4,4,5,70,+44.858,5797849,49,3,1:20.324,196.349,1
593,46,9,2,10,7,5,5,5,4,70,+47.616,5800607,40,4,1:20.419,196.117,1
594,46,23,7,11,5,6,6,6,3,70,+50.669,5803660,69,9,1:20.961,194.804,1
595,46,3,3,16,4,7,7,7,2,70,+59.139,5812130,68,6,1:20.672,195.502,1
596,46,5,4,4,11,8,8,8,1,70,+68.104,5821095,69,8,1:20.935,194.867,1
597,46,17,9,15,9,9,9,9,0,70,+76.331,5829322,63,7,1:20.915,194.915,1
598,46,15,7,12,8,10,10,10,0,69,\N,\N,48,12,1:21.253,194.104,11
599,46,14,9,14,10,11,11,11,0,69,\N,\N,67,14,1:21.553,193.39,11
600,46,21,4,3,13,12,12,12,0,69,\N,\N,66,15,1:21.695,193.054,11
601,46,13,6,5,14,13,13,13,0,69,\N,\N,37,11,1:20.981,194.756,11
602,46,25,3,17,12,14,14,14,0,69,\N,\N,49,13,1:21.264,194.078,11
603,46,11,8,22,19,15,15,15,0,69,\N,\N,66,10,1:20.980,194.759,11
604,46,20,5,19,20,16,16,16,0,69,\N,\N,65,16,1:21.915,192.536,11
605,46,16,12,20,21,17,17,17,0,68,\N,\N,67,19,1:22.263,191.721,12
606,46,22,11,8,18,18,18,18,0,68,\N,\N,34,17,1:22.004,192.327,12
607,46,24,5,18,16,\N,R,19,0,42,\N,\N,35,20,1:22.410,191.379,10
608,46,19,8,23,15,\N,R,20,0,41,\N,\N,39,18,1:22.166,191.948,3
609,46,18,11,7,17,\N,R,21,0,35,\N,\N,25,21,1:22.906,190.234,37
610,46,29,12,21,22,\N,R,22,0,4,\N,\N,4,22,1:26.741,181.824,3
611,47,13,6,5,1,1,1,1,10,58,1:26:42.161,5202161,18,2,1:27.922,218.566,1
612,47,8,6,6,3,2,2,2,8,58,+2.275,5204436,57,1,1:27.295,220.136,1
613,47,4,1,1,4,3,3,3,6,58,+26.181,5228342,39,4,1:28.070,218.199,1
614,47,2,2,9,6,4,4,4,5,58,+39.674,5241835,39,5,1:28.319,217.583,1
615,47,1,1,2,2,5,5,5,4,58,+45.085,5247246,17,3,1:27.963,218.464,1
616,47,5,4,4,7,6,6,6,3,58,+46.169,5248330,20,7,1:28.603,216.886,1
617,47,3,3,16,8,7,7,7,2,58,+55.778,5257939,37,6,1:28.536,217.05,1
618,47,9,2,10,5,8,8,8,1,58,+56.707,5258868,11,11,1:28.918,216.118,1
619,47,21,4,3,10,9,9,9,0,58,+59.491,5261652,56,9,1:28.793,216.422,1
620,47,14,9,14,13,10,10,10,0,58,+71.009,5273170,54,13,1:29.068,215.754,1
621,47,25,3,17,14,11,11,11,0,58,+79.628,5281789,55,8,1:28.737,216.559,1
622,47,23,7,11,16,12,12,12,0,57,\N,\N,55,12,1:28.924,216.103,11
623,47,18,11,7,21,13,13,13,0,57,\N,\N,34,10,1:28.873,216.227,11
624,47,19,8,23,11,14,14,14,0,57,\N,\N,38,17,1:29.658,214.334,11
625,47,24,5,18,15,15,15,15,0,57,\N,\N,56,16,1:29.563,214.561,11
626,47,15,7,12,9,16,16,16,0,57,\N,\N,39,14,1:29.459,214.811,11
627,47,22,11,8,22,17,17,17,0,57,\N,\N,35,15,1:29.513,214.681,11
628,47,11,8,22,17,18,18,18,0,57,\N,\N,56,18,1:29.916,213.719,11
629,47,20,5,19,18,19,19,19,0,57,\N,\N,39,19,1:29.983,213.56,11
630,47,29,12,21,20,20,20,20,0,56,\N,\N,21,22,1:30.951,211.287,12
631,47,16,12,20,19,21,21,21,0,53,\N,\N,52,20,1:30.617,212.066,32
632,47,17,9,15,12,\N,R,22,0,9,\N,\N,4,21,1:30.808,211.62,9
633,48,4,1,1,1,1,1,1,10,53,1:18:37.806,4717806,15,1,1:22.871,251.653,1
634,48,1,1,2,2,2,2,2,8,53,+6.062,4723868,17,2,1:22.936,251.456,1
635,48,8,6,6,5,3,3,3,6,53,+27.325,4745131,21,3,1:23.370,250.147,1
636,48,2,2,9,4,4,4,4,5,53,+56.562,4774368,19,4,1:23.681,249.217,1
637,48,9,2,10,6,5,5,5,4,53,+60.558,4778364,22,5,1:23.908,248.543,1
638,48,3,3,16,8,6,6,6,3,53,+65.810,4783616,52,8,1:24.472,246.884,1
639,48,5,4,4,7,7,7,7,2,53,+66.751,4784557,53,7,1:24.226,247.605,1
640,48,18,11,7,10,8,8,8,1,53,+72.168,4789974,32,9,1:24.532,246.708,1
641,48,17,9,15,11,9,9,9,0,53,+75.879,4793685,46,13,1:24.824,245.859,1
642,48,22,11,8,12,10,10,10,0,53,+76.958,4794764,52,12,1:24.767,246.024,1
643,48,15,7,12,9,11,11,11,0,53,+77.736,4795542,49,10,1:24.622,246.446,1
644,48,21,4,3,15,12,12,12,0,52,\N,\N,32,14,1:24.849,245.787,11
645,48,25,3,17,13,13,13,13,0,52,\N,\N,42,16,1:25.000,245.35,11
646,48,19,8,23,14,14,14,14,0,52,\N,\N,46,17,1:25.116,245.016,11
647,48,23,7,11,18,15,15,15,0,52,\N,\N,49,15,1:24.951,245.492,11
648,48,11,8,22,17,16,16,16,0,52,\N,\N,49,11,1:24.669,246.309,11
649,48,24,5,18,19,17,17,17,0,52,\N,\N,45,19,1:25.373,244.278,11
650,48,20,5,19,16,18,18,18,0,52,\N,\N,47,18,1:25.313,244.45,11
651,48,16,12,20,21,19,19,19,0,52,\N,\N,30,20,1:25.377,244.267,11
652,48,29,12,21,22,20,20,20,0,52,\N,\N,34,21,1:25.478,243.978,11
653,48,13,6,5,3,\N,R,21,0,10,\N,\N,8,6,1:23.971,248.357,22
654,48,14,9,14,20,\N,R,22,0,1,\N,\N,\N,\N,\N,\N,3
655,49,8,6,6,1,1,1,1,10,44,1:20:39.066,4839066,12,2,1:48.095,233.261,1
656,49,13,6,5,2,2,2,2,8,44,+4.695,4843761,34,1,1:48.036,233.388,1
657,49,4,1,1,3,3,3,3,6,44,+14.343,4853409,44,3,1:48.182,233.073,1
658,49,1,1,2,4,4,4,4,5,44,+23.615,4862681,41,4,1:48.215,233.002,1
659,49,2,2,9,6,5,5,5,4,44,+51.879,4890945,33,5,1:48.663,232.042,1
660,49,3,3,16,5,6,6,6,3,44,+76.876,4915942,29,9,1:49.769,229.704,1
661,49,17,9,15,7,7,7,7,2,44,+80.639,4919705,12,11,1:50.049,229.119,1
662,49,5,4,4,9,8,8,8,1,44,+85.106,4924172,21,8,1:49.600,230.058,1
663,49,9,2,10,14,9,9,9,0,44,+85.661,4924727,32,6,1:48.894,231.549,1
664,49,23,7,11,10,10,10,10,0,44,+88.574,4927640,43,10,1:50.022,229.175,1
665,49,15,7,12,8,11,11,11,0,44,+103.653,4942719,43,7,1:48.990,231.345,1
666,49,24,5,18,13,12,12,12,0,43,\N,\N,40,13,1:50.730,227.71,11
667,49,22,11,8,17,13,13,13,0,43,\N,\N,43,12,1:50.678,227.817,11
668,49,16,12,20,19,14,14,14,0,43,\N,\N,29,15,1:50.902,227.357,11
669,49,11,8,22,18,15,15,15,0,43,\N,\N,32,14,1:50.886,227.39,11
670,49,19,8,23,20,16,16,16,0,43,\N,\N,43,19,1:51.391,226.359,11
671,49,29,12,21,21,17,17,17,0,43,\N,\N,30,20,1:51.648,225.838,11
672,49,18,11,7,12,\N,R,18,0,36,\N,\N,22,16,1:51.141,226.868,9
673,49,25,3,17,15,\N,R,19,0,34,\N,\N,18,18,1:51.270,226.605,32
674,49,14,9,14,11,\N,R,20,0,29,\N,\N,24,17,1:51.156,226.837,9
675,49,20,5,19,16,\N,R,21,0,8,\N,\N,4,21,1:52.724,223.682,38
676,49,21,4,3,22,\N,R,22,0,1,\N,\N,\N,\N,\N,\N,22
677,50,1,1,2,1,1,1,1,10,67,2:00:34.579,7234579,27,1,1:28.193,186.259,1
678,50,5,4,4,11,2,2,2,8,67,+8.377,7242956,34,9,1:29.655,183.222,1
679,50,8,6,6,3,3,3,3,6,67,+9.478,7244057,29,8,1:29.619,183.295,1
680,50,14,9,14,12,4,4,4,5,67,+20.297,7254876,56,11,1:30.086,182.345,1
681,50,21,4,3,10,5,5,5,4,67,+38.864,7273443,33,12,1:30.387,181.738,1
682,50,13,6,5,4,6,6,6,3,67,+49.042,7283621,32,7,1:29.588,183.359,1
683,50,9,2,10,9,7,7,7,2,67,+49.285,7283864,32,4,1:29.021,184.527,1
684,50,16,12,20,20,8,8,8,1,67,+60.129,7294708,54,18,1:31.891,178.763,1
685,50,24,5,18,14,9,9,9,0,67,+80.622,7315201,35,13,1:30.653,181.205,1
686,50,22,11,8,17,10,10,10,0,67,+88.342,7322921,57,15,1:31.060,180.395,1
687,50,18,11,7,6,11,11,11,0,66,\N,\N,58,19,1:31.951,178.647,22
688,50,29,12,21,22,12,12,12,0,66,\N,\N,33,20,1:32.130,178.3,11
689,50,15,7,12,13,13,13,13,0,66,\N,\N,55,21,1:32.414,177.752,11
690,50,2,2,9,5,14,14,14,0,65,\N,\N,28,6,1:29.084,184.396,39
691,50,11,8,22,21,15,15,15,0,65,\N,\N,54,16,1:31.507,179.514,4
692,50,23,7,11,15,\N,R,16,0,55,\N,\N,33,14,1:30.865,180.782,29
693,50,19,8,23,19,\N,R,17,0,54,\N,\N,27,17,1:31.803,178.935,37
694,50,3,3,16,16,\N,R,18,0,49,\N,\N,27,10,1:29.926,182.67,40
695,50,20,5,19,8,\N,R,19,0,46,\N,\N,31,5,1:29.057,184.452,4
696,50,17,9,15,7,\N,R,20,0,45,\N,\N,30,3,1:28.940,184.695,4
697,50,4,1,1,2,\N,R,21,0,41,\N,\N,25,2,1:28.511,185.59,3
698,50,25,3,17,18,\N,R,22,0,19,\N,\N,19,22,2:05.636,130.749,4
699,51,8,6,6,2,1,1,1,10,56,1:37:58.395,5878395,52,3,1:38.285,199.66,1
700,51,4,1,1,4,2,2,2,8,56,+9.806,5888201,54,2,1:37.991,200.259,1
701,51,13,6,5,3,3,3,3,6,56,+12.891,5891286,56,1,1:37.454,201.362,1
702,51,20,5,19,17,4,4,4,5,56,+53.509,5931904,52,13,1:39.890,196.452,1
703,51,18,11,7,10,5,5,5,4,56,+68.666,5947061,39,5,1:38.913,198.392,1
704,51,24,5,18,11,6,6,6,3,56,+73.673,5952068,53,11,1:39.654,196.917,1
705,51,2,2,9,8,7,7,7,2,56,+74.224,5952619,55,7,1:39.325,197.569,1
706,51,14,9,14,5,8,8,8,1,56,+80.750,5959145,55,10,1:39.640,196.945,1
707,51,5,4,4,13,9,9,9,0,56,+81.186,5959581,52,8,1:39.331,197.557,1
708,51,17,9,15,7,10,10,10,0,56,+84.685,5963080,55,9,1:39.371,197.478,1
709,51,21,4,3,18,11,11,11,0,56,+86.683,5965078,39,4,1:38.900,198.418,1
710,51,25,3,17,19,12,12,12,0,55,\N,\N,54,12,1:39.743,196.741,11
711,51,15,7,12,12,13,13,13,0,55,\N,\N,55,14,1:39.911,196.41,11
712,51,11,8,22,20,14,14,14,0,55,\N,\N,54,15,1:40.126,195.989,11
713,51,22,11,8,16,15,15,15,0,55,\N,\N,55,16,1:40.516,195.228,11
714,51,3,3,16,15,16,16,16,0,54,\N,\N,54,6,1:39.233,197.752,12
715,51,29,12,21,22,17,17,17,0,53,\N,\N,52,17,1:40.764,194.748,13
716,51,9,2,10,9,\N,R,18,0,33,\N,\N,32,18,1:40.926,194.435,9
717,51,1,1,2,1,\N,R,19,0,30,\N,\N,22,19,1:43.131,190.278,20
718,51,23,7,11,6,\N,R,20,0,25,\N,\N,25,20,1:44.062,188.576,20
719,51,16,12,20,21,\N,R,21,0,24,\N,\N,22,21,1:47.603,182.37,3
720,51,19,8,23,14,\N,R,22,0,11,\N,\N,9,22,1:51.765,175.579,23
721,52,8,6,6,3,1,1,1,10,71,1:28:15.270,5295270,66,1,1:12.445,214.126,1
722,52,13,6,5,1,2,2,2,8,71,+1.493,5296763,71,3,1:12.584,213.716,1
723,52,4,1,1,4,3,3,3,6,71,+57.019,5352289,59,6,1:13.150,212.062,1
724,52,3,3,16,10,4,4,4,5,71,+62.848,5358118,56,7,1:13.159,212.036,1
725,52,9,2,10,7,5,5,5,4,71,+70.957,5366227,61,4,1:12.686,213.416,1
726,52,2,2,9,6,6,6,6,3,71,+71.317,5366587,53,10,1:13.452,211.19,1
727,52,1,1,2,2,7,7,7,2,70,\N,\N,58,2,1:12.506,213.946,11
728,52,15,7,12,8,8,8,8,1,70,\N,\N,68,8,1:13.361,211.452,11
729,52,14,9,14,9,9,9,9,0,70,\N,\N,22,13,1:14.195,209.076,11
730,52,6,3,17,19,10,10,10,0,70,\N,\N,69,5,1:13.116,212.161,11
731,52,23,7,11,15,11,11,11,0,70,\N,\N,65,9,1:13.368,211.432,11
732,52,11,8,22,18,12,12,12,0,69,\N,\N,39,19,1:14.914,207.069,12
733,52,24,5,18,14,13,13,13,0,69,\N,\N,56,11,1:13.643,210.643,12
734,52,19,8,23,20,14,14,14,0,68,\N,\N,64,14,1:14.329,208.699,13
735,52,16,12,20,21,\N,R,15,0,43,\N,\N,13,20,1:15.202,206.276,23
736,52,22,11,8,11,\N,R,16,0,40,\N,\N,32,17,1:14.742,207.545,5
737,52,5,4,4,17,\N,R,17,0,35,\N,\N,31,18,1:14.891,207.133,3
738,52,20,5,19,13,\N,R,18,0,34,\N,\N,18,16,1:14.423,208.435,9
739,52,18,11,7,16,\N,R,19,0,20,\N,\N,20,12,1:14.039,209.516,5
740,52,17,9,15,5,\N,R,20,0,14,\N,\N,13,15,1:14.398,208.505,6
741,52,29,12,21,22,\N,R,21,0,2,\N,\N,2,21,1:50.404,140.505,4
742,52,21,4,3,12,\N,R,22,0,2,\N,\N,2,22,2:02.680,126.446,4
743,53,4,4,1,4,1,1,1,10,57,1:29:46.205,5386205,21,3,1:32.534,210.551,1
744,53,30,6,5,1,2,2,2,8,57,+1.246,5387451,38,2,1:32.523,210.576,1
745,53,8,1,3,22,3,3,3,6,57,+19.360,5405565,29,8,1:32.864,209.803,1
746,53,18,11,12,3,4,4,4,5,57,+19.992,5406197,39,5,1:32.729,210.109,1
747,53,31,1,4,5,5,5,5,4,57,+37.048,5423253,21,7,1:32.771,210.013,1
748,53,17,3,9,7,6,6,6,3,57,+41.932,5428137,25,4,1:32.660,210.265,1
749,53,3,3,10,12,7,7,7,2,57,+63.043,5449248,42,1,1:32.408,210.838,1
750,53,32,9,15,8,8,8,8,1,57,+66.771,5452976,40,10,1:33.212,209.02,1
751,53,13,6,6,2,9,9,9,0,57,+69.907,5456112,28,6,1:32.739,210.086,1
752,53,14,9,14,13,10,10,10,0,57,+75.541,5461746,26,11,1:33.376,208.653,1
753,53,24,5,20,15,11,11,11,0,57,+85.997,5472202,26,12,1:33.480,208.421,1
754,53,2,2,16,10,12,12,12,0,56,\N,\N,26,14,1:33.772,207.772,11
755,53,26,5,21,16,13,13,13,0,56,\N,\N,45,9,1:33.108,209.253,11
756,53,23,7,7,17,14,14,14,0,56,\N,\N,25,16,1:34.112,207.021,11
757,53,22,11,11,6,15,15,15,0,56,\N,\N,14,15,1:33.840,207.621,11
758,53,15,7,8,14,16,16,16,0,56,\N,\N,24,18,1:34.852,205.406,11
759,53,33,13,18,19,17,17,17,0,55,\N,\N,41,19,1:35.940,203.076,12
760,53,11,8,22,20,18,18,18,0,53,\N,\N,17,20,1:37.104,200.642,14
761,53,34,8,23,21,\N,R,19,0,35,\N,\N,11,21,1:38.302,198.197,26
762,53,35,2,17,11,\N,R,20,0,29,\N,\N,20,13,1:33.694,207.945,5
763,53,21,4,2,9,\N,R,21,0,21,\N,\N,15,17,1:34.320,206.564,9
764,53,27,13,19,18,\N,R,22,0,0,\N,\N,\N,\N,\N,\N,30
765,54,21,4,2,1,1,1,1,10,56,1:30:40.529,5440529,16,2,1:35.294,209.402,1
766,54,4,4,1,7,2,2,2,8,56,+4.585,5445114,45,1,1:34.803,210.487,1
767,54,18,11,12,2,3,3,3,6,56,+9.631,5450160,35,4,1:35.604,208.723,1
768,54,31,1,4,5,4,4,4,5,56,+39.351,5479880,39,3,1:35.566,208.806,1
769,54,13,6,6,21,5,5,5,4,56,+43.254,5483783,51,8,1:35.954,207.962,1
770,54,30,6,5,14,6,6,6,3,56,+43.854,5484383,44,5,1:35.647,208.629,1
771,54,35,2,17,10,7,7,7,2,56,+80.461,5520990,43,9,1:36.002,207.858,1
772,54,23,7,7,22,8,8,8,1,56,+81.288,5521817,34,6,1:35.686,208.544,1
773,54,15,7,8,9,9,9,9,0,55,\N,\N,52,11,1:36.380,207.042,11
774,54,22,11,11,20,10,10,10,0,55,\N,\N,54,10,1:36.188,207.456,11
775,54,24,5,20,13,11,11,11,0,54,\N,\N,40,16,1:37.387,204.902,12
776,54,27,13,19,15,12,12,12,0,54,\N,\N,34,18,1:38.198,203.209,12
777,54,33,13,18,16,13,13,13,0,54,\N,\N,39,19,1:39.510,200.53,12
778,54,11,8,22,17,14,14,14,0,53,\N,\N,14,20,1:40.199,199.151,13
779,54,2,2,16,11,\N,R,15,0,48,\N,\N,41,7,1:35.751,208.403,5
780,54,26,5,21,12,\N,R,16,0,41,\N,\N,25,14,1:37.313,205.057,8
781,54,34,8,23,18,\N,R,17,0,33,\N,\N,18,21,1:42.833,194.05,26
782,54,32,9,15,8,\N,R,18,0,26,\N,\N,14,13,1:36.867,206.002,9
783,54,17,3,9,4,\N,R,19,0,15,\N,\N,12,12,1:36.771,206.206,9
784,54,14,9,14,19,\N,R,20,0,10,\N,\N,4,17,1:38.078,203.458,9
785,54,3,3,10,3,\N,R,21,0,6,\N,\N,6,15,1:37.366,204.946,5
786,54,8,1,3,6,\N,R,22,0,0,\N,\N,\N,\N,\N,\N,3
787,55,4,4,1,3,1,1,1,10,57,1:34:27.870,5667870,49,2,1:26.189,221.499,1
788,55,8,1,3,4,2,2,2,8,57,+1.829,5669699,57,1,1:26.045,221.869,1
789,55,23,7,7,6,3,3,3,6,57,+24.824,5692694,45,10,1:27.810,217.41,1
790,55,2,2,16,8,4,4,4,5,57,+31.032,5698902,49,7,1:27.700,217.683,1
791,55,21,4,2,2,5,5,5,4,57,+38.421,5706291,53,5,1:27.561,218.028,1
792,55,35,2,17,19,6,6,6,3,57,+49.554,5717424,56,13,1:28.321,216.152,1
793,55,22,11,11,16,7,7,7,2,57,+51.904,5719774,32,6,1:27.690,217.707,1
794,55,14,9,14,11,8,8,8,1,57,+53.983,5721853,32,12,1:28.250,216.326,1
795,55,26,5,21,18,9,9,9,0,57,+78.817,5746687,26,14,1:28.367,216.039,1
796,55,18,11,12,1,10,10,10,0,56,\N,\N,17,8,1:27.799,217.437,11
797,55,27,13,19,17,11,11,11,0,56,\N,\N,53,15,1:29.238,213.931,11
798,55,11,8,22,21,12,12,12,0,55,\N,\N,54,17,1:30.574,210.775,12
799,55,34,8,23,22,13,13,13,0,54,\N,\N,49,18,1:33.737,203.663,13
800,55,31,1,4,5,\N,R,14,0,46,\N,\N,45,4,1:27.464,218.27,10
801,55,33,13,18,20,\N,R,15,0,39,\N,\N,31,16,1:29.687,212.86,26
802,55,24,5,20,12,\N,R,16,0,37,\N,\N,25,11,1:27.988,216.97,3
803,55,30,6,5,10,\N,R,17,0,32,\N,\N,27,3,1:27.180,218.981,3
804,55,17,3,9,7,\N,R,18,0,22,\N,\N,19,9,1:27.800,217.435,7
805,55,32,9,15,13,\N,R,19,0,4,\N,\N,4,19,1:41.351,188.363,3
806,55,15,7,8,9,\N,R,20,0,0,\N,\N,\N,\N,\N,\N,3
807,55,3,3,10,14,\N,R,21,0,0,\N,\N,\N,\N,\N,\N,3
808,55,13,6,6,15,\N,R,22,0,0,\N,\N,\N,\N,\N,\N,3
809,56,30,6,5,1,1,1,1,10,62,1:31:06.486,5466486,19,2,1:24.624,210.961,1
810,56,4,4,1,5,2,2,2,8,62,+2.096,5468582,23,1,1:24.569,211.098,1
811,56,31,1,4,7,3,3,3,6,62,+15.868,5482354,22,4,1:25.096,209.791,1
812,56,13,6,6,4,4,4,4,5,62,+17.096,5483582,12,10,1:25.528,208.731,1
813,56,8,1,3,8,5,5,5,4,62,+17.524,5484010,49,3,1:25.027,209.961,1
814,56,17,3,9,10,6,6,6,3,62,+37.739,5504225,39,9,1:25.488,208.829,1
815,56,18,11,12,2,7,7,7,2,62,+39.635,5506121,29,6,1:25.347,209.174,1
816,56,21,4,2,11,8,8,8,1,62,+40.200,5506686,43,7,1:25.353,209.159,1
817,56,23,7,7,6,9,9,9,0,62,+45.511,5511997,45,5,1:25.316,209.25,1
818,56,22,11,11,3,10,10,10,0,62,+77.851,5544337,12,13,1:26.129,207.275,1
819,56,3,3,10,13,11,11,11,0,62,+79.675,5546161,30,15,1:26.418,206.581,1
820,56,35,2,17,12,12,12,12,0,62,+82.370,5548856,53,8,1:25.438,208.951,1
821,56,2,2,16,15,13,13,13,0,61,\N,\N,53,12,1:25.996,207.595,11
822,56,24,5,20,16,14,14,14,0,61,\N,\N,43,11,1:25.679,208.363,11
823,56,26,5,21,18,15,15,15,0,61,\N,\N,57,14,1:26.248,206.989,11
824,56,33,13,18,19,16,16,16,0,60,\N,\N,53,18,1:27.160,204.823,12
825,56,14,9,14,14,\N,R,17,0,47,\N,\N,41,17,1:26.855,205.542,30
826,56,11,8,22,21,\N,R,18,0,44,\N,\N,40,20,1:29.100,200.363,20
827,56,32,9,15,17,\N,R,19,0,40,\N,\N,30,16,1:26.759,205.77,9
828,56,34,8,23,22,\N,R,20,0,23,\N,\N,15,21,1:31.032,196.111,22
829,56,15,7,8,9,\N,R,21,0,5,\N,\N,4,19,1:28.039,202.778,38
830,56,27,13,19,20,\N,R,22,0,0,\N,\N,\N,\N,\N,\N,3
831,57,30,6,5,2,1,1,1,10,60,1:35:58.765,5758765,39,1,1:32.099,201.226,1
832,57,4,4,1,1,2,2,2,8,60,+3.751,5762516,37,3,1:32.532,200.285,1
833,57,13,6,6,3,3,3,3,6,60,+4.447,5763212,19,5,1:33.099,199.065,1
834,57,8,1,3,5,4,4,4,5,60,+4.879,5763644,43,2,1:32.472,200.415,1
835,57,22,11,11,4,5,5,5,4,60,+72.586,5831351,59,9,1:33.952,197.258,1
836,57,21,4,2,11,6,6,6,3,60,+74.116,5832881,46,4,1:32.964,199.354,1
837,57,3,3,10,22,7,7,7,2,60,+74.565,5833330,48,7,1:33.579,198.044,1
838,57,35,2,17,9,8,8,8,1,60,+89.364,5848129,38,12,1:34.037,197.079,1
839,57,15,7,8,7,9,9,9,0,59,\N,\N,58,10,1:33.953,197.256,11
840,57,2,2,16,13,10,10,10,0,59,\N,\N,47,11,1:34.035,197.084,11
841,57,26,5,21,17,11,11,11,0,59,\N,\N,57,14,1:34.091,196.966,11
842,57,33,13,18,18,12,12,12,0,59,\N,\N,41,18,1:35.504,194.052,11
843,57,27,13,19,16,13,13,13,0,59,\N,\N,35,17,1:35.428,194.207,11
844,57,23,7,7,10,\N,R,14,0,52,\N,\N,27,8,1:33.607,197.985,5
845,57,31,1,4,8,\N,R,15,0,52,\N,\N,47,6,1:33.571,198.061,5
846,57,11,8,22,20,\N,R,16,0,45,\N,\N,26,19,1:36.706,191.64,9
847,57,36,8,23,21,\N,R,17,0,29,\N,\N,21,20,1:37.214,190.639,9
848,57,18,11,12,6,\N,R,18,0,28,\N,\N,9,13,1:34.042,197.069,5
849,57,32,9,15,15,\N,R,19,0,28,\N,\N,16,15,1:34.553,196.004,6
850,57,17,3,9,19,\N,R,20,0,12,\N,\N,11,16,1:35.415,194.233,9
851,57,14,9,14,12,\N,R,21,0,2,\N,\N,2,21,2:24.500,128.254,3
852,57,24,5,20,14,\N,R,22,0,0,\N,\N,\N,\N,\N,\N,3
853,58,4,4,1,1,1,1,1,10,66,1:26:21.759,5181759,39,2,1:16.723,217.108,1
854,58,30,6,5,3,2,2,2,8,66,+18.502,5200261,43,3,1:16.922,216.546,1
855,58,21,4,2,2,3,3,3,6,66,+23.951,5205710,38,4,1:17.083,216.094,1
856,58,13,6,6,4,4,4,4,5,66,+29.859,5211618,42,1,1:16.648,217.32,1
857,58,8,1,3,9,5,5,5,4,66,+56.875,5238634,40,5,1:17.357,215.328,1
858,58,18,11,12,8,6,6,6,3,66,+58.347,5240106,40,6,1:17.367,215.301,1
859,58,22,11,11,5,7,7,7,2,65,\N,\N,40,7,1:17.399,215.212,11
860,58,2,2,16,10,8,8,8,1,65,\N,\N,49,10,1:17.869,213.913,11
861,58,17,3,9,11,9,9,9,0,65,\N,\N,61,11,1:17.900,213.827,11
862,58,15,7,8,7,10,10,10,0,65,\N,\N,42,13,1:18.465,212.288,11
863,58,3,3,10,13,11,11,11,0,65,\N,\N,51,8,1:17.861,213.935,11
864,58,35,2,17,22,12,12,12,0,65,\N,\N,62,12,1:18.050,213.417,11
865,58,32,9,15,14,13,13,13,0,65,\N,\N,59,15,1:18.516,212.15,11
866,58,14,9,14,21,14,14,14,0,65,\N,\N,55,9,1:17.862,213.932,11
867,58,24,5,20,15,15,15,15,0,63,\N,\N,52,14,1:18.488,212.226,9
868,58,33,13,18,17,16,16,16,0,63,\N,\N,28,18,1:19.265,210.145,13
869,58,11,8,22,19,17,17,17,0,62,\N,\N,42,21,1:20.411,207.15,14
870,58,27,13,19,18,\N,R,18,0,48,\N,\N,28,20,1:19.532,209.44,41
871,58,26,5,21,16,\N,R,19,0,47,\N,\N,41,16,1:18.541,212.082,5
872,58,23,7,7,6,\N,R,20,0,31,\N,\N,24,17,1:18.621,211.867,40
873,58,31,1,4,12,\N,R,21,0,17,\N,\N,17,19,1:19.482,209.571,20
874,58,36,8,23,20,\N,R,22,0,10,\N,\N,9,22,1:22.389,202.177,30
875,59,4,4,1,1,1,1,1,10,78,1:43:43.116,6223116,11,3,1:15.671,158.898,1
876,59,31,1,4,4,2,2,2,8,78,+14.567,6237683,20,6,1:16.008,158.193,1
877,59,14,9,14,7,3,3,3,6,78,+52.298,6275414,45,19,1:17.849,154.452,1
878,59,22,11,11,5,4,4,4,5,78,+53.337,6276453,67,12,1:17.320,155.509,1
879,59,30,6,5,22,5,5,5,4,78,+53.830,6276946,74,1,1:15.143,160.014,1
880,59,21,4,2,9,6,6,6,3,78,+62.072,6285188,58,5,1:15.919,158.379,1
881,59,2,2,16,15,7,7,7,2,77,\N,\N,72,11,1:17.319,155.511,11
882,59,23,7,7,10,8,8,8,1,77,\N,\N,72,15,1:17.540,155.068,11
883,59,13,6,6,21,9,9,9,0,77,\N,\N,40,7,1:16.612,156.946,11
884,59,24,5,20,12,10,10,10,0,77,\N,\N,75,17,1:17.660,154.828,11
885,59,18,11,12,13,11,11,11,0,77,\N,\N,59,10,1:17.300,155.549,11
886,59,27,13,19,16,12,12,12,0,77,\N,\N,77,16,1:17.603,154.942,11
887,59,26,5,21,18,13,13,13,0,77,\N,\N,77,14,1:17.481,155.186,11
888,59,35,2,17,14,14,14,14,0,77,\N,\N,74,18,1:17.767,154.615,11
889,59,33,13,18,17,15,15,15,0,76,\N,\N,71,13,1:17.329,155.491,12
890,59,36,8,23,20,16,16,16,0,75,\N,\N,72,22,1:19.104,152.002,13
891,59,15,7,8,6,17,17,17,0,72,\N,\N,30,8,1:17.180,155.791,9
892,59,32,9,15,11,\N,R,18,0,56,\N,\N,19,20,1:17.930,154.292,7
893,59,3,3,10,8,\N,R,19,0,51,\N,\N,43,9,1:17.227,155.696,3
894,59,8,1,3,3,\N,R,20,0,50,\N,\N,19,2,1:15.325,159.628,42
895,59,17,3,9,2,\N,R,21,0,48,\N,\N,23,4,1:15.680,158.879,43
896,59,11,8,22,19,\N,R,22,0,46,\N,\N,39,21,1:18.793,152.602,10
897,60,4,4,1,1,1,1,1,10,60,1:25:51.927,5151927,21,1,1:21.599,226.811,1
898,60,30,6,5,3,2,2,2,8,60,+13.951,5165878,53,2,1:21.934,225.884,1
899,60,8,1,3,2,3,3,3,6,60,+18.672,5170599,15,5,1:22.461,224.44,1
900,60,21,4,2,5,4,4,4,5,60,+19.976,5171903,42,3,1:22.238,225.049,1
901,60,13,6,6,4,5,5,5,4,60,+31.559,5183486,43,4,1:22.371,224.685,1
902,60,31,1,4,8,6,6,6,3,60,+64.769,5216696,38,8,1:22.780,223.575,1
903,60,2,2,16,9,7,7,7,2,60,+71.594,5223521,43,6,1:22.706,223.775,1
904,60,35,2,17,10,8,8,8,1,60,+78.299,5230226,46,10,1:22.921,223.195,1
905,60,3,3,10,12,9,9,9,0,60,+79.008,5230935,47,9,1:22.916,223.209,1
906,60,22,11,11,6,10,10,10,0,59,\N,\N,38,11,1:23.224,222.382,11
907,60,15,7,8,22,11,11,11,0,59,\N,\N,19,7,1:22.744,223.673,11
908,60,14,9,14,11,12,12,12,0,59,\N,\N,42,14,1:23.995,220.341,11
909,60,24,5,20,13,13,13,13,0,59,\N,\N,25,15,1:24.221,219.75,11
910,60,32,9,15,14,14,14,14,0,59,\N,\N,30,12,1:23.712,221.086,11
911,60,27,13,19,18,15,15,15,0,59,\N,\N,27,13,1:23.977,220.388,11
912,60,33,13,18,16,16,16,16,0,58,\N,\N,25,16,1:24.636,218.672,12
913,60,11,8,22,20,17,17,17,0,57,\N,\N,23,18,1:26.520,213.911,13
914,60,36,8,23,21,18,18,18,0,57,\N,\N,26,19,1:27.167,212.323,13
915,60,18,11,12,19,\N,R,19,0,8,\N,\N,8,17,1:25.207,217.207,44
916,60,26,5,21,15,\N,R,20,0,1,\N,\N,\N,\N,\N,\N,3
917,60,23,7,7,7,\N,R,21,0,0,\N,\N,\N,\N,\N,\N,3
918,60,17,3,9,17,\N,R,22,0,0,\N,\N,\N,\N,\N,\N,3
919,61,4,4,1,1,1,1,1,10,70,1:34:37.308,5677308,22,2,1:15.911,206.815,1
920,61,30,6,5,5,2,2,2,8,70,+2.111,5679419,68,3,1:15.993,206.592,1
921,61,8,1,3,3,3,3,3,6,70,+8.813,5686121,22,1,1:15.841,207.006,1
922,61,21,4,2,2,4,4,4,5,70,+15.679,5692987,49,4,1:16.669,204.771,1
923,61,13,6,6,10,5,5,5,4,70,+25.172,5702480,31,5,1:17.308,203.078,1
924,61,15,7,8,4,6,6,6,3,69,\N,\N,15,8,1:17.503,202.567,11
925,61,2,2,16,13,7,7,7,2,69,\N,\N,52,7,1:17.454,202.695,11
926,61,14,9,14,22,8,8,8,1,69,\N,\N,39,10,1:17.619,202.264,11
927,61,18,11,12,8,9,9,9,0,69,\N,\N,21,13,1:18.001,201.274,11
928,61,26,5,21,17,10,10,10,0,69,\N,\N,52,12,1:17.720,202.002,11
929,61,32,9,15,12,11,11,11,0,69,\N,\N,55,9,1:17.576,202.377,11
930,61,17,3,9,16,12,12,12,0,69,\N,\N,17,11,1:17.705,202.041,11
931,61,24,5,20,15,13,13,13,0,68,\N,\N,50,14,1:18.078,201.075,12
932,61,33,13,18,18,14,14,14,0,66,\N,\N,5,18,1:19.291,197.999,14
933,61,11,8,22,20,15,15,15,0,64,\N,\N,40,19,1:20.490,195.05,3
934,61,35,2,17,11,\N,R,16,0,58,\N,\N,29,6,1:17.394,202.852,3
935,61,23,7,7,14,\N,R,17,0,58,\N,\N,19,16,1:18.793,199.251,31
936,61,31,1,4,7,\N,R,18,0,13,\N,\N,5,15,1:18.493,200.012,3
937,61,22,11,11,9,\N,R,19,0,11,\N,\N,10,17,1:19.286,198.012,26
938,61,36,8,23,21,\N,R,20,0,2,\N,\N,2,20,2:07.709,122.932,5
939,61,3,3,10,6,\N,R,21,0,1,\N,\N,\N,\N,\N,\N,3
940,61,27,13,19,19,\N,R,22,0,0,\N,\N,\N,\N,\N,\N,3
941,62,30,6,5,1,1,1,1,10,73,1:34:35.199,5675199,56,1,1:12.719,207.527,1
942,62,13,6,6,2,2,2,2,8,73,+7.984,5683183,29,2,1:12.954,206.859,1
943,62,21,4,2,3,3,3,3,6,73,+16.595,5691794,28,3,1:13.131,206.358,1
944,62,15,7,8,22,4,4,4,5,73,+23.604,5698803,37,5,1:13.269,205.969,1
945,62,4,4,1,5,5,5,5,4,73,+28.410,5703609,72,6,1:13.316,205.837,1
946,62,22,11,11,4,6,6,6,3,73,+36.516,5711715,47,7,1:13.611,205.012,1
947,62,14,9,14,17,7,7,7,2,72,\N,\N,33,11,1:14.730,201.942,11
948,62,24,5,20,20,8,8,8,1,72,\N,\N,41,9,1:14.286,203.149,11
949,62,3,3,10,21,9,9,9,0,72,\N,\N,42,10,1:14.707,202.005,11
950,62,23,7,7,8,\N,R,10,0,62,\N,\N,29,4,1:13.225,206.093,45
951,62,27,13,19,14,\N,R,11,0,37,\N,\N,34,12,1:14.731,201.94,7
952,62,35,2,17,6,\N,R,12,0,23,\N,\N,19,8,1:13.934,204.117,5
953,62,33,13,18,15,\N,R,13,0,9,\N,\N,9,13,1:22.036,183.958,3
954,62,11,8,22,18,\N,R,14,0,6,\N,\N,6,14,1:43.802,145.384,3
955,62,18,11,12,7,\N,R,15,0,3,\N,\N,2,15,2:04.692,121.027,3
956,62,8,1,3,9,\N,R,16,0,0,\N,\N,\N,\N,\N,\N,3
957,62,2,2,16,10,\N,R,17,0,0,\N,\N,\N,\N,\N,\N,3
958,62,31,1,4,11,\N,R,18,0,0,\N,\N,\N,\N,\N,\N,3
959,62,17,3,9,12,\N,R,19,0,0,\N,\N,\N,\N,\N,\N,3
960,62,26,5,21,13,\N,R,20,0,0,\N,\N,\N,\N,\N,\N,3
961,62,32,9,15,16,\N,R,21,0,0,\N,\N,\N,\N,\N,\N,3
962,62,36,8,23,19,\N,R,22,0,0,\N,\N,\N,\N,\N,\N,3
963,63,30,6,5,1,1,1,1,10,70,1:32:07.803,5527803,46,1,1:17.111,205.931,1
964,63,4,4,1,3,2,2,2,8,70,+10.131,5537934,23,5,1:17.770,204.186,1
965,63,13,6,6,2,3,3,3,6,70,+22.546,5550349,18,2,1:17.141,205.851,1
966,63,23,7,7,5,4,4,4,5,70,+27.212,5555015,19,6,1:17.809,204.084,1
967,63,8,1,3,6,5,5,5,4,70,+33.006,5560809,30,4,1:17.717,204.325,1
968,63,21,4,2,7,6,6,6,3,70,+45.265,5573068,20,9,1:18.057,203.435,1
969,63,37,1,4,8,7,7,7,2,70,+49.407,5577210,34,3,1:17.625,204.568,1
970,63,2,2,16,11,8,8,8,1,69,\N,\N,48,14,1:18.809,201.494,11
971,63,14,9,14,9,9,9,9,0,69,\N,\N,56,17,1:18.978,201.063,11
972,63,26,5,21,14,10,10,10,0,69,\N,\N,66,12,1:18.674,201.84,11
973,63,35,2,17,16,11,11,11,0,69,\N,\N,56,7,1:17.906,203.83,11
974,63,32,9,15,12,12,12,12,0,69,\N,\N,56,16,1:18.968,201.089,11
975,63,24,5,20,22,13,13,13,0,69,\N,\N,54,10,1:18.241,202.957,11
976,63,3,3,10,18,14,14,14,0,68,\N,\N,62,13,1:18.796,201.527,12
977,63,27,13,19,15,15,15,15,0,68,\N,\N,67,18,1:19.356,200.105,12
978,63,36,8,23,20,16,16,16,0,67,\N,\N,53,20,1:20.113,198.215,13
979,63,18,11,12,17,\N,R,17,0,61,\N,\N,47,11,1:18.510,202.262,39
980,63,17,3,9,10,\N,R,18,0,55,\N,\N,34,15,1:18.859,201.366,46
981,63,15,7,8,4,\N,R,19,0,39,\N,\N,16,8,1:18.036,203.49,23
982,63,22,11,11,13,\N,R,20,0,28,\N,\N,16,19,1:20.094,198.262,5
983,63,33,13,18,19,\N,R,21,0,11,\N,\N,8,21,1:21.663,194.452,26
984,63,11,8,22,21,\N,R,22,0,0,\N,\N,\N,\N,\N,\N,7
985,64,30,6,5,2,1,1,1,10,67,1:27:51.693,5271693,17,1,1:16.357,215.65,1
986,64,13,6,6,3,2,2,2,8,67,+0.720,5272413,18,2,1:16.392,215.551,1
987,64,8,1,3,1,3,3,3,6,67,+13.206,5284899,4,3,1:16.475,215.317,1
988,64,18,11,12,4,4,4,4,5,67,+18.898,5290591,14,7,1:16.818,214.356,1
989,64,4,4,1,7,5,5,5,4,67,+23.707,5295400,66,9,1:17.256,213.14,1
990,64,21,4,2,5,6,6,6,3,67,+24.814,5296507,18,8,1:16.981,213.902,1
991,64,15,7,8,20,7,7,7,2,67,+26.544,5298237,48,5,1:16.807,214.386,1
992,64,32,9,15,12,8,8,8,1,67,+48.131,5319824,49,12,1:17.719,211.87,1
993,64,23,7,7,8,9,9,9,0,67,+60.351,5332044,64,4,1:16.763,214.509,1
994,64,24,5,20,16,10,10,10,0,66,\N,\N,51,10,1:17.407,212.724,11
995,64,14,9,14,10,11,11,11,0,66,\N,\N,24,13,1:17.811,211.62,11
996,64,26,5,21,19,12,12,12,0,66,\N,\N,50,11,1:17.450,212.606,11
997,64,17,3,9,11,\N,R,13,0,59,\N,\N,43,6,1:16.812,214.372,47
998,64,11,8,22,17,\N,R,14,0,38,\N,\N,26,19,1:19.413,207.351,6
999,64,35,2,17,13,\N,R,15,0,30,\N,\N,29,17,1:18.904,208.689,3
1000,64,22,11,11,6,\N,R,16,0,18,\N,\N,16,14,1:18.029,211.029,5
1001,64,2,2,16,15,\N,R,17,0,9,\N,\N,3,18,1:19.264,207.741,23
1002,64,37,1,4,9,\N,R,18,0,2,\N,\N,2,20,1:19.649,206.737,48
1003,64,29,8,23,22,\N,R,19,0,1,\N,\N,\N,\N,\N,\N,30
1004,64,3,3,10,14,\N,R,20,0,0,\N,\N,\N,\N,\N,\N,3
1005,64,27,13,19,21,\N,D,21,0,66,\N,\N,35,15,1:18.247,210.441,2
1006,64,33,13,18,18,\N,D,22,0,66,\N,\N,46,16,1:18.718,209.182,2
1007,65,18,11,12,14,1,1,1,10,70,1:52:20.941,6740941,57,4,1:25.143,185.236,1
1008,65,37,1,4,4,2,2,2,8,70,+30.837,6771778,67,2,1:24.315,187.055,1
1009,65,2,2,16,10,3,3,3,6,70,+43.822,6784763,65,7,1:25.801,183.816,1
1010,65,22,11,11,3,4,4,4,5,70,+45.205,6786146,69,3,1:24.678,186.253,1
1011,65,14,9,14,12,5,5,5,4,69,\N,\N,65,10,1:27.572,180.098,11
1012,65,23,7,7,6,6,6,6,3,69,\N,\N,65,5,1:25.247,185.01,11
1013,65,13,6,6,2,7,7,7,2,69,\N,\N,65,1,1:23.516,188.845,11
1014,65,30,6,5,11,8,8,8,1,67,\N,\N,57,11,1:27.834,179.561,49
1015,65,33,13,18,16,9,9,9,0,67,\N,\N,66,13,1:28.178,178.86,13
1016,65,27,13,19,22,10,10,10,0,67,\N,\N,67,8,1:26.117,183.141,13
1017,65,26,5,21,20,11,11,11,0,66,\N,\N,66,9,1:26.249,182.861,14
1018,65,15,7,8,8,12,12,12,0,65,\N,\N,58,6,1:25.779,183.863,5
1019,65,11,8,22,19,13,13,13,0,65,\N,\N,53,15,1:30.957,173.396,15
1020,65,4,4,1,15,\N,R,14,0,51,\N,\N,50,14,1:29.408,176.4,30
1021,65,8,1,3,1,\N,R,15,0,25,\N,\N,7,16,1:33.690,168.338,4
1022,65,24,5,20,17,\N,R,16,0,25,\N,\N,8,19,1:38.858,159.537,4
1023,65,3,3,10,18,\N,R,17,0,19,\N,\N,9,20,1:38.964,159.367,10
1024,65,21,4,2,7,\N,R,18,0,18,\N,\N,9,17,1:35.550,165.061,20
1025,65,32,9,15,13,\N,R,19,0,6,\N,\N,6,18,1:38.702,159.79,20
1026,65,17,3,9,5,\N,R,20,0,1,\N,\N,\N,\N,\N,\N,3
1027,65,29,8,23,21,\N,R,21,0,0,\N,\N,\N,\N,\N,\N,5
1028,65,9,2,17,9,\N,D,22,0,69,\N,\N,55,12,1:28.154,178.909,2
1029,66,13,6,6,1,1,1,1,10,58,1:28:51.082,5331082,38,2,1:28.123,218.067,1
1030,66,4,4,1,3,2,2,2,8,58,+5.575,5336657,38,3,1:28.245,217.766,1
1031,66,30,6,5,2,3,3,3,6,58,+5.656,5336738,55,1,1:28.005,218.36,1
1032,66,18,11,12,6,4,4,4,5,58,+12.334,5343416,58,4,1:28.474,217.202,1
1033,66,37,1,4,11,5,5,5,4,58,+45.908,5376990,54,7,1:28.959,216.018,1
1034,66,21,4,2,4,6,6,6,3,58,+46.594,5377676,29,5,1:28.546,217.026,1
1035,66,23,7,7,15,7,7,7,2,58,+59.337,5390419,58,8,1:29.084,215.715,1
1036,66,22,11,11,13,8,8,8,1,58,+60.034,5391116,26,6,1:28.733,216.568,1
1037,66,15,7,8,12,9,9,9,0,57,\N,\N,24,13,1:30.048,213.406,11
1038,66,17,3,9,9,10,10,10,0,57,\N,\N,50,15,1:30.088,213.311,11
1039,66,32,9,15,10,11,11,11,0,57,\N,\N,26,11,1:30.025,213.46,11
1040,66,9,2,17,8,12,12,12,0,57,\N,\N,34,9,1:29.723,214.179,11
1041,66,26,5,21,17,13,13,13,0,57,\N,\N,43,10,1:29.933,213.679,11
1042,66,2,2,16,5,14,14,14,0,56,\N,\N,56,16,1:30.335,212.728,12
1043,66,14,9,14,16,15,15,15,0,55,\N,\N,24,12,1:30.026,213.458,6
1044,66,27,13,19,22,\N,R,16,0,46,\N,\N,35,17,1:30.403,212.568,20
1045,66,11,8,22,21,\N,N,17,0,41,\N,\N,33,18,1:31.814,209.301,50
1046,66,3,3,10,14,\N,R,18,0,25,\N,\N,21,14,1:30.071,213.351,47
1047,66,29,8,23,20,\N,R,19,0,23,\N,\N,12,20,1:32.337,208.115,20
1048,66,24,5,20,18,\N,R,20,0,12,\N,\N,12,19,1:32.148,208.542,20
1049,66,8,1,3,7,\N,R,21,0,1,\N,\N,\N,\N,\N,\N,4
1050,66,33,13,18,19,\N,R,22,0,0,\N,\N,\N,\N,\N,\N,4
1051,67,30,6,5,2,1,1,1,10,53,1:14:51.975,4491975,14,2,1:22.575,252.555,1
1052,67,8,1,3,1,2,2,2,8,53,+8.046,4500021,13,1,1:22.559,252.604,1
1053,67,9,2,17,6,3,3,3,6,53,+26.414,4518389,21,4,1:23.111,250.927,1
1054,67,21,4,2,9,4,4,4,5,53,+32.045,4524020,25,8,1:23.617,249.408,1
1055,67,18,11,12,5,5,5,5,4,53,+32.685,4524660,51,7,1:23.518,249.704,1
1056,67,22,11,11,8,6,6,6,3,53,+42.409,4534384,27,10,1:23.794,248.881,1
1057,67,15,7,8,11,7,7,7,2,53,+44.662,4536637,25,11,1:23.869,248.659,1
1058,67,2,2,16,3,8,8,8,1,53,+45.309,4537284,20,6,1:23.294,250.375,1
1059,67,13,6,6,4,9,9,9,0,53,+45.955,4537930,41,3,1:23.003,251.253,1
1060,67,17,3,9,19,10,10,10,0,53,+72.602,4564577,27,12,1:24.197,247.69,1
1061,67,32,9,15,16,11,11,11,0,52,\N,\N,37,13,1:24.571,246.595,11
1062,67,14,9,14,14,12,12,12,0,52,\N,\N,51,17,1:24.984,245.396,11
1063,67,26,5,21,15,13,13,13,0,52,\N,\N,50,18,1:25.094,245.079,11
1064,67,24,5,20,17,14,14,14,0,52,\N,\N,52,14,1:24.764,246.033,11
1065,67,23,7,7,13,15,15,15,0,52,\N,\N,41,16,1:24.837,245.821,11
1066,67,11,8,22,21,16,16,16,0,51,\N,\N,15,21,1:25.676,243.414,12
1067,67,27,14,19,18,17,17,17,0,51,\N,\N,17,20,1:25.494,243.932,12
1068,67,33,14,18,20,\N,R,18,0,44,\N,\N,27,15,1:24.822,245.865,23
1069,67,4,4,1,10,\N,R,19,0,43,\N,\N,38,5,1:23.121,250.896,5
1070,67,37,1,4,7,\N,R,20,0,20,\N,\N,8,9,1:23.702,249.155,5
1071,67,29,8,23,22,\N,R,21,0,18,\N,\N,15,22,1:26.548,240.962,9
1072,67,3,3,10,12,\N,R,22,0,9,\N,\N,8,19,1:25.362,244.31,30
1073,68,30,6,5,6,1,1,1,10,56,1:37:32.747,5852747,50,2,1:38.553,199.117,1
1074,68,4,4,1,1,2,2,2,8,56,+3.121,5855868,49,1,1:37.586,201.09,1
1075,68,21,4,2,2,3,3,3,6,56,+44.197,5896944,53,6,1:39.332,197.555,1
1076,68,18,11,12,4,4,4,4,5,56,+72.056,5924803,51,5,1:39.206,197.806,1
1077,68,37,1,4,7,5,5,5,4,56,+77.137,5929884,45,3,1:39.149,197.92,1
1078,68,22,11,11,3,6,6,6,3,56,+79.131,5931878,52,9,1:39.749,196.729,1
1079,68,2,2,16,8,7,7,7,2,56,+91.979,5944726,53,4,1:39.164,197.89,1
1080,68,17,3,9,14,8,8,8,1,56,+103.588,5956335,44,12,1:39.907,196.418,1
1081,68,14,9,14,12,9,9,9,0,56,+103.796,5956543,52,15,1:40.549,195.164,1
1082,68,24,5,20,13,10,10,10,0,55,\N,\N,53,18,1:41.710,192.936,11
1083,68,3,3,10,15,11,11,11,0,55,\N,\N,52,14,1:40.471,195.316,11
1084,68,38,9,15,10,12,12,12,0,55,\N,\N,52,10,1:39.801,196.627,11
1085,68,9,2,17,9,13,13,13,0,55,\N,\N,51,13,1:40.193,195.857,11
1086,68,26,5,21,11,14,14,14,0,55,\N,\N,49,8,1:39.681,196.863,11
1087,68,27,14,19,22,15,15,15,0,53,\N,\N,50,17,1:41.483,193.368,13
1088,68,29,8,23,19,16,16,16,0,52,\N,\N,42,19,1:41.847,192.677,14
1089,68,23,7,7,16,\N,R,17,0,49,\N,\N,47,11,1:39.823,196.583,51
1090,68,13,6,6,20,\N,R,18,0,44,\N,\N,42,7,1:39.397,197.426,4
1091,68,15,7,8,17,\N,R,19,0,38,\N,\N,24,21,1:44.787,187.271,63
1092,68,33,14,18,18,\N,R,20,0,37,\N,\N,35,22,1:45.356,186.259,20
1093,68,8,1,3,5,\N,R,21,0,18,\N,\N,14,20,1:44.094,188.518,37
1094,68,11,8,22,21,\N,D,22,0,55,\N,\N,48,16,1:40.856,194.57,2
1095,69,4,4,1,5,1,1,1,10,53,1:23:53.413,5033413,14,1,1:32.676,225.572,1
1096,69,13,6,6,1,2,2,2,8,53,+16.151,5049564,37,3,1:33.296,224.073,1
1097,69,21,4,2,6,3,3,3,6,53,+23.953,5057366,13,7,1:33.564,223.432,1
1098,69,18,11,12,7,4,4,4,5,53,+34.101,5067514,35,5,1:33.451,223.702,1
1099,69,8,1,3,11,5,5,5,4,53,+43.596,5077009,24,4,1:33.344,223.958,1
1100,69,15,7,8,4,6,6,6,3,53,+46.717,5080130,2,9,1:33.866,222.713,1
1101,69,23,7,7,3,7,7,7,2,53,+48.869,5082282,2,8,1:33.607,223.329,1
1102,69,2,2,16,9,8,8,8,1,53,+76.095,5109508,31,13,1:34.525,221.16,1
1103,69,9,2,17,12,9,9,9,0,53,+76.932,5110345,39,6,1:33.509,223.563,1
1104,69,3,3,10,10,10,10,10,0,52,\N,\N,33,15,1:34.802,220.514,11
1105,69,37,1,4,13,11,11,11,0,52,\N,\N,22,11,1:34.120,222.112,11
1106,69,22,11,11,8,12,12,12,0,52,\N,\N,40,10,1:34.071,222.227,11
1107,69,38,9,15,18,13,13,13,0,52,\N,\N,37,19,1:35.099,219.825,11
1108,69,24,5,20,15,14,14,14,0,52,\N,\N,22,12,1:34.131,222.086,11
1109,69,11,8,22,20,15,15,15,0,52,\N,\N,26,17,1:35.082,219.864,11
1110,69,33,14,18,21,16,16,16,0,51,\N,\N,27,20,1:35.260,219.454,12
1111,69,29,8,23,22,17,17,17,0,50,\N,\N,22,21,1:35.594,218.687,13
1112,69,26,5,21,19,18,18,18,0,48,\N,\N,37,14,1:34.560,221.078,38
1113,69,17,3,9,14,\N,R,19,0,39,\N,\N,19,18,1:35.092,219.841,3
1114,69,30,6,5,2,\N,R,20,0,36,\N,\N,32,2,1:32.792,225.29,5
1115,69,14,9,14,17,\N,R,21,0,35,\N,\N,20,16,1:35.052,219.934,6
1116,69,27,14,19,16,\N,R,22,0,20,\N,\N,19,22,1:36.036,217.68,30
1117,70,13,6,6,1,1,1,1,10,71,1:31:53.751,5513751,23,2,1:12.877,212.857,1
1118,70,4,4,1,4,2,2,2,8,71,+18.658,5532409,70,3,1:12.961,212.612,1
1119,70,18,11,12,14,3,3,3,6,71,+19.394,5533145,71,4,1:13.053,212.344,1
1120,70,30,6,5,10,4,4,4,5,71,+24.094,5537845,70,1,1:12.162,214.966,1
1121,70,8,1,3,2,5,5,5,4,71,+28.503,5542254,58,6,1:13.281,211.683,1
1122,70,21,4,2,6,6,6,6,3,71,+30.287,5544038,70,5,1:13.121,212.146,1
1123,70,22,11,11,5,7,7,7,2,71,+40.294,5554045,48,8,1:13.391,211.366,1
1124,70,37,1,4,12,8,8,8,1,71,+52.068,5565819,63,12,1:13.817,210.146,1
1125,70,9,2,17,9,9,9,9,0,71,+67.642,5581393,25,14,1:14.117,209.296,1
1126,70,11,8,22,19,10,10,10,0,70,\N,\N,47,9,1:13.401,211.337,11
1127,70,26,5,21,16,11,11,11,0,70,\N,\N,69,13,1:13.862,210.018,11
1128,70,38,9,15,22,12,12,12,0,70,\N,\N,62,11,1:13.700,210.48,11
1129,70,24,5,20,15,13,13,13,0,70,\N,\N,69,10,1:13.687,210.517,11
1130,70,27,14,19,17,14,14,14,0,70,\N,\N,61,17,1:14.591,207.966,11
1131,70,33,14,18,21,15,15,15,0,69,\N,\N,38,16,1:14.410,208.471,12
1132,70,29,8,23,20,16,16,16,0,69,\N,\N,67,7,1:13.379,211.401,12
1133,70,2,2,16,8,17,17,17,0,63,\N,\N,18,15,1:14.163,209.166,3
1134,70,14,9,14,18,\N,R,18,0,14,\N,\N,12,19,1:16.045,203.989,6
1135,70,15,7,8,3,\N,R,19,0,10,\N,\N,9,18,1:14.882,207.157,22
1136,70,23,7,7,7,\N,R,20,0,9,\N,\N,8,20,1:16.835,201.892,22
1137,70,17,3,9,11,\N,R,21,0,1,\N,\N,\N,\N,\N,\N,4
1138,70,3,3,10,13,\N,R,22,0,0,\N,\N,\N,\N,\N,\N,4
1139,71,21,4,6,1,1,1,1,10,57,1:24:17.336,5057336,55,2,1:25.994,222.001,1
1140,71,22,6,2,11,2,2,2,8,57,+5.553,5062889,54,3,1:26.233,221.386,1
1141,71,4,4,5,13,3,3,3,6,57,+6.712,5064048,24,1,1:25.683,222.807,1
1142,71,14,9,14,5,4,4,4,5,57,+16.131,5073467,40,11,1:26.690,220.219,1
1143,71,17,3,7,3,5,5,5,4,57,+16.908,5074244,37,8,1:26.493,220.72,1
1144,71,31,1,10,9,6,6,6,3,57,+35.033,5092369,41,7,1:26.393,220.976,1
1145,71,32,9,15,6,7,7,7,2,57,+38.997,5096333,39,10,1:26.627,220.379,1
1146,71,8,1,9,10,8,8,8,1,57,+39.633,5096969,55,4,1:26.255,221.329,1
1147,71,15,7,16,2,9,9,9,0,57,+63.108,5120444,56,14,1:27.116,219.142,1
1148,71,13,15,12,18,10,10,10,0,57,+64.393,5121729,55,13,1:26.893,219.704,1
1149,71,18,16,3,8,\N,11,11,0,56,\N,\N,55,5,1:26.260,221.316,11
1150,71,23,7,17,15,12,12,12,0,56,\N,\N,56,9,1:26.536,220.611,11
1151,71,35,15,11,4,13,13,13,0,56,\N,\N,54,15,1:27.745,217.571,11
1152,71,11,16,4,20,\N,14,14,0,55,\N,\N,36,16,1:27.877,217.244,12
1153,71,39,17,19,12,15,15,15,0,55,\N,\N,36,17,1:27.970,217.014,12
1154,71,33,17,18,14,16,16,16,0,55,\N,\N,16,18,1:28.999,214.505,12
1155,71,40,18,20,16,17,17,17,0,55,\N,\N,22,19,1:32.852,205.604,14
1156,71,30,6,1,19,\N,R,18,0,42,\N,\N,38,6,1:26.261,221.314,3
1157,71,2,3,8,7,\N,R,19,0,42,\N,\N,38,12,1:26.854,219.803,3
1158,71,27,18,21,17,\N,R,20,0,16,\N,\N,11,20,1:33.144,204.96,6
1159,72,4,4,5,1,1,1,1,10,56,1:31:33.736,5493736,18,4,1:35.899,208.081,1
1160,72,15,7,16,2,2,2,2,8,56,+24.327,5518063,18,3,1:35.816,208.261,1
1161,72,2,3,8,10,3,3,3,6,56,+32.188,5525924,40,2,1:35.712,208.487,1
1162,72,31,1,10,11,4,4,4,5,56,+41.631,5535367,42,8,1:36.585,206.603,1
1163,72,23,7,17,5,5,5,5,4,56,+51.854,5545590,15,7,1:36.321,207.169,1
1164,72,14,9,14,8,6,6,6,3,56,+72.543,5566279,18,9,1:36.790,206.165,1
1165,72,30,6,1,13,7,7,7,2,56,+79.988,5573724,41,12,1:36.982,205.757,1
1166,72,32,9,15,7,8,8,8,1,56,+80.835,5574571,17,11,1:36.902,205.927,1
1167,72,8,1,9,6,9,9,9,0,56,+81.580,5575316,23,1,1:35.483,208.987,1
1168,72,13,15,12,14,10,10,10,0,55,\N,\N,18,13,1:37.212,205.27,11
1169,72,39,17,19,17,11,11,11,0,54,\N,\N,18,16,1:39.833,199.881,12
1170,72,33,17,18,18,12,12,12,0,53,\N,\N,36,17,1:40.432,198.689,13
1171,72,27,18,21,19,13,13,13,0,52,\N,\N,12,19,1:42.465,194.747,14
1172,72,22,6,2,12,\N,R,14,0,49,\N,\N,22,10,1:36.878,205.978,27
1173,72,21,4,6,3,\N,R,15,0,36,\N,\N,21,6,1:36.182,207.469,4
1174,72,17,3,7,4,\N,R,16,0,36,\N,\N,20,5,1:36.026,207.806,4
1175,72,35,15,11,16,\N,R,17,0,26,\N,\N,18,15,1:38.058,203.499,20
1176,72,18,16,3,9,\N,R,18,0,2,\N,\N,2,14,1:37.912,203.803,5
1177,72,19,16,4,15,\N,R,19,0,2,\N,\N,2,18,1:41.470,196.657,5
1178,72,40,18,20,20,\N,R,20,0,2,\N,\N,2,20,1:43.558,192.692,20
1179,73,4,4,5,1,1,1,1,10,57,1:29:18.531,5358531,39,2,1:31.713,212.436,1
1180,73,15,7,16,3,2,2,2,8,57,+13.409,5371940,41,4,1:32.324,211.03,1
1181,73,8,1,9,9,3,3,3,6,57,+32.063,5390594,41,3,1:31.822,212.184,1
1182,73,23,7,17,6,4,4,4,5,57,+53.272,5411803,36,6,1:32.683,210.213,1
1183,73,37,1,10,8,5,5,5,4,57,+64.988,5423519,43,1,1:31.447,213.054,1
1184,73,17,3,7,5,6,6,6,3,57,+74.701,5433232,20,10,1:33.087,209.3,1
1185,73,13,15,12,12,7,7,7,2,56,\N,\N,40,12,1:33.326,208.764,11
1186,73,14,9,14,14,8,8,8,1,56,\N,\N,42,13,1:33.417,208.561,11
1187,73,22,6,2,20,9,9,9,0,56,\N,\N,23,8,1:32.976,209.55,11
1188,73,33,17,18,16,10,10,10,0,55,\N,\N,18,15,1:35.744,203.492,12
1189,73,35,15,11,15,11,11,11,0,54,\N,\N,24,14,1:33.458,208.47,22
1190,73,40,18,20,19,12,12,12,0,54,\N,\N,16,16,1:36.432,202.04,13
1191,73,27,18,21,18,13,13,13,0,53,\N,\N,3,17,1:36.913,201.038,14
1192,73,18,16,3,11,\N,R,14,0,46,\N,\N,45,5,1:32.411,210.832,8
1193,73,11,16,4,13,\N,R,15,0,27,\N,\N,23,11,1:33.124,209.217,23
1194,73,2,3,8,4,\N,R,16,0,25,\N,\N,19,9,1:33.055,209.372,5
1195,73,30,6,1,2,\N,R,17,0,12,\N,\N,7,7,1:32.886,209.753,9
1196,73,21,4,6,10,\N,R,18,0,4,\N,\N,2,18,1:37.036,200.783,5
1197,73,39,17,19,17,\N,R,19,0,2,\N,\N,2,19,1:37.533,199.76,10
1198,73,32,9,15,7,\N,W,20,0,0,\N,\N,\N,\N,\N,\N,10
1199,74,4,4,5,2,1,1,1,10,62,1:27:41.921,5261921,22,4,1:23.133,213.619,1
1200,74,30,6,1,13,2,2,2,8,62,+0.215,5262136,48,1,1:21.858,216.946,1
1201,74,25,1,10,7,3,3,3,6,62,+27.554,5289475,24,3,1:23.023,213.902,1
1202,74,35,15,11,11,4,4,4,5,62,+64.442,5326363,45,10,1:24.017,211.371,1
1203,74,15,7,16,5,5,5,5,4,62,+70.258,5332179,44,11,1:24.022,211.358,1
1204,74,2,3,8,8,6,6,6,3,62,+71.282,5333203,54,9,1:23.917,211.623,1
1205,74,17,3,7,4,7,7,7,2,62,+83.297,5345218,17,14,1:24.419,210.364,1
1206,74,24,9,15,15,8,8,8,1,62,+83.764,5345685,46,7,1:23.488,212.71,1
1207,74,23,7,17,10,9,9,9,0,62,+95.841,5357762,19,13,1:24.230,210.836,1
1208,74,13,15,12,18,10,10,10,0,61,\N,\N,37,8,1:23.602,212.42,11
1209,74,14,9,14,14,11,11,11,0,61,\N,\N,22,16,1:24.641,209.813,11
1210,74,39,17,19,16,12,12,12,0,61,\N,\N,20,12,1:24.094,211.177,11
1211,74,33,17,18,17,13,13,13,0,60,\N,\N,19,17,1:24.719,209.62,12
1212,74,27,18,21,20,\N,R,14,0,20,\N,\N,18,19,1:27.420,203.143,9
1213,74,22,6,2,9,\N,R,15,0,18,\N,\N,13,15,1:24.435,210.325,10
1214,74,8,1,9,1,\N,R,16,0,9,\N,\N,8,5,1:23.296,213.201,30
1215,74,40,18,20,19,\N,R,17,0,8,\N,\N,5,20,1:28.334,201.041,8
1216,74,21,4,6,12,\N,R,18,0,5,\N,\N,4,18,1:25.665,207.305,3
1217,74,18,16,3,3,\N,D,19,0,62,\N,\N,22,2,1:22.604,214.987,2
1218,74,11,16,4,6,\N,D,20,0,62,\N,\N,23,6,1:23.368,213.016,2
1219,75,8,1,9,1,1,1,1,10,66,1:27:16.830,5236830,41,4,1:15.977,219.24,1
1220,75,4,4,5,3,2,2,2,8,66,+27.652,5264482,59,5,1:16.098,218.891,1
1221,75,15,7,16,5,3,3,3,6,66,+45.947,5282777,63,8,1:16.614,217.417,1
1222,75,23,7,17,4,4,4,4,5,66,+46.719,5283549,63,6,1:16.469,217.829,1
1223,75,21,4,6,6,5,5,5,4,66,+57.936,5294766,66,1,1:15.641,220.213,1
1224,75,17,3,7,2,6,6,6,3,66,+68.542,5305372,62,9,1:16.761,217,1
1225,75,31,1,10,7,7,7,7,2,65,\N,\N,55,3,1:15.771,219.836,11
1226,75,14,9,14,9,8,8,8,1,65,\N,\N,65,11,1:16.947,216.476,11
1227,75,22,6,2,16,9,9,9,0,65,\N,\N,64,12,1:17.156,215.889,11
1228,75,2,3,8,17,10,10,10,0,65,\N,\N,60,7,1:16.519,217.687,11
1229,75,13,15,12,10,11,11,11,0,63,\N,\N,51,10,1:16.802,216.884,46
1230,75,33,17,18,18,12,12,12,0,63,\N,\N,22,14,1:18.998,210.855,13
1231,75,39,17,19,13,13,13,13,0,63,\N,\N,16,16,1:19.734,208.909,13
1232,75,35,15,11,12,\N,R,14,0,51,\N,\N,43,13,1:17.585,214.696,5
1233,75,30,6,1,8,\N,R,15,0,46,\N,\N,31,2,1:15.648,220.193,29
1234,75,27,18,21,14,\N,R,16,0,19,\N,\N,15,17,1:20.124,207.892,6
1235,75,40,18,20,15,\N,R,17,0,11,\N,\N,10,18,1:20.865,205.987,20
1236,75,24,9,15,11,\N,R,18,0,9,\N,\N,9,15,1:19.435,209.695,20
1237,76,8,1,9,1,1,1,1,10,78,1:45:15.556,6315556,41,2,1:15.921,158.375,1
1238,76,2,3,8,6,2,2,2,8,78,+13.877,6329433,15,9,1:17.159,155.834,1
1239,76,17,3,7,3,3,3,3,6,78,+18.484,6334040,77,7,1:16.971,156.214,1
1240,76,4,4,5,2,4,4,4,5,78,+36.487,6352043,19,3,1:16.600,156.971,1
1241,76,31,1,10,16,5,5,5,4,78,+36.647,6352203,50,10,1:17.403,155.342,1
1242,76,23,7,17,18,6,6,6,3,78,+37.177,6352733,11,8,1:17.070,156.014,1
1243,76,30,6,1,8,7,7,7,2,78,+37.223,6352779,40,1,1:15.842,158.54,1
1244,76,22,6,2,10,8,8,8,1,78,+37.570,6353126,51,6,1:16.916,156.326,1
1245,76,13,15,12,11,9,9,9,0,77,\N,\N,16,13,1:17.799,154.552,11
1246,76,15,7,16,5,10,10,10,0,77,\N,\N,38,5,1:16.812,156.538,11
1247,76,35,15,11,9,11,11,11,0,77,\N,\N,17,11,1:17.482,155.184,11
1248,76,21,4,6,4,12,12,12,0,77,\N,\N,20,4,1:16.776,156.611,11
1249,76,33,17,18,15,13,13,13,0,75,\N,\N,12,17,1:20.747,148.909,13
1250,76,27,18,21,14,14,14,14,0,73,\N,\N,22,16,1:20.237,149.856,15
1251,76,24,9,15,12,\N,R,15,0,59,\N,\N,43,14,1:18.030,154.094,3
1252,76,40,18,20,13,\N,R,16,0,29,\N,\N,19,15,1:19.037,152.131,3
1253,76,14,9,14,7,\N,R,17,0,23,\N,\N,15,12,1:17.693,154.762,3
1254,76,39,17,19,17,\N,R,18,0,18,\N,\N,14,18,1:22.019,146.6,9
1255,77,4,4,5,6,1,1,1,10,59,1:31:46.648,5506648,44,1,1:30.711,204.305,1
1256,77,2,3,8,1,2,2,2,8,59,+16.567,5523215,9,4,1:31.124,203.38,1
1257,77,22,6,2,7,3,3,3,6,59,+18.549,5525197,44,3,1:31.028,203.594,1
1258,77,14,9,14,12,4,4,4,5,59,+31.588,5538236,19,5,1:31.306,202.974,1
1259,77,30,6,1,10,5,5,5,4,59,+50.445,5557093,19,6,1:31.503,202.537,1
1260,77,21,4,6,9,6,6,6,3,59,+51.932,5558580,47,7,1:31.708,202.084,1
1261,77,31,1,10,5,7,7,7,2,59,+58.173,5564821,42,10,1:31.807,201.866,1
1262,77,15,7,16,4,8,8,8,1,59,+71.091,5577739,43,9,1:31.779,201.928,1
1263,77,24,9,15,14,9,9,9,0,59,+71.529,5578177,43,13,1:31.971,201.506,1
1264,77,18,16,3,13,10,10,10,0,59,+95.786,5602434,20,12,1:31.955,201.542,1
1265,77,8,1,9,2,11,11,11,0,58,\N,\N,9,2,1:30.940,203.791,3
1266,77,11,16,4,16,12,12,12,0,58,\N,\N,26,11,1:31.889,201.686,11
1267,77,35,15,11,15,13,13,13,0,58,\N,\N,41,15,1:32.583,200.174,11
1268,77,13,15,12,11,14,14,14,0,58,\N,\N,18,14,1:32.329,200.725,11
1269,77,33,17,18,17,15,15,15,0,58,\N,\N,39,17,1:33.425,198.37,11
1270,77,39,17,19,19,16,16,16,0,58,\N,\N,21,16,1:33.292,198.653,11
1271,77,27,18,21,20,17,17,17,0,57,\N,\N,18,18,1:35.047,194.985,12
1272,77,40,18,20,18,18,18,18,0,56,\N,\N,18,19,1:35.536,193.987,13
1273,77,23,7,17,8,\N,R,19,0,33,\N,\N,25,8,1:31.724,202.049,20
1274,77,17,3,7,3,\N,R,20,0,0,\N,\N,\N,\N,\N,\N,3
1275,78,8,1,9,7,1,1,1,10,70,1:32:09.290,5529290,23,1,1:14.384,211.061,1
1276,78,30,6,1,2,2,2,2,8,70,+1.137,5530427,32,4,1:14.868,209.697,1
1277,78,22,6,2,20,3,3,3,6,70,+40.483,5569773,46,8,1:15.480,207.996,1
1278,78,13,15,12,11,4,4,4,5,70,+55.139,5584429,18,13,1:16.008,206.551,1
1279,78,17,3,7,14,5,5,5,4,70,+55.779,5585069,23,7,1:15.401,208.214,1
1280,78,23,7,17,10,6,6,6,3,69,\N,\N,44,10,1:15.827,207.044,11
1281,78,14,9,14,12,7,7,7,2,69,\N,\N,17,16,1:16.414,205.454,11
1282,78,32,9,15,16,8,8,8,1,69,\N,\N,46,15,1:16.299,205.764,11
1283,78,35,15,11,8,9,9,9,0,69,\N,\N,26,12,1:15.945,206.723,11
1284,78,33,17,18,18,10,10,10,0,67,\N,\N,19,18,1:17.344,202.984,13
1285,78,27,18,21,15,11,11,11,0,67,\N,\N,15,19,1:18.462,200.091,13
1286,78,15,7,16,9,\N,R,12,0,62,\N,\N,43,11,1:15.872,206.922,23
1287,78,18,16,3,1,\N,R,13,0,46,\N,\N,30,6,1:15.189,208.801,3
1288,78,2,3,8,13,\N,R,14,0,43,\N,\N,20,9,1:15.752,207.249,5
1289,78,11,16,4,6,\N,R,15,0,40,\N,\N,14,14,1:16.044,206.454,23
1290,78,40,18,20,19,\N,R,16,0,39,\N,\N,33,20,1:18.709,199.463,9
1291,78,4,4,5,3,\N,R,17,0,38,\N,\N,38,3,1:14.727,210.092,22
1292,78,21,4,6,4,\N,R,18,0,32,\N,\N,24,5,1:14.890,209.635,9
1293,78,39,17,19,17,\N,R,19,0,24,\N,\N,20,17,1:17.015,203.851,22
1294,78,31,1,10,5,\N,D,20,0,52,\N,\N,24,2,1:14.576,210.518,2
1295,79,30,6,1,5,1,1,1,10,73,1:29:43.181,5383181,48,1,1:11.497,211.074,1
1296,79,22,6,2,7,2,2,2,8,73,+1.522,5384703,48,2,1:11.649,210.626,1
1297,79,33,17,18,17,3,3,3,6,72,\N,\N,44,3,1:13.237,206.059,11
1298,79,39,17,19,19,4,4,4,5,72,\N,\N,65,4,1:13.370,205.686,11
1299,79,27,18,21,18,5,5,5,4,71,\N,\N,2,5,1:13.907,204.191,12
1300,79,40,18,20,20,6,6,6,3,71,\N,\N,43,6,1:14.490,202.593,12
1301,79,15,7,16,1,\N,W,7,0,0,\N,\N,\N,\N,\N,\N,54
1302,79,8,1,9,2,\N,W,8,0,0,\N,\N,\N,\N,\N,\N,54
1303,79,18,16,3,3,\N,W,9,0,0,\N,\N,\N,\N,\N,\N,54
1304,79,21,4,6,4,\N,W,10,0,0,\N,\N,\N,\N,\N,\N,54
1305,79,4,4,5,6,\N,W,11,0,0,\N,\N,\N,\N,\N,\N,54
1306,79,11,16,4,8,\N,W,12,0,0,\N,\N,\N,\N,\N,\N,54
1307,79,17,3,7,9,\N,W,13,0,0,\N,\N,\N,\N,\N,\N,54
1308,79,13,15,12,10,\N,W,14,0,0,\N,\N,\N,\N,\N,\N,54
1309,79,31,1,10,11,\N,W,15,0,0,\N,\N,\N,\N,\N,\N,54
1310,79,35,15,11,12,\N,W,16,0,0,\N,\N,\N,\N,\N,\N,54
1311,79,41,7,17,13,\N,W,17,0,0,\N,\N,\N,\N,\N,\N,54
1312,79,32,9,15,14,\N,W,18,0,0,\N,\N,\N,\N,\N,\N,54
1313,79,2,3,8,15,\N,W,19,0,0,\N,\N,\N,\N,\N,\N,54
1314,79,14,9,14,16,\N,W,20,0,0,\N,\N,\N,\N,\N,\N,54
1315,80,4,4,5,1,1,1,1,10,70,1:31:22.233,5482233,5,2,1:16.502,207.571,1
1316,80,8,1,9,13,2,2,2,8,70,+11.805,5494038,25,1,1:16.423,207.785,1
1317,80,30,6,1,3,3,3,3,6,70,+81.914,5564147,22,7,1:17.714,204.333,1
1318,80,18,16,3,7,4,4,4,5,69,\N,\N,18,4,1:17.408,205.141,11
1319,80,15,7,16,2,5,5,5,4,69,\N,\N,67,8,1:17.792,204.128,11
1320,80,21,4,6,6,6,6,6,3,69,\N,\N,18,5,1:17.511,204.868,11
1321,80,23,7,17,11,7,7,7,2,69,\N,\N,36,14,1:18.103,203.316,11
1322,80,35,15,11,10,8,8,8,1,69,\N,\N,17,10,1:17.841,204,11
1323,80,22,6,2,5,9,9,9,0,69,\N,\N,4,12,1:17.960,203.689,11
1324,80,14,9,14,15,10,10,10,0,69,\N,\N,39,6,1:17.611,204.605,11
1325,80,11,16,4,4,11,11,11,0,69,\N,\N,8,11,1:17.929,203.77,11
1326,80,17,3,7,12,12,12,12,0,68,\N,\N,17,15,1:18.395,202.558,12
1327,80,33,17,18,19,13,13,13,0,67,\N,\N,32,16,1:20.004,198.485,13
1328,80,2,3,8,14,14,14,14,0,66,\N,\N,36,13,1:18.102,203.318,14
1329,80,39,17,19,17,15,15,15,0,66,\N,\N,9,17,1:20.156,198.108,14
1330,80,31,1,10,8,\N,R,16,0,46,\N,\N,24,3,1:16.656,207.154,5
1331,80,27,18,21,20,\N,R,17,0,37,\N,\N,8,18,1:21.077,195.858,29
1332,80,40,18,20,18,\N,R,18,0,33,\N,\N,4,19,1:21.451,194.958,29
1333,80,13,15,12,9,\N,R,19,0,30,\N,\N,11,9,1:17.805,204.094,9
1334,80,32,9,15,16,\N,R,20,0,1,\N,\N,\N,\N,\N,\N,32
1335,81,31,1,10,3,1,1,1,10,60,1:24:29.588,5069588,41,2,1:20.700,229.338,1
1336,81,4,4,5,1,2,2,2,8,60,+2.739,5072327,40,4,1:21.228,227.847,1
1337,81,8,1,9,12,3,3,3,6,60,+14.436,5084024,60,1,1:20.502,229.902,1
1338,81,21,4,6,6,4,4,4,5,60,+17.914,5087502,43,3,1:21.159,228.041,1
1339,81,18,16,3,2,5,5,5,4,60,+40.264,5109852,42,7,1:21.993,225.721,1
1340,81,30,6,1,9,6,6,6,3,60,+75.322,5144910,23,5,1:21.675,226.6,1
1341,81,22,6,2,5,7,7,7,2,60,+76.567,5146155,41,9,1:22.302,224.874,1
1342,81,23,7,17,8,8,8,8,1,60,+79.212,5148800,46,6,1:21.960,225.812,1
1343,81,15,7,16,4,9,9,9,0,60,+80.851,5150439,56,8,1:22.112,225.394,1
1344,81,13,15,12,16,10,10,10,0,59,\N,\N,45,10,1:22.466,224.427,11
1345,81,17,3,7,11,11,11,11,0,59,\N,\N,16,15,1:23.291,222.204,11
1346,81,2,3,8,14,12,12,12,0,59,\N,\N,58,16,1:23.360,222.02,11
1347,81,14,9,14,13,13,13,13,0,59,\N,\N,44,12,1:23.089,222.744,11
1348,81,35,15,11,10,14,14,14,0,59,\N,\N,16,14,1:23.210,222.42,11
1349,81,32,9,15,15,15,15,15,0,59,\N,\N,58,13,1:23.147,222.588,11
1350,81,11,16,4,7,16,16,16,0,58,\N,\N,54,11,1:22.551,224.195,12
1351,81,33,17,18,20,17,17,17,0,58,\N,\N,38,17,1:24.247,219.682,12
1352,81,27,18,21,18,18,18,18,0,57,\N,\N,53,19,1:26.182,214.75,13
1353,81,40,18,20,19,19,19,19,0,56,\N,\N,37,20,1:26.489,213.987,14
1354,81,39,17,19,17,\N,R,20,0,10,\N,\N,8,18,1:25.257,217.08,10
1355,82,4,4,5,3,1,1,1,10,67,1:26:28.599,5188599,21,2,1:15.235,218.866,1
1356,82,31,1,10,20,2,2,2,8,67,+22.569,5211168,54,4,1:15.878,217.011,1
1357,82,18,16,3,2,3,3,3,6,67,+24.422,5213021,19,3,1:15.843,217.111,1
1358,82,21,4,6,4,4,4,4,5,67,+50.587,5239186,21,5,1:15.890,216.977,1
1359,82,30,6,1,5,5,5,5,4,67,+51.690,5240289,18,7,1:16.099,216.381,1
1360,82,23,7,17,12,6,6,6,3,67,+52.242,5240841,23,6,1:16.073,216.455,1
1361,82,14,9,14,11,7,7,7,2,67,+52.700,5241299,18,8,1:16.233,216,1
1362,82,13,15,12,13,8,8,8,1,67,+56.570,5245169,45,10,1:16.288,215.845,1
1363,82,32,9,15,10,9,9,9,0,67,+69.818,5258417,45,9,1:16.236,215.992,1
1364,82,22,6,2,15,10,10,10,0,66,\N,\N,47,12,1:16.528,215.168,11
1365,82,2,3,8,7,11,11,11,0,66,\N,\N,10,13,1:16.607,214.946,11
1366,82,11,16,4,8,12,12,12,0,66,\N,\N,27,14,1:16.725,214.615,11
1367,82,27,18,21,16,13,13,13,0,65,\N,\N,11,19,1:18.425,209.963,12
1368,82,15,7,16,9,14,14,14,0,64,\N,\N,45,11,1:16.474,215.32,13
1369,82,35,15,11,14,15,15,15,0,64,\N,\N,26,16,1:17.122,213.511,13
1370,82,39,17,19,19,16,16,16,0,64,\N,\N,7,18,1:18.212,210.535,13
1371,82,33,17,18,18,17,17,17,0,64,\N,\N,12,17,1:18.106,210.821,13
1372,82,38,18,20,17,18,18,18,0,63,\N,\N,44,20,1:19.025,208.369,14
1373,82,17,3,7,6,\N,N,19,0,55,\N,\N,46,15,1:16.803,214.397,55
1374,82,8,1,9,1,\N,R,20,0,32,\N,\N,24,1,1:14.873,219.924,9
1375,83,8,1,9,4,1,1,1,10,70,1:37:25.552,5845552,40,1,1:21.219,194.186,1
1376,83,30,6,1,1,2,2,2,8,70,+35.581,5881133,13,3,1:21.476,193.573,1
1377,83,23,7,17,5,3,3,3,6,70,+36.129,5881681,13,5,1:21.873,192.634,1
1378,83,15,7,16,3,4,4,4,5,70,+54.221,5899773,32,4,1:21.842,192.707,1
1379,83,18,16,3,8,5,5,5,4,70,+58.832,5904384,70,8,1:22.406,191.388,1
1380,83,2,3,8,12,6,6,6,3,70,+68.375,5913927,53,6,1:22.053,192.212,1
1381,83,17,3,7,16,7,7,7,2,69,\N,\N,47,9,1:22.453,191.279,11
1382,83,11,16,4,10,8,8,8,1,69,\N,\N,45,7,1:22.399,191.405,11
1383,83,21,4,6,9,9,9,9,0,69,\N,\N,19,10,1:22.506,191.157,11
1384,83,22,6,2,7,10,10,10,0,69,\N,\N,20,11,1:22.768,190.551,11
1385,83,4,4,5,6,11,11,11,0,69,\N,\N,51,12,1:22.884,190.285,11
1386,83,39,17,19,18,12,12,12,0,67,\N,\N,17,15,1:24.446,186.765,13
1387,83,33,17,18,20,13,13,13,0,66,\N,\N,15,16,1:24.774,186.042,14
1388,83,13,15,12,14,14,14,14,0,63,\N,\N,22,13,1:23.048,189.909,17
1389,83,27,18,21,17,\N,N,15,0,59,\N,\N,8,18,1:25.956,183.484,45
1390,83,35,15,11,15,\N,R,16,0,56,\N,\N,23,14,1:23.118,189.749,56
1391,83,31,1,10,2,\N,R,17,0,41,\N,\N,20,2,1:21.237,194.143,30
1392,83,38,18,20,19,\N,R,18,0,26,\N,\N,16,17,1:25.646,184.148,9
1393,83,14,9,14,13,\N,R,19,0,0,\N,\N,\N,\N,\N,\N,3
1394,83,32,9,15,11,\N,R,20,0,0,\N,\N,\N,\N,\N,\N,3
1395,84,8,1,9,1,1,1,1,10,58,1:24:34.454,5074454,40,2,1:25.030,226,1
1396,84,4,4,5,3,2,2,2,8,58,+18.609,5093063,58,3,1:25.524,224.694,1
1397,84,31,1,10,4,3,3,3,6,58,+19.635,5094089,39,1,1:24.770,226.693,1
1398,84,21,4,6,2,4,4,4,5,58,+37.973,5112427,34,4,1:25.604,224.484,1
1399,84,18,16,3,13,5,5,5,4,58,+39.304,5113758,58,5,1:25.790,223.998,1
1400,84,15,7,16,5,6,6,6,3,58,+55.420,5129874,52,7,1:26.178,222.989,1
1401,84,14,9,14,12,7,7,7,2,58,+69.296,5143750,58,9,1:26.417,222.372,1
1402,84,32,9,15,10,8,8,8,1,58,+71.622,5146076,58,8,1:26.374,222.483,1
1403,84,11,16,4,20,9,9,9,0,58,+109.987,5184441,54,6,1:25.858,223.82,1
1404,84,22,6,2,11,10,10,10,0,57,\N,\N,45,11,1:26.635,221.813,11
1405,84,35,15,11,16,11,11,11,0,57,\N,\N,44,13,1:26.967,220.966,11
1406,84,23,7,17,9,12,12,12,0,57,\N,\N,38,15,1:27.025,220.819,11
1407,84,38,18,20,17,13,13,13,0,55,\N,\N,53,18,1:29.229,215.364,13
1408,84,39,17,19,18,14,14,14,0,55,\N,\N,42,19,1:29.286,215.227,13
1409,84,33,17,18,14,15,15,15,0,55,\N,\N,50,17,1:29.035,215.834,13
1410,84,27,18,21,15,\N,R,16,0,48,\N,\N,13,20,1:29.392,214.972,31
1411,84,30,6,1,19,\N,R,17,0,32,\N,\N,21,14,1:26.991,220.905,31
1412,84,2,3,8,6,\N,R,18,0,29,\N,\N,25,16,1:27.353,219.99,27
1413,84,13,15,12,8,\N,R,19,0,28,\N,\N,27,10,1:26.514,222.123,5
1414,84,17,3,7,7,\N,R,20,0,20,\N,\N,12,12,1:26.791,221.414,27
1415,85,31,1,10,1,1,1,1,10,53,1:14:28.659,4468659,15,2,1:21.828,254.861,1
1416,85,4,4,5,2,2,2,2,8,53,+2.479,4471138,16,3,1:22.146,253.874,1
1417,85,21,4,6,8,3,3,3,6,53,+17.975,4486634,16,4,1:22.587,252.519,1
1418,85,8,1,9,11,4,4,4,5,53,+22.775,4491434,51,1,1:21.504,255.874,1
1419,85,15,7,16,5,5,5,5,4,53,+33.786,4502445,19,5,1:22.831,251.775,1
1420,85,23,7,17,9,6,6,6,3,53,+43.925,4512584,19,8,1:23.076,251.032,1
1421,85,42,3,8,16,7,7,7,2,53,+44.643,4513302,21,6,1:22.870,251.656,1
1422,85,18,16,3,3,8,8,8,1,53,+63.635,4532294,16,9,1:23.161,250.776,1
1423,85,13,15,12,15,9,9,9,0,53,+75.413,4544072,18,11,1:23.365,250.162,1
1424,85,30,6,1,6,10,10,10,0,53,+96.070,4564729,5,13,1:23.584,249.507,1
1425,85,35,15,11,12,11,11,11,0,52,\N,\N,13,16,1:23.892,248.591,11
1426,85,22,6,2,7,12,12,12,0,52,\N,\N,13,12,1:23.466,249.859,11
1427,85,32,9,15,13,13,13,13,0,52,\N,\N,17,14,1:23.633,249.36,11
1428,85,17,3,7,14,14,14,14,0,52,\N,\N,40,7,1:22.935,251.459,11
1429,85,14,9,14,10,15,15,15,0,52,\N,\N,18,15,1:23.867,248.665,11
1430,85,11,16,4,4,16,16,16,0,52,\N,\N,14,10,1:23.341,250.234,11
1431,85,33,17,18,17,17,17,17,0,51,\N,\N,9,17,1:24.810,245.9,12
1432,85,38,18,20,18,18,18,18,0,51,\N,\N,31,20,1:25.193,244.794,12
1433,85,27,18,21,20,19,19,19,0,51,\N,\N,33,18,1:24.966,245.448,12
1434,85,39,17,19,19,20,20,20,0,50,\N,\N,17,19,1:25.146,244.929,13
1435,86,8,1,9,2,1,1,1,10,44,1:30:01.295,5401295,34,6,1:53.810,220.662,1
1436,86,4,4,5,4,2,2,2,8,44,+28.394,5429689,31,10,1:56.131,216.252,1
1437,86,18,16,3,8,3,3,3,6,44,+32.077,5433372,44,5,1:53.323,221.61,1
1438,86,17,3,7,9,4,4,4,5,44,+69.167,5470462,44,2,1:52.287,223.655,1
1439,86,22,6,2,12,5,5,5,4,44,+78.136,5479431,44,4,1:52.590,223.053,1
1440,86,35,15,11,14,6,6,6,3,44,+87.435,5488730,44,7,1:54.251,219.81,1
1441,86,23,7,17,5,7,7,7,2,44,+87.574,5488869,43,1,1:51.453,225.329,1
1442,86,33,17,18,19,8,8,8,1,43,\N,\N,41,17,1:57.886,213.032,11
1443,86,32,9,15,16,9,9,9,0,43,\N,\N,43,3,1:52.582,223.069,11
1444,86,13,15,12,7,10,10,10,0,43,\N,\N,28,16,1:57.748,213.282,11
1445,86,39,17,19,20,11,11,11,0,43,\N,\N,43,8,1:55.885,216.711,11
1446,86,27,18,21,18,12,12,12,0,42,\N,\N,6,20,2:01.627,206.48,12
1447,86,38,18,20,17,13,13,13,0,41,\N,\N,38,19,2:01.148,207.296,13
1448,86,31,1,10,1,14,14,14,0,40,\N,\N,14,9,1:55.988,216.518,4
1449,86,42,3,8,15,15,15,15,0,39,\N,\N,32,15,1:57.541,213.658,4
1450,86,15,7,16,3,\N,R,16,0,34,\N,\N,3,11,1:56.953,214.732,3
1451,86,14,9,14,11,\N,R,17,0,18,\N,\N,8,18,1:58.451,212.016,5
1452,86,30,6,1,6,\N,R,18,0,13,\N,\N,10,13,1:57.444,213.834,3
1453,86,11,16,4,10,\N,R,19,0,13,\N,\N,10,14,1:57.534,213.67,3
1454,86,21,4,6,13,\N,R,20,0,10,\N,\N,9,12,1:57.117,214.431,3
1455,87,31,1,10,2,1,1,1,10,71,1:29:20.574,5360574,27,2,1:12.650,213.522,1
1456,87,8,1,9,5,2,2,2,8,71,+2.527,5363101,29,1,1:12.268,214.651,1
1457,87,4,4,5,1,3,3,3,6,71,+24.840,5385414,21,3,1:12.653,213.513,1
1458,87,30,6,1,7,4,4,4,5,71,+35.668,5396242,25,4,1:12.800,213.082,1
1459,87,21,4,6,3,5,5,5,4,71,+40.218,5400792,11,5,1:13.190,211.946,1
1460,87,22,6,2,9,6,6,6,3,71,+69.173,5429747,49,6,1:13.192,211.941,1
1461,87,18,16,3,4,7,7,7,2,70,\N,\N,24,10,1:13.746,210.349,11
1462,87,23,7,17,10,8,8,8,1,70,\N,\N,25,9,1:13.724,210.411,11
1463,87,32,9,15,6,9,9,9,0,70,\N,\N,50,11,1:13.800,210.195,11
1464,87,11,16,4,19,10,10,10,0,70,\N,\N,32,14,1:14.394,208.516,11
1465,87,13,15,12,8,11,11,11,0,70,\N,\N,70,13,1:14.343,208.659,11
1466,87,35,15,11,20,12,12,12,0,70,\N,\N,25,12,1:14.054,209.474,11
1467,87,15,7,16,17,13,13,13,0,69,\N,\N,69,7,1:13.570,210.852,12
1468,87,27,18,21,16,14,14,14,0,69,\N,\N,19,17,1:15.527,205.388,12
1469,87,39,17,19,15,15,15,15,0,68,\N,\N,41,15,1:14.906,207.091,13
1470,87,33,17,18,11,\N,R,16,0,55,\N,\N,41,16,1:15.113,206.52,26
1471,87,17,3,7,12,\N,N,17,0,45,\N,\N,45,8,1:13.590,210.794,58
1472,87,38,18,20,18,\N,R,18,0,34,\N,\N,16,18,1:15.792,204.67,5
1473,87,42,3,8,13,\N,R,19,0,0,\N,\N,\N,\N,\N,\N,3
1474,87,14,9,14,14,\N,R,20,0,0,\N,\N,\N,\N,\N,\N,3
1475,88,8,1,9,17,1,1,1,10,53,1:29:02.212,5342212,44,1,1:31.540,228.372,1
1476,88,21,4,6,3,2,2,2,8,53,+1.633,5343845,19,3,1:32.522,225.948,1
1477,88,4,4,5,16,3,3,3,6,53,+17.456,5359668,21,2,1:31.599,228.225,1
1478,88,17,3,7,7,4,4,4,5,53,+22.274,5364486,21,7,1:33.022,224.733,1
1479,88,18,16,3,2,5,5,5,4,53,+29.507,5371719,19,4,1:32.754,225.383,1
1480,88,14,9,14,6,6,6,6,3,53,+31.601,5373813,18,8,1:33.023,224.731,1
1481,88,30,6,1,14,7,7,7,2,53,+33.879,5376091,25,5,1:32.763,225.361,1
1482,88,23,7,17,1,8,8,8,1,53,+49.548,5391760,9,6,1:32.795,225.283,1
1483,88,32,9,15,4,9,9,9,0,53,+51.925,5394137,49,12,1:33.499,223.587,1
1484,88,13,15,12,10,10,10,10,0,53,+57.509,5399721,43,10,1:33.232,224.227,1
1485,88,22,6,2,9,11,11,11,0,53,+60.633,5402845,52,9,1:33.133,224.466,1
1486,88,35,15,11,8,12,12,12,0,53,+83.221,5425433,50,11,1:33.288,224.093,1
1487,88,33,17,18,20,13,13,13,0,52,\N,\N,17,14,1:35.458,218.998,11
1488,88,38,18,20,15,14,14,14,0,51,\N,\N,50,17,1:36.574,216.468,12
1489,88,39,17,19,11,15,15,15,0,51,\N,\N,11,15,1:35.887,218.019,12
1490,88,27,18,21,13,16,16,16,0,49,\N,\N,33,16,1:36.039,217.674,14
1491,88,42,3,8,12,\N,R,17,0,9,\N,\N,9,18,1:36.711,216.161,3
1492,88,15,7,16,19,\N,R,18,0,9,\N,\N,9,19,1:37.428,214.57,3
1493,88,31,1,10,18,\N,R,19,0,0,\N,\N,\N,\N,\N,\N,3
1494,88,11,16,4,5,\N,D,20,0,52,\N,\N,28,13,1:34.186,221.956,2
1495,89,4,4,5,1,1,1,1,10,56,1:39:53.618,5993618,45,2,1:33.536,209.797,1
1496,89,8,1,9,3,2,2,2,8,56,+4.015,5997633,56,1,1:33.242,210.458,1
1497,89,23,7,17,9,3,3,3,6,56,+25.376,6018994,44,5,1:34.035,208.684,1
1498,89,21,4,6,2,4,4,4,5,56,+26.114,6019732,54,3,1:33.563,209.736,1
1499,89,32,9,15,14,5,5,5,4,56,+31.839,6025457,43,4,1:33.727,209.369,1
1500,89,13,15,12,11,6,6,6,3,56,+36.400,6030018,43,6,1:34.094,208.553,1
1501,89,17,3,7,10,7,7,7,2,56,+36.842,6030460,53,7,1:34.271,208.161,1
1502,89,18,16,3,4,8,8,8,1,56,+41.249,6034867,53,12,1:34.766,207.074,1
1503,89,14,9,14,7,9,9,9,0,56,+44.247,6037865,54,10,1:34.585,207.47,1
1504,89,35,15,11,16,10,10,10,0,56,+59.977,6053595,53,11,1:34.713,207.19,1
1505,89,33,17,18,19,11,11,11,0,56,+84.648,6078266,13,17,1:36.563,203.22,1
1506,89,22,6,2,8,12,12,12,0,56,+92.812,6086430,18,13,1:35.011,206.54,1
1507,89,42,3,8,13,13,13,13,0,55,\N,\N,52,9,1:34.560,207.525,59
1508,89,38,18,20,20,14,14,14,0,55,\N,\N,54,18,1:36.894,202.526,60
1509,89,15,7,16,12,15,15,15,0,55,\N,\N,16,14,1:35.347,205.812,11
1510,89,27,18,21,18,16,16,16,0,50,\N,\N,48,19,1:37.215,201.857,61
1511,89,11,16,4,17,\N,R,17,0,34,\N,\N,17,15,1:35.587,205.295,6
1512,89,39,17,19,15,\N,R,18,0,28,\N,\N,17,20,1:37.398,201.478,3
1513,89,31,1,10,5,\N,R,19,0,24,\N,\N,15,8,1:34.501,207.654,5
1514,89,30,6,1,6,\N,R,20,0,20,\N,\N,16,16,1:35.877,204.674,20
1515,90,30,6,1,1,1,1,1,10,58,1:24:15.757,5055757,29,1,1:24.125,226.933,1
1516,90,22,6,2,2,2,2,2,8,58,+13.605,5069362,8,2,1:24.179,226.788,1
1517,90,4,4,8,5,3,3,3,6,58,+34.673,5090430,10,3,1:25.088,224.365,1
1518,90,23,3,4,8,4,4,4,5,58,+60.423,5116180,11,5,1:25.824,222.441,1
1519,90,31,3,3,3,5,5,5,4,58,+68.536,5124293,42,4,1:25.286,223.844,1
1520,90,18,16,9,4,6,6,6,3,58,+70.598,5126355,24,7,1:25.982,222.032,1
1521,90,15,4,7,9,7,7,7,2,57,\N,\N,9,9,1:26.275,221.278,11
1522,90,14,1,5,12,8,8,8,1,57,\N,\N,13,11,1:26.328,221.142,11
1523,90,11,16,10,7,9,9,9,0,57,\N,\N,43,8,1:26.077,221.787,11
1524,90,21,15,11,14,10,10,10,0,57,\N,\N,39,10,1:26.282,221.26,11
1525,90,32,19,15,19,11,11,11,0,56,\N,\N,6,16,1:27.840,217.336,12
1526,90,43,7,16,13,12,12,12,0,56,\N,\N,41,15,1:27.820,217.385,12
1527,90,44,7,17,18,13,13,13,0,56,\N,\N,35,14,1:27.807,217.417,12
1528,90,45,17,19,16,14,14,14,0,55,\N,\N,15,18,1:28.523,215.659,13
1529,90,13,15,12,11,\N,R,15,0,44,\N,\N,11,12,1:26.846,219.823,5
1530,90,2,17,18,15,\N,R,16,0,43,\N,\N,27,13,1:27.503,218.173,7
1531,90,46,18,20,20,\N,N,17,0,43,\N,\N,10,19,1:30.161,211.741,62
1532,90,17,19,14,6,\N,R,18,0,29,\N,\N,15,6,1:25.952,222.11,7
1533,90,47,18,21,17,\N,R,19,0,13,\N,\N,8,20,1:30.621,210.666,10
1534,90,8,1,6,10,\N,R,20,0,9,\N,\N,7,17,1:27.936,217.098,5
1535,91,30,6,1,1,1,1,1,10,56,1:31:07.490,5467490,6,2,1:34.819,210.451,1
1536,91,31,3,3,4,2,2,2,8,56,+5.022,5472512,28,1,1:34.223,211.782,1
1537,91,18,16,9,6,3,3,3,6,56,+11.568,5479058,28,3,1:34.967,210.123,1
1538,91,22,6,2,3,4,4,4,5,56,+13.616,5481106,7,6,1:35.350,209.279,1
1539,91,15,4,7,8,5,5,5,4,56,+37.360,5504850,12,4,1:35.039,209.964,1
1540,91,14,1,5,9,6,6,6,3,56,+53.098,5520588,26,9,1:35.852,208.183,1
1541,91,4,4,8,19,7,7,7,2,56,+67.877,5535367,7,10,1:35.888,208.105,1
1542,91,13,15,12,11,8,8,8,1,55,\N,\N,7,13,1:36.570,206.635,11
1543,91,43,7,16,10,9,9,9,0,55,\N,\N,22,12,1:36.544,206.691,11
1544,91,32,19,15,13,10,10,10,0,55,\N,\N,12,16,1:37.031,205.653,11
1545,91,21,15,11,12,11,11,11,0,55,\N,\N,54,14,1:36.675,206.411,11
1546,91,44,7,17,14,12,12,12,0,55,\N,\N,23,11,1:35.951,207.968,11
1547,91,45,17,19,18,13,13,13,0,54,\N,\N,41,18,1:39.527,200.496,12
1548,91,46,18,20,16,14,14,14,0,53,\N,\N,11,19,1:39.911,199.725,13
1549,91,11,16,10,20,15,15,15,0,52,\N,\N,13,8,1:35.679,208.559,14
1550,91,47,18,21,17,16,16,16,0,52,\N,\N,12,20,1:40.123,199.302,14
1551,91,8,1,6,5,\N,R,17,0,40,\N,\N,12,5,1:35.156,209.706,7
1552,91,2,17,18,15,\N,R,18,0,34,\N,\N,15,17,1:37.433,204.805,7
1553,91,23,3,4,7,\N,R,19,0,27,\N,\N,10,7,1:35.607,208.716,5
1554,91,17,19,14,2,\N,R,20,0,23,\N,\N,9,15,1:36.922,205.885,20
1555,92,30,6,1,1,1,1,1,10,57,1:28:34.875,5314875,7,1,1:30.252,216.074,1
1556,92,22,6,2,2,2,2,2,8,57,+1.367,5316242,29,4,1:30.876,214.591,1
1557,92,18,16,9,6,3,3,3,6,57,+26.687,5341562,24,5,1:30.960,214.393,1
1558,92,15,4,7,7,4,4,4,5,57,+32.214,5347089,24,8,1:31.421,213.312,1
1559,92,11,16,10,5,5,5,5,4,57,+52.460,5367335,55,7,1:31.101,214.061,1
1560,92,4,4,8,16,6,6,6,3,57,+53.156,5368031,39,2,1:30.654,215.116,1
1561,92,23,3,4,4,7,7,7,2,57,+58.155,5373030,56,3,1:30.781,214.815,1
1562,92,17,19,14,14,8,8,8,1,56,\N,\N,19,10,1:32.277,211.333,11
1563,92,44,7,17,8,9,9,9,0,56,\N,\N,22,13,1:32.401,211.049,11
1564,92,43,7,16,9,10,10,10,0,56,\N,\N,23,11,1:32.319,211.237,11
1565,92,21,15,11,11,11,11,11,0,56,\N,\N,40,12,1:32.329,211.214,11
1566,92,13,15,12,13,12,12,12,0,56,\N,\N,44,15,1:32.690,210.391,11
1567,92,31,3,3,3,13,13,13,0,56,\N,\N,28,6,1:30.977,214.353,11
1568,92,32,19,15,12,14,14,14,0,56,\N,\N,38,14,1:32.533,210.748,11
1569,92,2,17,18,18,15,15,15,0,56,\N,\N,56,16,1:33.284,209.051,11
1570,92,45,17,19,15,16,16,16,0,55,\N,\N,9,18,1:34.032,207.388,12
1571,92,46,18,20,17,17,17,17,0,52,\N,\N,40,20,1:35.130,204.995,15
1572,92,14,1,5,10,\N,R,18,0,50,\N,\N,19,9,1:31.861,212.29,63
1573,92,47,18,21,20,\N,R,19,0,44,\N,\N,24,19,1:34.555,206.241,5
1574,92,8,1,6,19,\N,R,20,0,7,\N,\N,7,17,1:33.527,208.508,5
1575,93,30,6,1,2,1,1,1,10,62,1:26:19.670,5179670,10,1,1:20.411,220.85,1
1576,93,18,16,9,1,2,2,2,8,62,+9.702,5189372,28,2,1:21.201,218.701,1
1577,93,31,3,3,3,3,3,3,6,62,+21.617,5201287,27,6,1:21.870,216.914,1
1578,93,4,4,8,6,4,4,4,5,62,+23.654,5203324,59,3,1:21.650,217.499,1
1579,93,15,4,7,9,5,5,5,4,62,+36.216,5215886,11,4,1:21.666,217.456,1
1580,93,22,6,2,4,6,6,6,3,62,+36.683,5216353,31,7,1:21.873,216.906,1
1581,93,23,3,4,5,7,7,7,2,62,+55.730,5235400,30,5,1:21.689,217.395,1
1582,93,8,1,6,20,8,8,8,1,61,\N,\N,39,9,1:22.500,215.258,11
1583,93,21,15,11,18,9,9,9,0,61,\N,\N,60,10,1:22.654,214.857,11
1584,93,13,15,12,12,10,10,10,0,61,\N,\N,36,12,1:22.895,214.232,11
1585,93,44,7,17,13,11,11,11,0,61,\N,\N,59,11,1:22.861,214.32,11
1586,93,14,1,5,11,12,12,12,0,61,\N,\N,42,14,1:22.951,214.087,11
1587,93,17,19,14,8,13,13,13,0,61,\N,\N,55,13,1:22.931,214.139,11
1588,93,32,19,15,14,14,14,14,0,60,\N,\N,27,17,1:23.647,212.306,12
1589,93,47,18,21,19,15,15,15,0,58,\N,\N,58,19,1:26.075,206.317,14
1590,93,11,16,10,7,16,16,16,0,56,\N,\N,44,8,1:21.929,216.758,5
1591,93,2,17,18,16,\N,R,17,0,48,\N,\N,44,16,1:23.381,212.983,30
1592,93,43,7,16,10,\N,R,18,0,32,\N,\N,25,15,1:23.108,213.683,3
1593,93,46,18,20,17,\N,R,19,0,22,\N,\N,11,20,1:26.857,204.46,23
1594,93,45,17,19,15,\N,R,20,0,6,\N,\N,6,18,1:25.457,207.809,9
1595,94,30,6,1,1,1,1,1,10,66,1:27:32.841,5252841,12,1,1:17.450,215.07,1
1596,94,22,6,2,5,2,2,2,8,66,+13.290,5266131,16,5,1:17.887,213.863,1
1597,94,15,4,7,4,3,3,3,6,66,+32.294,5285135,12,6,1:18.178,213.067,1
1598,94,4,4,8,8,4,4,4,5,66,+32.952,5285793,27,3,1:17.556,214.776,1
1599,94,11,16,10,3,5,5,5,4,66,+42.327,5295168,47,4,1:17.678,214.439,1
1600,94,23,3,4,6,6,6,6,3,66,+73.804,5326645,27,8,1:18.548,212.063,1
1601,94,21,15,11,12,7,7,7,2,66,+77.108,5329949,37,13,1:19.062,210.685,1
1602,94,18,16,9,14,8,8,8,1,65,\N,\N,46,2,1:17.495,214.945,11
1603,94,13,15,12,17,9,9,9,0,65,\N,\N,43,10,1:18.819,211.334,11
1604,94,14,1,5,10,10,10,10,0,65,\N,\N,38,16,1:19.175,210.384,11
1605,94,8,1,6,13,11,11,11,0,65,\N,\N,48,11,1:18.842,211.273,11
1606,94,17,19,14,9,12,12,12,0,65,\N,\N,11,9,1:18.617,211.877,11
1607,94,43,7,16,11,13,13,13,0,65,\N,\N,29,14,1:19.112,210.552,11
1608,94,45,17,19,19,\N,R,14,0,51,\N,\N,27,18,1:19.896,208.486,38
1609,94,31,3,3,2,\N,R,15,0,46,\N,\N,28,7,1:18.262,212.838,23
1610,94,32,19,15,16,\N,R,16,0,43,\N,\N,18,15,1:19.142,210.472,37
1611,94,44,7,17,7,\N,R,17,0,33,\N,\N,10,17,1:19.199,210.32,9
1612,94,2,17,18,15,\N,R,18,0,33,\N,\N,25,12,1:18.971,210.928,9
1613,94,46,18,20,18,\N,R,19,0,31,\N,\N,3,19,1:22.323,202.339,20
1614,94,47,18,21,20,\N,R,20,0,17,\N,\N,8,20,1:23.390,199.75,20
1615,95,15,4,7,1,1,1,1,10,77,1:45:46.601,6346601,22,2,1:14.870,160.598,1
1616,95,18,16,9,2,2,2,2,8,77,+0.497,6347098,40,3,1:15.220,159.851,1
1617,95,22,6,2,6,3,3,3,6,77,+75.766,6422367,16,6,1:15.763,158.705,1
1618,95,31,3,3,9,4,4,4,5,76,\N,\N,41,5,1:15.395,159.48,11
1619,95,13,15,12,16,5,5,5,4,76,\N,\N,23,10,1:17.151,155.85,11
1620,95,43,7,16,15,6,6,6,3,76,\N,\N,22,8,1:16.232,157.729,11
1621,95,2,17,18,17,7,7,7,2,75,\N,\N,35,13,1:18.262,153.637,12
1622,95,44,7,17,13,8,8,8,1,74,\N,\N,57,9,1:16.494,157.188,13
1623,95,47,18,21,19,9,9,9,0,71,\N,\N,2,19,1:21.886,146.838,16
1624,95,23,3,4,12,10,10,10,0,69,\N,\N,18,12,1:17.588,154.972,6
1625,95,30,6,1,4,\N,R,11,0,45,\N,\N,23,1,1:14.439,161.528,4
1626,95,4,4,8,3,\N,R,12,0,41,\N,\N,23,4,1:15.226,159.838,3
1627,95,8,1,6,5,\N,R,13,0,27,\N,\N,15,7,1:16.203,157.789,63
1628,95,46,18,20,20,\N,R,14,0,15,\N,\N,10,18,1:21.592,147.367,6
1629,95,45,17,19,18,\N,R,15,0,12,\N,\N,10,14,1:19.415,151.407,7
1630,95,17,19,14,11,\N,R,16,0,11,\N,\N,11,11,1:17.466,155.216,6
1631,95,11,16,10,7,\N,R,17,0,2,\N,\N,2,17,1:21.368,147.773,5
1632,95,14,1,5,8,\N,R,18,0,2,\N,\N,2,15,1:20.560,149.255,4
1633,95,21,15,11,10,\N,R,19,0,2,\N,\N,2,16,1:20.804,148.804,4
1634,95,32,19,15,14,\N,R,20,0,0,\N,\N,\N,\N,\N,\N,3
1635,96,30,6,1,1,1,1,1,10,60,1:32:35.101,5555101,7,1,1:29.468,207.144,1
1636,96,22,6,2,7,2,2,2,8,60,+17.989,5573090,14,3,1:30.101,205.689,1
1637,96,18,16,9,5,3,3,3,6,60,+22.533,5577634,13,4,1:30.457,204.879,1
1638,96,15,4,7,3,4,4,4,5,60,+53.673,5608774,30,6,1:31.131,203.364,1
1639,96,4,4,8,6,5,5,5,4,60,+60.987,5616088,29,5,1:31.065,203.511,1
1640,96,21,15,11,19,6,6,6,3,60,+73.448,5628549,23,7,1:31.413,202.737,1
1641,96,17,19,14,14,7,7,7,2,60,+76.206,5631307,37,10,1:31.893,201.678,1
1642,96,31,3,3,8,8,8,8,1,59,\N,\N,43,8,1:31.424,202.712,11
1643,96,13,15,12,16,9,9,9,0,59,\N,\N,37,14,1:32.729,199.859,11
1644,96,2,17,18,13,10,10,10,0,59,\N,\N,55,11,1:32.121,201.178,11
1645,96,44,7,17,10,11,11,11,0,59,\N,\N,12,13,1:32.506,200.341,11
1646,96,32,19,15,12,12,12,12,0,59,\N,\N,14,16,1:32.804,199.698,11
1647,96,45,17,19,15,13,13,13,0,58,\N,\N,27,15,1:32.772,199.767,12
1648,96,46,18,20,20,14,14,14,0,57,\N,\N,7,18,1:35.555,193.949,13
1649,96,47,18,21,17,15,15,15,0,57,\N,\N,46,17,1:34.666,195.77,13
1650,96,11,16,10,2,\N,R,16,0,47,\N,\N,11,2,1:30.004,205.91,5
1651,96,14,1,5,18,\N,R,17,0,25,\N,\N,14,12,1:32.337,200.708,5
1652,96,8,1,6,4,\N,R,18,0,9,\N,\N,2,9,1:31.670,202.168,5
1653,96,23,3,4,9,\N,R,19,0,0,\N,\N,\N,\N,\N,\N,4
1654,96,43,7,16,11,\N,R,20,0,0,\N,\N,\N,\N,\N,\N,4
1655,97,30,6,1,6,1,1,1,10,70,1:28:24.803,5304803,18,2,1:13.630,213.222,1
1656,97,22,6,2,7,2,2,2,8,70,+5.108,5309911,68,1,1:13.622,213.246,1
1657,97,18,16,9,2,3,3,3,6,70,+20.409,5325212,68,5,1:14.246,211.453,1
1658,97,21,15,11,11,4,4,4,5,69,\N,\N,47,9,1:15.078,209.11,11
1659,97,8,1,6,8,5,5,5,4,69,\N,\N,44,7,1:14.752,210.022,11
1660,97,14,1,5,9,6,6,6,3,69,\N,\N,55,10,1:15.478,208.002,11
1661,97,10,17,19,16,7,7,7,2,68,\N,\N,42,16,1:16.300,205.761,12
1662,97,2,17,18,15,8,8,8,1,68,\N,\N,18,14,1:15.890,206.873,12
1663,97,32,19,15,10,9,9,9,0,67,\N,\N,45,13,1:15.731,207.307,13
1664,97,47,18,21,18,10,10,10,0,66,\N,\N,64,18,1:17.516,202.533,14
1665,97,13,15,12,17,\N,R,11,0,62,\N,\N,25,11,1:15.560,207.776,3
1666,97,11,16,10,20,\N,R,12,0,48,\N,\N,25,8,1:15.076,209.116,5
1667,97,4,4,8,5,\N,R,13,0,44,\N,\N,41,4,1:14.179,211.644,30
1668,97,46,18,20,19,\N,R,14,0,30,\N,\N,25,19,1:18.025,201.212,6
1669,97,17,19,14,14,\N,R,15,0,6,\N,\N,6,17,1:16.739,204.584,22
1670,97,15,4,7,3,\N,R,16,0,0,\N,\N,\N,\N,\N,\N,7
1671,97,23,3,4,1,\N,D,17,0,70,\N,\N,70,3,1:14.040,212.042,2
1672,97,31,3,3,4,\N,D,18,0,70,\N,\N,69,6,1:14.295,211.314,2
1673,97,43,7,16,12,\N,D,19,0,69,\N,\N,39,12,1:15.652,207.523,2
1674,97,44,7,17,13,\N,D,20,0,69,\N,\N,23,15,1:16.045,206.451,2
1675,98,30,6,1,2,1,1,1,10,73,1:40:29.914,6029914,8,2,1:10.412,214.327,1
1676,98,22,6,2,1,2,2,2,8,73,+2.950,6032864,7,1,1:10.399,214.366,1
1677,98,11,16,10,3,3,3,3,6,73,+22.036,6051950,47,3,1:10.727,213.372,1
1678,98,15,4,7,20,4,4,4,5,73,+34.544,6064458,45,6,1:11.187,211.993,1
1679,98,44,7,17,8,5,5,5,4,73,+37.534,6067448,46,4,1:10.933,212.752,1
1680,98,8,1,6,7,6,6,6,3,72,\N,\N,59,8,1:11.248,211.812,11
1681,98,14,1,5,12,7,7,7,2,72,\N,\N,44,13,1:12.155,209.149,11
1682,98,47,18,21,19,8,8,8,1,70,\N,\N,39,16,1:14.097,203.668,13
1683,98,21,15,11,14,9,9,9,0,65,\N,\N,44,11,1:12.129,209.225,18
1684,98,17,19,14,10,\N,R,10,0,60,\N,\N,46,12,1:12.140,209.193,5
1685,98,31,3,3,5,\N,D,11,0,57,\N,\N,37,9,1:11.255,211.791,2
1686,98,2,17,18,16,\N,R,12,0,40,\N,\N,37,15,1:13.095,206.46,5
1687,98,18,16,9,4,\N,R,13,0,26,\N,\N,22,5,1:11.025,212.477,6
1688,98,43,7,16,11,\N,R,14,0,17,\N,\N,8,14,1:12.872,207.091,6
1689,98,23,3,4,6,\N,R,15,0,9,\N,\N,8,10,1:11.982,209.652,27
1690,98,4,4,8,9,\N,R,16,0,8,\N,\N,8,7,1:11.236,211.847,27
1691,98,32,19,15,13,\N,R,17,0,0,\N,\N,\N,\N,\N,\N,4
1692,98,13,15,12,15,\N,R,18,0,0,\N,\N,\N,\N,\N,\N,4
1693,98,45,17,19,17,\N,R,19,0,0,\N,\N,\N,\N,\N,\N,4
1694,98,46,18,20,18,\N,R,20,0,0,\N,\N,\N,\N,\N,\N,4
1695,99,30,6,1,2,1,1,1,10,70,1:30:18.133,5418133,32,1,1:15.377,210.669,1
1696,99,4,4,8,1,2,2,2,8,70,+8.329,5426462,34,2,1:15.551,210.183,1
1697,99,22,6,2,10,3,3,3,6,70,+31.622,5449755,50,6,1:16.035,208.845,1
1698,99,15,4,7,5,4,4,4,5,70,+32.082,5450215,15,9,1:16.248,208.262,1
1699,99,18,16,9,4,5,5,5,4,70,+32.484,5450617,50,5,1:15.971,209.021,1
1700,99,14,1,5,3,6,6,6,3,70,+35.520,5453653,11,10,1:16.303,208.112,1
1701,99,8,1,6,9,7,7,7,2,70,+36.230,5454363,30,3,1:15.791,209.518,1
1702,99,31,3,3,6,8,8,8,1,70,+43.419,5461552,48,8,1:16.140,208.557,1
1703,99,17,19,14,12,9,9,9,0,70,+52.394,5470527,53,4,1:15.956,209.063,1
1704,99,48,3,4,8,10,10,10,0,70,+58.166,5476299,56,7,1:16.070,208.749,1
1705,99,32,19,15,13,11,11,11,0,69,\N,\N,37,13,1:16.852,206.625,11
1706,99,21,15,11,15,12,12,12,0,69,\N,\N,22,11,1:16.699,207.037,11
1707,99,13,15,12,16,13,13,13,0,69,\N,\N,23,16,1:17.388,205.194,11
1708,99,43,7,16,11,14,14,14,0,69,\N,\N,49,14,1:16.937,206.397,11
1709,99,44,7,17,14,15,15,15,0,68,\N,\N,53,15,1:17.069,206.043,12
1710,99,2,17,18,17,16,16,16,0,68,\N,\N,26,18,1:18.627,201.961,12
1711,99,45,17,19,18,17,17,17,0,67,\N,\N,15,17,1:17.641,204.525,13
1712,99,46,18,20,19,18,18,18,0,66,\N,\N,52,19,1:18.932,201.18,14
1713,99,47,18,21,20,\N,R,19,0,31,\N,\N,13,20,1:19.659,199.344,20
1714,99,11,16,10,7,\N,R,20,0,15,\N,\N,14,12,1:16.809,206.741,5
1715,100,30,6,1,4,1,1,1,10,60,1:24:42.700,5082700,14,1,1:18.739,235.049,1
1716,100,8,1,6,1,2,2,2,8,60,+2.130,5084830,10,4,1:19.554,232.641,1
1717,100,22,6,2,2,3,3,3,6,60,+3.114,5085814,8,2,1:19.296,233.398,1
1718,100,18,16,9,3,4,4,4,5,60,+10.683,5093383,10,3,1:19.488,232.835,1
1719,100,31,3,3,7,5,5,5,4,60,+12.173,5094873,26,6,1:19.968,231.437,1
1720,100,21,15,11,20,6,6,6,3,60,+12.888,5095588,22,5,1:19.813,231.887,1
1721,100,14,1,5,6,7,7,7,2,60,+19.668,5102368,25,10,1:20.547,229.773,1
1722,100,17,19,14,9,8,8,8,1,60,+23.701,5106401,11,12,1:20.768,229.145,1
1723,100,13,15,12,10,9,9,9,0,60,+24.023,5106723,58,9,1:20.484,229.953,1
1724,100,4,4,8,16,10,10,10,0,60,+24.835,5107535,39,8,1:20.442,230.073,1
1725,100,11,16,10,8,11,11,11,0,60,+33.736,5116436,12,14,1:20.790,229.082,1
1726,100,48,3,4,11,12,12,12,0,60,+34.303,5117003,58,7,1:20.434,230.096,1
1727,100,43,7,16,12,13,13,13,0,59,\N,\N,35,13,1:20.768,229.145,11
1728,100,32,19,15,13,14,14,14,0,59,\N,\N,10,15,1:20.956,228.613,11
1729,100,2,17,18,15,15,15,15,0,59,\N,\N,17,16,1:21.720,226.475,11
1730,100,46,18,20,18,16,16,16,0,56,\N,\N,33,19,1:24.296,219.554,14
1731,100,45,17,19,14,\N,R,17,0,47,\N,\N,13,17,1:22.146,225.301,20
1732,100,15,4,7,5,\N,R,18,0,39,\N,\N,34,11,1:20.655,229.466,3
1733,100,47,18,21,19,\N,R,19,0,29,\N,\N,12,20,1:24.317,219.5,5
1734,100,44,7,17,17,\N,R,20,0,16,\N,\N,4,18,1:23.131,222.631,3
1735,101,30,6,1,1,1,1,1,10,66,1:23:54.848,5034848,5,2,1:13.783,223.173,1
1736,101,18,16,9,13,2,2,2,8,66,+8.388,5043236,11,3,1:14.117,222.167,1
1737,101,4,4,8,5,3,3,3,6,66,+16.351,5051199,8,5,1:14.265,221.724,1
1738,101,14,1,5,4,4,4,4,5,66,+19.231,5054079,8,8,1:14.558,220.853,1
1739,101,31,3,3,2,5,5,5,4,66,+23.055,5057903,10,7,1:14.446,221.185,1
1740,101,17,19,14,11,6,6,6,3,66,+41.108,5075956,65,11,1:14.883,219.895,1
1741,101,42,3,4,10,7,7,7,2,66,+41.956,5076804,65,10,1:14.586,220.77,1
1742,101,11,16,10,8,8,8,8,1,66,+46.842,5081690,29,9,1:14.585,220.773,1
1743,101,21,15,11,14,9,9,9,0,66,+67.102,5101950,39,15,1:15.635,217.708,1
1744,101,32,19,15,12,10,10,10,0,66,+68.578,5103426,33,13,1:15.045,219.42,1
1745,101,15,4,7,6,11,11,11,0,66,+70.258,5105106,9,6,1:14.386,221.364,1
1746,101,22,6,2,7,12,12,12,0,66,+73.252,5108100,59,12,1:14.963,219.66,1
1747,101,13,15,12,16,13,13,13,0,65,\N,\N,61,17,1:16.248,215.958,11
1748,101,44,7,17,9,14,14,14,0,65,\N,\N,59,4,1:14.247,221.778,11
1749,101,45,17,19,17,15,15,15,0,63,\N,\N,63,16,1:16.058,216.497,13
1750,101,47,18,21,20,16,16,16,0,62,\N,\N,18,20,1:18.760,209.07,14
1751,101,46,18,20,19,17,17,17,0,62,\N,\N,52,19,1:18.372,210.105,14
1752,101,2,17,18,18,\N,R,18,0,42,\N,\N,20,18,1:16.903,214.119,64
1753,101,43,7,16,15,\N,R,19,0,38,\N,\N,20,14,1:15.145,219.128,29
1754,101,8,1,6,3,\N,R,20,0,13,\N,\N,10,1,1:13.780,223.182,65
1755,102,30,6,1,1,1,1,1,10,70,1:35:26.131,5726131,29,1,1:19.071,199.461,1
1756,102,22,6,2,2,2,2,2,8,70,+4.696,5730827,29,2,1:19.213,199.103,1
1757,102,4,4,8,5,3,3,3,6,70,+44.599,5770730,49,3,1:20.275,196.469,1
1758,102,31,3,3,7,4,4,4,5,70,+62.613,5788744,49,7,1:20.715,195.398,1
1759,102,18,16,9,4,5,5,5,4,70,+67.439,5793570,47,4,1:20.425,196.103,1
1760,102,11,16,10,3,6,6,6,3,69,\N,\N,10,10,1:21.030,194.639,11
1761,102,42,3,4,6,7,7,7,2,69,\N,\N,48,5,1:20.501,195.918,11
1762,102,21,15,11,8,8,8,8,1,69,\N,\N,53,9,1:21.022,194.658,11
1763,102,14,1,5,12,9,9,9,0,69,\N,\N,67,11,1:21.134,194.389,11
1764,102,17,19,14,11,10,10,10,0,69,\N,\N,45,8,1:20.825,195.132,11
1765,102,44,7,17,13,11,11,11,0,69,\N,\N,50,12,1:21.310,193.968,11
1766,102,2,17,18,16,12,12,12,0,68,\N,\N,68,13,1:21.518,193.473,12
1767,102,32,19,15,14,13,13,13,0,68,\N,\N,45,17,1:22.530,191.101,12
1768,102,46,18,20,19,14,14,14,0,66,\N,\N,65,19,1:24.601,186.423,14
1769,102,47,18,21,18,15,15,15,0,65,\N,\N,63,20,1:24.855,185.865,15
1770,102,45,17,19,17,\N,R,16,0,48,\N,\N,43,18,1:22.927,190.186,6
1771,102,15,4,7,9,\N,R,17,0,41,\N,\N,10,6,1:20.705,195.422,5
1772,102,41,7,16,15,\N,R,18,0,31,\N,\N,13,16,1:22.525,191.112,40
1773,102,13,15,12,20,\N,R,19,0,21,\N,\N,14,15,1:21.856,192.674,23
1774,102,8,1,6,10,\N,R,20,0,13,\N,\N,6,14,1:21.678,193.094,10
1775,103,8,1,6,10,1,1,1,10,44,1:32:35.274,5555274,42,1,1:45.108,238.931,1
1776,103,30,6,1,2,2,2,2,8,44,+3.132,5558406,28,2,1:45.503,238.036,1
1777,103,22,6,2,6,3,3,3,6,44,+4.371,5559645,43,3,1:45.666,237.669,1
1778,103,13,15,12,8,4,4,4,5,44,+12.504,5567778,29,13,1:47.624,233.345,1
1779,103,21,15,11,5,5,5,5,4,44,+14.104,5569378,11,9,1:46.758,235.238,1
1780,103,32,19,15,13,6,6,6,3,44,+14.614,5569888,11,11,1:47.509,233.595,1
1781,103,14,1,5,4,7,7,7,2,44,+17.970,5573244,11,7,1:46.579,235.633,1
1782,103,44,7,17,9,8,8,8,1,44,+18.693,5573967,29,14,1:47.765,233.04,1
1783,103,15,4,7,1,9,9,9,0,44,+22.115,5577389,9,5,1:45.898,237.148,1
1784,103,41,7,16,20,10,10,10,0,41,\N,\N,26,12,1:47.576,233.449,5
1785,103,2,17,18,16,11,11,11,0,40,\N,\N,40,15,1:50.471,227.332,14
1786,103,31,3,3,11,\N,R,12,0,37,\N,\N,36,6,1:46.547,235.704,27
1787,103,42,3,4,14,\N,R,13,0,31,\N,\N,26,8,1:46.740,235.278,6
1788,103,18,16,9,12,\N,R,14,0,29,\N,\N,26,10,1:47.151,234.375,4
1789,103,47,18,21,18,\N,R,15,0,28,\N,\N,25,16,1:51.031,226.185,4
1790,103,4,4,8,3,\N,R,16,0,11,\N,\N,9,4,1:45.870,237.211,5
1791,103,17,19,14,7,\N,R,17,0,0,\N,\N,\N,\N,\N,\N,4
1792,103,11,16,10,15,\N,R,18,0,0,\N,\N,\N,\N,\N,\N,4
1793,103,46,18,20,17,\N,R,19,0,0,\N,\N,\N,\N,\N,\N,4
1794,103,45,17,19,19,\N,R,20,0,0,\N,\N,\N,\N,\N,\N,4
1795,104,22,6,2,1,1,1,1,10,53,1:15:18.448,4518448,41,1,1:21.046,257.32,1
1796,104,30,6,1,3,2,2,2,8,53,+1.347,4519795,35,2,1:21.361,256.324,1
1797,104,18,16,9,6,3,3,3,6,53,+10.197,4528645,13,6,1:22.671,252.262,1
1798,104,11,16,10,5,4,4,4,5,53,+15.370,4533818,32,5,1:22.660,252.296,1
1799,104,31,3,3,2,5,5,5,4,53,+32.352,4550800,32,10,1:22.929,251.477,1
1800,104,14,1,5,10,6,6,6,3,53,+33.439,4551887,24,9,1:22.889,251.599,1
1801,104,42,3,4,8,7,7,7,2,53,+33.752,4552200,32,3,1:22.246,253.566,1
1802,104,21,15,11,15,8,8,8,1,53,+35.431,4553879,51,4,1:22.615,252.433,1
1803,104,17,19,14,12,9,9,9,0,53,+56.761,4575209,53,12,1:23.090,250.99,1
1804,104,15,4,7,9,10,10,10,0,53,+66.316,4584764,52,7,1:22.855,251.702,1
1805,104,41,7,16,11,11,11,11,0,53,+82.531,4600979,52,14,1:23.410,250.027,1
1806,104,13,15,12,16,12,12,12,0,52,\N,\N,50,11,1:22.941,251.441,11
1807,104,32,19,15,14,13,13,13,0,52,\N,\N,29,15,1:23.432,249.961,11
1808,104,2,17,18,20,14,14,14,0,52,\N,\N,23,17,1:24.166,247.781,11
1809,104,47,18,21,19,15,15,15,0,50,\N,\N,31,18,1:26.356,241.497,13
1810,104,4,4,8,4,\N,R,16,0,40,\N,\N,31,8,1:22.881,251.623,20
1811,104,45,17,19,17,\N,R,17,0,33,\N,\N,13,16,1:24.061,248.091,3
1812,104,46,18,20,18,\N,R,18,0,29,\N,\N,24,19,1:26.371,241.456,66
1813,104,8,1,6,7,\N,R,19,0,13,\N,\N,11,13,1:23.365,250.162,5
1814,104,44,7,17,13,\N,R,20,0,0,\N,\N,\N,\N,\N,\N,4
1815,105,22,6,2,1,1,1,1,10,56,1:29:12.420,5352420,28,2,1:32.455,212.25,1
1816,105,18,16,9,3,2,2,2,8,56,+1.035,5353455,33,4,1:32.935,211.154,1
1817,105,8,1,6,2,3,3,3,6,56,+1.469,5353889,53,3,1:32.876,211.288,1
1818,105,4,4,8,6,4,4,4,5,56,+32.510,5384930,55,10,1:33.625,209.597,1
1819,105,31,3,3,10,5,5,5,4,56,+45.193,5397613,34,5,1:33.108,210.761,1
1820,105,11,16,10,18,6,6,6,3,56,+54.791,5407211,36,8,1:33.533,209.804,1
1821,105,21,15,11,7,7,7,7,2,56,+65.464,5417884,25,7,1:33.520,209.833,1
1822,105,13,15,12,4,8,8,8,1,56,+80.080,5432500,43,6,1:33.483,209.916,1
1823,105,14,1,5,9,9,9,9,0,56,+80.619,5433039,26,11,1:33.727,209.369,1
1824,105,17,19,14,11,10,10,10,0,55,\N,\N,32,15,1:34.893,206.797,11
1825,105,35,4,7,12,11,11,11,0,55,\N,\N,55,17,1:34.950,206.672,11
1826,105,30,6,1,20,12,12,12,0,55,\N,\N,55,1,1:32.238,212.749,11
1827,105,2,17,18,14,13,13,13,0,55,\N,\N,55,14,1:34.717,207.181,11
1828,105,44,7,17,8,14,14,14,0,55,\N,\N,51,13,1:34.603,207.431,11
1829,105,10,17,19,16,15,15,15,0,55,\N,\N,54,16,1:34.931,206.714,11
1830,105,47,18,21,19,16,16,16,0,53,\N,\N,51,20,1:37.578,201.106,13
1831,105,46,18,20,17,\N,R,17,0,38,\N,\N,23,19,1:37.377,201.521,36
1832,105,23,3,4,5,\N,R,18,0,37,\N,\N,31,9,1:33.546,209.774,4
1833,105,41,7,16,13,\N,R,19,0,35,\N,\N,24,12,1:34.269,208.165,7
1834,105,32,19,15,15,\N,R,20,0,11,\N,\N,10,18,1:36.888,202.539,4
1835,106,30,6,1,1,1,1,1,10,53,1:24:26.985,5066985,41,2,1:32.796,225.281,1
1836,106,23,3,4,2,2,2,2,8,53,+14.098,5081083,23,3,1:33.467,223.663,1
1837,106,18,16,9,5,3,3,3,6,53,+19.662,5086647,33,7,1:33.819,222.824,1
1838,106,11,16,10,4,4,4,4,5,53,+31.781,5098766,28,5,1:33.742,223.007,1
1839,106,4,4,8,11,5,5,5,4,53,+37.767,5104752,29,12,1:34.279,221.737,1
1840,106,8,1,6,12,6,6,6,3,53,+39.362,5106347,35,10,1:33.920,222.585,1
1841,106,31,3,3,13,7,7,7,2,53,+55.347,5122332,30,6,1:33.779,222.919,1
1842,106,21,15,11,7,8,8,8,1,53,+56.276,5123261,44,8,1:33.850,222.751,1
1843,106,13,15,12,19,9,9,9,0,53,+89.656,5156641,40,4,1:33.614,223.312,1
1844,106,35,4,7,9,10,10,10,0,52,\N,\N,28,16,1:35.290,219.385,11
1845,106,15,7,16,6,11,11,11,0,52,\N,\N,52,14,1:34.626,220.924,11
1846,106,32,19,15,14,12,12,12,0,52,\N,\N,32,15,1:35.261,219.451,11
1847,106,2,17,18,16,13,13,13,0,52,\N,\N,25,17,1:35.524,218.847,11
1848,106,44,7,17,10,14,14,14,0,51,\N,\N,11,13,1:34.438,221.364,12
1849,106,10,17,19,17,15,15,15,0,51,\N,\N,14,18,1:36.667,216.259,12
1850,106,46,18,20,18,16,16,16,0,50,\N,\N,27,19,1:39.352,210.415,13
1851,106,47,18,21,20,\N,R,17,0,41,\N,\N,26,20,1:39.434,210.241,20
1852,106,14,1,5,8,\N,R,18,0,38,\N,\N,14,9,1:33.917,222.592,4
1853,106,22,6,2,15,\N,R,19,0,38,\N,\N,30,1,1:32.730,225.441,4
1854,106,17,19,14,3,\N,R,20,0,20,\N,\N,13,11,1:34.229,221.855,25
1855,107,31,3,3,2,1,1,1,10,71,1:28:01.451,5281451,49,1,1:11.473,217.038,1
1856,107,8,1,6,3,2,2,2,8,71,+1.022,5282473,52,2,1:11.562,216.768,1
1857,107,22,6,2,1,3,3,3,6,71,+24.099,5305550,22,3,1:11.672,216.435,1
1858,107,4,4,8,8,4,4,4,5,71,+48.908,5330359,42,9,1:12.118,215.097,1
1859,107,23,3,4,7,5,5,5,4,71,+49.740,5331191,23,5,1:11.764,216.158,1
1860,107,11,16,10,6,6,6,6,3,71,+50.248,5331699,51,7,1:11.941,215.626,1
1861,107,30,6,1,18,7,7,7,2,71,+50.626,5332077,49,4,1:11.763,216.161,1
1862,107,13,15,12,4,8,8,8,1,71,+62.310,5343761,68,8,1:12.066,215.252,1
1863,107,21,15,11,10,9,9,9,0,71,+63.842,5345293,69,6,1:11.877,215.818,1
1864,107,35,4,7,13,10,10,10,0,70,\N,\N,68,10,1:12.210,214.823,11
1865,107,14,1,5,12,11,11,11,0,70,\N,\N,40,12,1:12.522,213.899,11
1866,107,15,7,16,9,12,12,12,0,70,\N,\N,65,11,1:12.435,214.156,11
1867,107,41,7,17,14,13,13,13,0,70,\N,\N,69,14,1:12.961,212.612,11
1868,107,32,19,15,15,14,14,14,0,69,\N,\N,49,13,1:12.891,212.816,12
1869,107,10,17,19,17,15,15,15,0,69,\N,\N,68,16,1:13.905,209.896,12
1870,107,47,18,21,19,16,16,16,0,67,\N,\N,45,17,1:14.743,207.543,14
1871,107,46,18,20,20,17,17,17,0,67,\N,\N,50,18,1:14.756,207.507,14
1872,107,17,19,14,11,\N,R,18,0,23,\N,\N,20,15,1:13.197,211.926,4
1873,107,2,17,18,16,\N,R,19,0,15,\N,\N,11,19,1:15.855,204.5,8
1874,107,18,16,9,5,\N,R,20,0,3,\N,\N,2,20,1:24.440,183.709,5
1875,108,14,1,5,11,1,1,1,10,58,1:34:42.124,5682124,\N,\N,\N,\N,1
1876,108,31,3,3,3,2,2,2,8,58,+8.675,5690799,\N,\N,\N,\N,1
1877,108,8,1,6,15,3,3,3,6,58,+9.192,5691316,\N,\N,\N,\N,1
1878,108,30,6,1,1,4,4,4,5,58,+9.482,5691606,\N,\N,\N,\N,1
1879,108,15,4,7,12,5,5,5,4,58,+38.801,5720925,\N,\N,\N,\N,1
1880,108,49,15,10,4,6,6,6,3,58,+43.928,5726052,\N,\N,\N,\N,1
1881,108,4,4,8,10,7,7,7,2,58,+45.074,5727198,\N,\N,\N,\N,1
1882,108,23,3,4,9,8,8,8,1,58,+45.745,5727869,\N,\N,\N,\N,1
1883,108,35,16,16,6,9,9,9,0,58,+65.536,5747660,\N,\N,\N,\N,1
1884,108,18,16,17,8,10,10,10,0,58,+65.974,5748098,\N,\N,\N,\N,1
1885,108,50,18,19,20,11,11,11,0,57,\N,\N,\N,\N,\N,\N,11
1886,108,21,17,11,13,\N,R,12,0,52,\N,\N,\N,\N,\N,\N,6
1887,108,42,19,15,18,\N,R,13,0,52,\N,\N,\N,\N,\N,\N,22
1888,108,44,7,20,5,\N,R,14,0,31,\N,\N,\N,\N,\N,\N,32
1889,108,2,15,9,7,\N,R,15,0,20,\N,\N,\N,\N,\N,\N,22
1890,108,51,18,18,19,\N,R,16,0,16,\N,\N,\N,\N,\N,\N,21
1891,108,17,19,14,14,\N,R,17,0,15,\N,\N,\N,\N,\N,\N,22
1892,108,43,7,21,16,\N,R,18,0,7,\N,\N,\N,\N,\N,\N,20
1893,108,52,17,12,17,\N,R,19,0,6,\N,\N,\N,\N,\N,\N,3
1894,108,22,6,2,2,\N,R,20,0,5,\N,\N,\N,\N,\N,\N,3
1895,109,8,1,6,7,1,1,1,10,56,1:32:22.195,5542195,\N,\N,\N,\N,1
1896,109,22,6,2,5,2,2,2,8,56,+39.286,5581481,\N,\N,\N,\N,1
1897,109,4,4,8,1,3,3,3,6,56,+64.007,5606202,\N,\N,\N,\N,1
1898,109,23,3,4,17,4,4,4,5,56,+88.026,5630221,\N,\N,\N,\N,1
1899,109,15,4,7,2,5,5,5,4,55,\N,\N,\N,\N,\N,\N,11
1900,109,30,6,1,3,6,6,6,3,55,\N,\N,\N,\N,\N,\N,11
1901,109,18,16,17,9,7,7,7,2,55,\N,\N,\N,\N,\N,\N,11
1902,109,2,15,9,6,8,8,8,1,55,\N,\N,\N,\N,\N,\N,11
1903,109,49,15,10,13,9,9,9,0,55,\N,\N,\N,\N,\N,\N,11
1904,109,52,17,12,20,10,10,10,0,55,\N,\N,\N,\N,\N,\N,11
1905,109,43,7,21,11,11,11,11,0,55,\N,\N,\N,\N,\N,\N,11
1906,109,31,3,3,8,12,12,12,0,53,\N,\N,\N,\N,\N,\N,13
1907,109,50,18,19,18,13,13,13,0,52,\N,\N,\N,\N,\N,\N,14
1908,109,42,19,15,15,\N,R,14,0,42,\N,\N,\N,\N,\N,\N,20
1909,109,51,18,18,19,\N,R,15,0,41,\N,\N,\N,\N,\N,\N,26
1910,109,17,19,14,16,\N,R,16,0,35,\N,\N,\N,\N,\N,\N,5
1911,109,44,7,20,10,\N,R,17,0,12,\N,\N,\N,\N,\N,\N,32
1912,109,14,1,5,4,\N,R,18,0,2,\N,\N,\N,\N,\N,\N,10
1913,109,21,17,11,14,\N,R,19,0,0,\N,\N,\N,\N,\N,\N,10
1914,109,35,16,16,12,\N,R,20,0,0,\N,\N,\N,\N,\N,\N,10
1915,110,21,17,11,8,1,1,1,10,54,1:31:17.748,5477748,\N,\N,\N,\N,1
1916,110,8,1,6,4,2,2,2,8,54,+0.945,5478693,\N,\N,\N,\N,1
1917,110,4,4,8,10,3,3,3,6,54,+6.348,5484096,\N,\N,\N,\N,1
1918,110,14,1,5,2,4,4,4,5,54,+8.096,5485844,\N,\N,\N,\N,1
1919,110,49,15,10,14,5,5,5,4,54,+8.642,5486390,\N,\N,\N,\N,1
1920,110,35,16,16,13,6,6,6,3,54,+16.054,5493802,\N,\N,\N,\N,1
1921,110,23,3,4,6,7,7,7,2,54,+38.526,5516274,\N,\N,\N,\N,1
1922,110,15,4,7,5,8,8,8,1,54,+45.927,5523675,\N,\N,\N,\N,1
1923,110,17,19,14,3,9,9,9,0,53,\N,\N,\N,\N,\N,\N,3
1924,110,43,7,21,18,10,10,10,0,53,\N,\N,\N,\N,\N,\N,11
1925,110,22,6,2,1,\N,R,11,0,47,\N,\N,\N,\N,\N,\N,69
1926,110,18,16,17,11,\N,R,12,0,33,\N,\N,\N,\N,\N,\N,3
1927,110,50,18,19,19,\N,R,13,0,31,\N,\N,\N,\N,\N,\N,20
1928,110,30,6,1,7,\N,R,14,0,27,\N,\N,\N,\N,\N,\N,3
1929,110,31,3,3,9,\N,R,15,0,25,\N,\N,\N,\N,\N,\N,3
1930,110,42,19,15,17,\N,R,16,0,25,\N,\N,\N,\N,\N,\N,3
1931,110,44,7,20,15,\N,R,17,0,18,\N,\N,\N,\N,\N,\N,4
1932,110,52,17,12,16,\N,R,18,0,18,\N,\N,\N,\N,\N,\N,22
1933,110,51,18,18,20,\N,R,19,0,16,\N,\N,\N,\N,\N,\N,20
1934,110,2,15,9,12,\N,R,20,0,8,\N,\N,\N,\N,\N,\N,5
1935,111,30,6,1,1,1,1,1,10,62,1:28:12.058,5292058,\N,\N,\N,\N,1
1936,111,8,1,6,6,2,2,2,8,62,+1.882,5293940,\N,\N,\N,\N,1
1937,111,22,6,2,3,3,3,3,6,62,+2.291,5294349,\N,\N,\N,\N,1
1938,111,23,3,4,2,4,4,4,5,62,+8.803,5300861,\N,\N,\N,\N,1
1939,111,14,1,5,12,5,5,5,4,62,+9.411,5301469,\N,\N,\N,\N,1
1940,111,4,4,8,8,6,6,6,3,62,+43.689,5335747,\N,\N,\N,\N,1
1941,111,31,3,3,4,7,7,7,2,62,+45.271,5337329,\N,\N,\N,\N,1
1942,111,18,16,17,9,8,8,8,1,61,\N,\N,\N,\N,\N,\N,11
1943,111,44,7,20,10,9,9,9,0,61,\N,\N,\N,\N,\N,\N,11
1944,111,2,15,9,11,10,10,10,0,61,\N,\N,\N,\N,\N,\N,11
1945,111,49,15,10,14,11,11,11,0,61,\N,\N,\N,\N,\N,\N,11
1946,111,43,7,21,13,12,12,12,0,61,\N,\N,\N,\N,\N,\N,11
1947,111,15,4,7,16,13,13,13,0,61,\N,\N,\N,\N,\N,\N,11
1948,111,42,19,15,15,14,14,14,0,60,\N,\N,\N,\N,\N,\N,12
1949,111,21,17,11,17,15,15,15,0,57,\N,\N,\N,\N,\N,\N,15
1950,111,17,19,14,5,\N,R,16,0,54,\N,\N,\N,\N,\N,\N,30
1951,111,52,17,12,19,\N,R,17,0,51,\N,\N,\N,\N,\N,\N,70
1952,111,50,18,19,20,\N,R,18,0,38,\N,\N,\N,\N,\N,\N,10
1953,111,51,18,18,18,\N,R,19,0,23,\N,\N,\N,\N,\N,\N,71
1954,111,35,16,16,7,\N,R,20,0,19,\N,\N,\N,\N,\N,\N,5
1955,112,30,6,1,1,1,1,1,10,65,1:33:46.933,5626933,\N,\N,\N,\N,1
1956,112,4,4,8,3,2,2,2,8,65,+5.716,5632649,\N,\N,\N,\N,1
1957,112,22,6,2,2,3,3,3,6,65,+18.001,5644934,\N,\N,\N,\N,1
1958,112,31,3,3,9,4,4,4,5,65,+62.022,5688955,\N,\N,\N,\N,1
1959,112,23,3,4,7,5,5,5,4,64,\N,\N,\N,\N,\N,\N,11
1960,112,43,7,21,13,6,6,6,3,64,\N,\N,\N,\N,\N,\N,11
1961,112,17,19,14,12,7,7,7,2,64,\N,\N,\N,\N,\N,\N,11
1962,112,52,17,12,15,8,8,8,1,63,\N,\N,\N,\N,\N,\N,12
1963,112,18,16,17,5,9,9,9,0,63,\N,\N,\N,\N,\N,\N,12
1964,112,2,15,9,14,10,10,10,0,63,\N,\N,\N,\N,\N,\N,12
1965,112,51,18,18,18,11,11,11,0,63,\N,\N,\N,\N,\N,\N,12
1966,112,50,18,19,19,12,12,12,0,62,\N,\N,\N,\N,\N,\N,13
1967,112,21,17,11,17,\N,R,13,0,43,\N,\N,\N,\N,\N,\N,5
1968,112,44,7,20,6,\N,R,14,0,41,\N,\N,\N,\N,\N,\N,6
1969,112,49,15,10,10,\N,R,15,0,38,\N,\N,\N,\N,\N,\N,22
1970,112,14,1,5,8,\N,R,16,0,17,\N,\N,\N,\N,\N,\N,4
1971,112,35,16,16,11,\N,R,17,0,12,\N,\N,\N,\N,\N,\N,10
1972,112,15,4,7,4,\N,R,18,0,0,\N,\N,\N,\N,\N,\N,4
1973,112,42,19,15,16,\N,R,19,0,0,\N,\N,\N,\N,\N,\N,72
1974,112,8,1,6,20,\N,R,20,0,0,\N,\N,\N,\N,\N,\N,4
1975,113,30,6,1,1,1,1,1,10,69,1:24:04.888,5044888,\N,\N,\N,\N,1
1976,113,8,1,6,2,2,2,2,8,69,+3.362,5048250,\N,\N,\N,\N,1
1977,113,22,6,2,5,3,3,3,6,69,+3.951,5048839,\N,\N,\N,\N,1
1978,113,18,16,17,7,4,4,4,5,69,+42.243,5087131,\N,\N,\N,\N,1
1979,113,14,1,5,14,5,5,5,4,69,+59.740,5104628,\N,\N,\N,\N,1
1980,113,23,3,4,10,6,6,6,3,68,\N,\N,\N,\N,\N,\N,11
1981,113,17,19,14,17,7,7,7,2,68,\N,\N,\N,\N,\N,\N,11
1982,113,15,4,7,6,8,8,8,1,68,\N,\N,\N,\N,\N,\N,11
1983,113,42,19,15,8,9,9,9,0,68,\N,\N,\N,\N,\N,\N,11
1984,113,43,7,21,13,10,10,10,0,68,\N,\N,\N,\N,\N,\N,11
1985,113,52,17,12,16,11,11,11,0,68,\N,\N,\N,\N,\N,\N,11
1986,113,35,16,16,12,12,12,12,0,68,\N,\N,\N,\N,\N,\N,11
1987,113,51,18,18,18,13,13,13,0,67,\N,\N,\N,\N,\N,\N,12
1988,113,21,17,11,9,\N,R,14,0,60,\N,\N,\N,\N,\N,\N,69
1989,113,2,15,9,4,\N,R,15,0,46,\N,\N,\N,\N,\N,\N,5
1990,113,4,4,8,19,\N,R,16,0,44,\N,\N,\N,\N,\N,\N,5
1991,113,31,3,3,3,\N,R,17,0,32,\N,\N,\N,\N,\N,\N,5
1992,113,44,7,20,11,\N,R,18,0,6,\N,\N,\N,\N,\N,\N,22
1993,113,50,18,19,20,\N,R,19,0,0,\N,\N,\N,\N,\N,\N,8
1994,113,49,15,10,15,\N,W,20,0,0,\N,\N,\N,\N,\N,\N,8
1995,114,31,3,3,3,1,1,1,10,78,1:42:19.010,6139010,\N,\N,\N,\N,1
1996,114,8,1,6,2,2,2,2,8,78,+0.602,6139612,\N,\N,\N,\N,1
1997,114,30,6,1,5,3,3,3,6,78,+1.720,6140730,\N,\N,\N,\N,1
1998,114,23,3,4,1,4,4,4,5,78,+28.518,6167528,\N,\N,\N,\N,1
1999,114,4,4,8,8,5,5,5,4,78,+36.251,6175261,\N,\N,\N,\N,1
2000,114,15,4,7,4,6,6,6,3,78,+40.972,6179982,\N,\N,\N,\N,1
2001,114,14,1,5,6,7,7,7,2,78,+41.227,6180237,\N,\N,\N,\N,1
2002,114,22,6,2,7,8,8,8,1,78,+53.266,6192276,\N,\N,\N,\N,1
2003,114,43,7,21,10,9,9,9,0,77,\N,\N,\N,\N,\N,\N,11
2004,114,21,17,11,12,10,10,10,0,77,\N,\N,\N,\N,\N,\N,11
2005,114,2,15,9,14,11,11,11,0,76,\N,\N,\N,\N,\N,\N,12
2006,114,52,17,12,16,12,12,12,0,76,\N,\N,\N,\N,\N,\N,12
2007,114,44,7,20,17,13,13,13,0,74,\N,\N,\N,\N,\N,\N,14
2008,114,35,16,16,11,\N,R,14,0,63,\N,\N,\N,\N,\N,\N,5
2009,114,51,18,18,19,\N,R,15,0,29,\N,\N,\N,\N,\N,\N,69
2010,114,50,18,19,18,\N,R,16,0,28,\N,\N,\N,\N,\N,\N,69
2011,114,17,19,14,9,\N,R,17,0,16,\N,\N,\N,\N,\N,\N,9
2012,114,42,19,15,13,\N,R,18,0,10,\N,\N,\N,\N,\N,\N,10
2013,114,49,15,10,15,\N,R,19,0,0,\N,\N,\N,\N,\N,\N,3
2014,114,18,16,17,20,\N,W,20,0,0,\N,\N,\N,\N,\N,\N,73
2015,115,30,6,1,3,1,1,1,10,70,1:31:13.591,5473591,\N,\N,\N,\N,1
2016,115,23,3,4,1,2,2,2,8,70,+0.784,5474375,\N,\N,\N,\N,1
2017,115,31,3,3,2,3,3,3,6,70,+1.355,5474946,\N,\N,\N,\N,1
2018,115,4,4,8,4,4,4,4,5,70,+4.481,5478072,\N,\N,\N,\N,1
2019,115,22,6,2,5,5,5,5,4,70,+64.261,5537852,\N,\N,\N,\N,1
2020,115,8,1,6,20,6,6,6,3,70,+70.502,5544093,\N,\N,\N,\N,1
2021,115,17,19,14,6,7,7,7,2,69,\N,\N,\N,\N,\N,\N,11
2022,115,44,7,20,7,8,8,8,1,69,\N,\N,\N,\N,\N,\N,11
2023,115,50,18,19,15,9,9,9,0,68,\N,\N,\N,\N,\N,\N,12
2024,115,42,19,15,13,10,10,10,0,64,\N,\N,\N,\N,\N,\N,14
2025,115,43,7,21,9,11,11,11,0,64,\N,\N,\N,\N,\N,\N,16
2026,115,51,18,18,18,\N,R,12,0,60,\N,\N,\N,\N,\N,\N,6
2027,115,18,16,17,17,\N,R,13,0,51,\N,\N,\N,\N,\N,\N,6
2028,115,14,1,5,11,\N,R,14,0,47,\N,\N,\N,\N,\N,\N,6
2029,115,2,15,9,12,\N,R,15,0,47,\N,\N,\N,\N,\N,\N,5
2030,115,15,4,7,8,\N,R,16,0,22,\N,\N,\N,\N,\N,\N,3
2031,115,21,17,11,16,\N,R,17,0,20,\N,\N,\N,\N,\N,\N,6
2032,115,52,17,12,19,\N,R,18,0,20,\N,\N,\N,\N,\N,\N,5
2033,115,35,16,16,14,\N,R,19,0,14,\N,\N,\N,\N,\N,\N,23
2034,115,49,15,10,10,\N,R,20,0,6,\N,\N,\N,\N,\N,\N,40
2035,116,23,3,4,3,1,1,1,10,60,1:34:43.622,5683622,\N,\N,\N,\N,1
2036,116,31,3,3,4,2,2,2,8,60,+16.821,5700443,\N,\N,\N,\N,1
2037,116,22,6,2,5,3,3,3,6,60,+39.673,5723295,\N,\N,\N,\N,1
2038,116,4,4,8,8,4,4,4,5,60,+65.731,5749353,\N,\N,\N,\N,1
2039,116,30,6,1,2,5,5,5,4,60,+66.162,5749784,\N,\N,\N,\N,1
2040,116,17,19,14,11,6,6,6,3,59,\N,\N,\N,\N,\N,\N,11
2041,116,18,16,17,12,7,7,7,2,59,\N,\N,\N,\N,\N,\N,11
2042,116,2,15,9,20,8,8,8,1,59,\N,\N,\N,\N,\N,\N,11
2043,116,49,15,10,15,9,9,9,0,59,\N,\N,\N,\N,\N,\N,11
2044,116,42,19,15,16,10,10,10,0,59,\N,\N,\N,\N,\N,\N,11
2045,116,52,17,12,14,11,11,11,0,58,\N,\N,\N,\N,\N,\N,12
2046,116,21,17,11,13,12,12,12,0,58,\N,\N,\N,\N,\N,\N,12
2047,116,51,18,18,19,13,13,13,0,58,\N,\N,\N,\N,\N,\N,12
2048,116,50,18,19,18,14,14,14,0,57,\N,\N,\N,\N,\N,\N,13
2049,116,14,1,5,9,15,15,15,0,56,\N,\N,\N,\N,\N,\N,14
2050,116,43,7,21,10,\N,R,16,0,53,\N,\N,\N,\N,\N,\N,5
2051,116,35,16,16,17,\N,R,17,0,51,\N,\N,\N,\N,\N,\N,6
2052,116,15,4,7,6,\N,R,18,0,37,\N,\N,\N,\N,\N,\N,32
2053,116,44,7,20,7,\N,R,19,0,37,\N,\N,\N,\N,\N,\N,20
2054,116,8,1,6,1,\N,R,20,0,25,\N,\N,\N,\N,\N,\N,5
2055,117,23,3,4,1,1,1,1,10,70,1:30:49.213,5449213,\N,\N,\N,\N,1
2056,117,31,3,3,2,2,2,2,8,70,+13.813,5463026,\N,\N,\N,\N,1
2057,117,30,6,1,3,3,3,3,6,70,+19.568,5468781,\N,\N,\N,\N,1
2058,117,8,1,6,4,4,4,4,5,70,+38.047,5487260,\N,\N,\N,\N,1
2059,117,14,1,5,5,5,5,5,4,70,+40.289,5489502,\N,\N,\N,\N,1
2060,117,17,19,14,9,6,6,6,3,70,+66.380,5515593,\N,\N,\N,\N,1
2061,117,22,6,2,8,7,7,7,2,69,\N,\N,\N,\N,\N,\N,11
2062,117,44,7,20,10,8,8,8,1,69,\N,\N,\N,\N,\N,\N,11
2063,117,35,16,16,12,9,9,9,0,69,\N,\N,\N,\N,\N,\N,11
2064,117,42,19,15,11,10,10,10,0,69,\N,\N,\N,\N,\N,\N,11
2065,117,43,7,21,13,11,11,11,0,69,\N,\N,\N,\N,\N,\N,11
2066,117,49,15,10,16,12,12,12,0,68,\N,\N,\N,\N,\N,\N,12
2067,117,2,15,9,15,13,13,13,0,68,\N,\N,\N,\N,\N,\N,12
2068,117,51,18,18,20,14,14,14,0,67,\N,\N,\N,\N,\N,\N,13
2069,117,52,17,12,18,15,15,15,0,67,\N,\N,\N,\N,\N,\N,13
2070,117,50,18,19,19,16,16,16,0,66,\N,\N,\N,\N,\N,\N,14
2071,117,15,4,7,6,\N,R,17,0,45,\N,\N,\N,\N,\N,\N,5
2072,117,4,4,8,7,\N,R,18,0,43,\N,\N,\N,\N,\N,\N,5
2073,117,21,17,11,17,\N,R,19,0,42,\N,\N,\N,\N,\N,\N,5
2074,117,18,16,17,14,\N,R,20,0,23,\N,\N,\N,\N,\N,\N,74
2075,118,22,6,2,1,1,1,1,10,60,1:28:37.554,5317554,\N,\N,\N,\N,1
2076,118,31,3,3,7,2,2,2,8,60,+5.462,5323016,\N,\N,\N,\N,1
2077,118,8,1,6,3,3,3,3,6,60,+10.656,5328210,\N,\N,\N,\N,1
2078,118,30,6,1,5,4,4,4,5,60,+25.648,5343202,\N,\N,\N,\N,1
2079,118,14,1,5,12,5,5,5,4,60,+36.827,5354381,\N,\N,\N,\N,1
2080,118,15,4,7,2,6,6,6,3,60,+43.067,5360621,\N,\N,\N,\N,1
2081,118,43,7,21,6,7,7,7,2,60,+45.085,5362639,\N,\N,\N,\N,1
2082,118,18,16,17,20,8,8,8,1,60,+45.478,5363032,\N,\N,\N,\N,1
2083,118,23,3,4,4,9,9,9,0,60,+58.032,5375586,\N,\N,\N,\N,1
2084,118,35,16,16,9,10,10,10,0,60,+63.569,5381123,\N,\N,\N,\N,1
2085,118,44,7,20,13,11,11,11,0,60,+65.207,5382761,\N,\N,\N,\N,1
2086,118,49,15,10,14,12,12,12,0,60,+65.564,5383118,\N,\N,\N,\N,1
2087,118,52,17,12,17,13,13,13,0,59,\N,\N,\N,\N,\N,\N,11
2088,118,17,19,14,11,14,14,14,0,59,\N,\N,\N,\N,\N,\N,11
2089,118,50,18,19,19,15,15,15,0,58,\N,\N,\N,\N,\N,\N,12
2090,118,51,18,18,18,16,16,16,0,58,\N,\N,\N,\N,\N,\N,12
2091,118,2,15,9,16,17,17,17,0,58,\N,\N,\N,\N,\N,\N,12
2092,118,4,4,8,8,\N,R,18,0,52,\N,\N,\N,\N,\N,\N,6
2093,118,21,17,11,15,\N,R,19,0,44,\N,\N,\N,\N,\N,\N,22
2094,118,42,19,15,10,\N,R,20,0,32,\N,\N,\N,\N,\N,\N,5
2095,119,31,3,3,1,1,1,1,10,67,1:28:48.769,5328769,\N,\N,\N,\N,1
2096,119,14,1,5,10,2,2,2,8,67,+65.459,5394228,\N,\N,\N,\N,1
2097,119,15,4,7,4,3,3,3,6,67,+69.060,5397829,\N,\N,\N,\N,1
2098,119,4,4,8,8,4,4,4,5,67,+69.344,5398113,\N,\N,\N,\N,1
2099,119,44,7,20,7,5,5,5,4,66,\N,\N,\N,\N,\N,\N,11
2100,119,43,7,21,9,6,6,6,3,66,\N,\N,\N,\N,\N,\N,11
2101,119,30,6,1,6,7,7,7,2,66,\N,\N,\N,\N,\N,\N,11
2102,119,18,16,17,17,8,8,8,1,66,\N,\N,\N,\N,\N,\N,11
2103,119,35,16,16,13,9,9,9,0,65,\N,\N,\N,\N,\N,\N,12
2104,119,2,15,9,15,10,10,10,0,65,\N,\N,\N,\N,\N,\N,12
2105,119,17,19,14,11,11,11,11,0,64,\N,\N,\N,\N,\N,\N,3
2106,119,53,18,18,20,12,12,12,0,62,\N,\N,\N,\N,\N,\N,15
2107,119,21,17,11,13,13,13,13,0,60,\N,\N,\N,\N,\N,\N,5
2108,119,50,18,19,19,\N,R,14,0,23,\N,\N,\N,\N,\N,\N,9
2109,119,51,19,15,16,\N,R,15,0,6,\N,\N,\N,\N,\N,\N,6
2110,119,23,3,4,2,\N,R,16,0,1,\N,\N,\N,\N,\N,\N,3
2111,119,49,15,10,14,\N,R,17,0,1,\N,\N,\N,\N,\N,\N,3
2112,119,22,6,2,3,\N,R,18,0,0,\N,\N,\N,\N,\N,\N,3
2113,119,8,1,6,5,\N,R,19,0,0,\N,\N,\N,\N,\N,\N,3
2114,119,52,17,12,18,\N,R,20,0,0,\N,\N,\N,\N,\N,\N,3
2115,120,4,4,8,1,1,1,1,10,70,1:39:01.460,5941460,\N,\N,\N,\N,1
2116,120,8,1,6,7,2,2,2,8,70,+16.768,5958228,\N,\N,\N,\N,1
2117,120,31,3,3,4,3,3,3,6,70,+34.537,5975997,\N,\N,\N,\N,1
2118,120,23,3,4,2,4,4,4,5,70,+35.620,5977080,\N,\N,\N,\N,1
2119,120,14,1,5,9,5,5,5,4,70,+56.535,5997995,\N,\N,\N,\N,1
2120,120,17,19,14,3,6,6,6,3,70,+72.643,6014103,\N,\N,\N,\N,1
2121,120,15,4,7,6,7,7,7,2,69,\N,\N,\N,\N,\N,\N,11
2122,120,30,6,1,8,8,8,8,1,69,\N,\N,\N,\N,\N,\N,11
2123,120,2,15,9,11,9,9,9,0,69,\N,\N,\N,\N,\N,\N,11
2124,120,18,16,17,14,10,10,10,0,69,\N,\N,\N,\N,\N,\N,11
2125,120,43,7,21,15,11,11,11,0,68,\N,\N,\N,\N,\N,\N,12
2126,120,50,18,19,18,12,12,12,0,67,\N,\N,\N,\N,\N,\N,13
2127,120,53,18,18,20,13,13,13,0,66,\N,\N,\N,\N,\N,\N,14
2128,120,49,15,10,17,\N,R,14,0,47,\N,\N,\N,\N,\N,\N,60
2129,120,51,19,15,12,\N,R,15,0,42,\N,\N,\N,\N,\N,\N,5
2130,120,47,17,12,19,\N,R,16,0,34,\N,\N,\N,\N,\N,\N,5
2131,120,44,7,20,10,\N,R,17,0,33,\N,\N,\N,\N,\N,\N,6
2132,120,21,17,11,13,\N,R,18,0,28,\N,\N,\N,\N,\N,\N,5
2133,120,22,6,2,5,\N,R,19,0,19,\N,\N,\N,\N,\N,\N,22
2134,120,35,16,16,16,\N,R,20,0,14,\N,\N,\N,\N,\N,\N,9
2135,121,30,6,1,1,1,1,1,10,53,1:14:19.838,4459838,\N,\N,\N,\N,1
2136,121,31,3,3,2,2,2,2,8,53,+5.294,4465132,\N,\N,\N,\N,1
2137,121,22,6,2,3,3,3,3,6,53,+11.835,4471673,\N,\N,\N,\N,1
2138,121,8,1,6,4,4,4,4,5,53,+12.834,4472672,\N,\N,\N,\N,1
2139,121,48,3,4,5,5,5,5,4,53,+27.891,4487729,\N,\N,\N,\N,1
2140,121,35,16,16,10,6,6,6,3,52,\N,\N,\N,\N,\N,\N,11
2141,121,17,19,14,11,7,7,7,2,52,\N,\N,\N,\N,\N,\N,11
2142,121,4,4,8,20,8,8,8,1,52,\N,\N,\N,\N,\N,\N,11
2143,121,2,15,9,16,9,9,9,0,52,\N,\N,\N,\N,\N,\N,11
2144,121,21,17,11,13,10,10,10,0,52,\N,\N,\N,\N,\N,\N,11
2145,121,47,17,12,18,11,11,11,0,51,\N,\N,\N,\N,\N,\N,12
2146,121,53,18,18,19,12,12,12,0,51,\N,\N,\N,\N,\N,\N,12
2147,121,49,15,10,14,13,13,13,0,50,\N,\N,\N,\N,\N,\N,13
2148,121,14,1,5,8,\N,R,14,0,45,\N,\N,\N,\N,\N,\N,32
2149,121,44,7,20,9,\N,R,15,0,35,\N,\N,\N,\N,\N,\N,23
2150,121,50,18,19,17,\N,R,16,0,27,\N,\N,\N,\N,\N,\N,44
2151,121,18,16,17,7,\N,R,17,0,24,\N,\N,\N,\N,\N,\N,6
2152,121,43,7,21,12,\N,R,18,0,3,\N,\N,\N,\N,\N,\N,27
2153,121,51,19,15,15,\N,R,19,0,2,\N,\N,\N,\N,\N,\N,6
2154,121,15,4,7,6,\N,R,20,0,0,\N,\N,\N,\N,\N,\N,9
2155,122,30,6,1,7,1,1,1,10,73,1:33:35.997,5615997,\N,\N,\N,\N,1
2156,122,8,1,6,1,2,2,2,8,73,+18.258,5634255,\N,\N,\N,\N,1
2157,122,49,15,10,15,3,3,3,6,73,+37.964,5653961,\N,\N,\N,\N,1
2158,122,15,4,7,10,4,4,4,5,73,+48.329,5664326,\N,\N,\N,\N,1
2159,122,2,15,9,13,5,5,5,4,73,+56.403,5672400,\N,\N,\N,\N,1
2160,122,31,3,3,4,6,6,6,3,72,\N,\N,\N,\N,\N,\N,11
2161,122,21,17,11,17,7,7,7,2,72,\N,\N,\N,\N,\N,\N,11
2162,122,51,19,15,16,8,8,8,1,71,\N,\N,\N,\N,\N,\N,12
2163,122,43,7,21,9,9,9,9,0,71,\N,\N,\N,\N,\N,\N,12
2164,122,50,18,19,19,10,10,10,0,69,\N,\N,\N,\N,\N,\N,14
2165,122,53,18,18,20,11,11,11,0,69,\N,\N,\N,\N,\N,\N,14
2166,122,35,16,16,12,\N,R,12,0,63,\N,\N,\N,\N,\N,\N,5
2167,122,52,17,12,18,\N,R,13,0,48,\N,\N,\N,\N,\N,\N,20
2168,122,14,1,5,8,\N,R,14,0,45,\N,\N,\N,\N,\N,\N,6
2169,122,4,4,8,6,\N,R,15,0,44,\N,\N,\N,\N,\N,\N,5
2170,122,18,16,17,11,\N,R,16,0,41,\N,\N,\N,\N,\N,\N,5
2171,122,44,7,20,3,\N,R,17,0,27,\N,\N,\N,\N,\N,\N,3
2172,122,17,19,14,14,\N,R,18,0,21,\N,\N,\N,\N,\N,\N,3
2173,122,23,3,4,5,\N,R,19,0,21,\N,\N,\N,\N,\N,\N,3
2174,122,22,6,2,2,\N,R,20,0,2,\N,\N,\N,\N,\N,\N,4
2175,123,22,6,2,1,1,1,1,10,53,1:25:11.743,5111743,\N,\N,\N,\N,1
2176,123,8,1,6,8,2,2,2,8,53,+11.085,5122828,\N,\N,\N,\N,1
2177,123,14,1,5,7,3,3,3,6,53,+11.614,5123357,\N,\N,\N,\N,1
2178,123,18,16,17,9,4,4,4,5,53,+33.106,5144849,\N,\N,\N,\N,1
2179,123,15,4,7,20,5,5,5,4,53,+34.269,5146012,\N,\N,\N,\N,1
2180,123,11,16,16,13,6,6,6,3,53,+51.692,5163435,\N,\N,\N,\N,1
2181,123,43,7,21,3,7,7,7,2,53,+56.794,5168537,\N,\N,\N,\N,1
2182,123,30,6,1,14,8,8,8,1,53,+59.487,5171230,\N,\N,\N,\N,1
2183,123,2,15,9,11,9,9,9,0,53,+60.159,5171902,\N,\N,\N,\N,1
2184,123,44,7,20,4,10,10,10,0,53,+61.844,5173587,\N,\N,\N,\N,1
2185,123,17,19,14,6,11,11,11,0,53,+71.005,5182748,\N,\N,\N,\N,1
2186,123,23,3,4,19,12,12,12,0,52,\N,\N,\N,\N,\N,\N,11
2187,123,51,19,15,10,13,13,13,0,52,\N,\N,\N,\N,\N,\N,11
2188,123,52,17,12,15,14,14,14,0,51,\N,\N,\N,\N,\N,\N,12
2189,123,50,18,19,17,15,15,15,0,51,\N,\N,\N,\N,\N,\N,12
2190,123,53,18,18,18,16,16,16,0,50,\N,\N,\N,\N,\N,\N,13
2191,123,21,17,11,16,\N,R,17,0,33,\N,\N,\N,\N,\N,\N,60
2192,123,4,4,8,5,\N,R,18,0,17,\N,\N,\N,\N,\N,\N,5
2193,123,49,15,10,12,\N,R,19,0,9,\N,\N,\N,\N,\N,\N,5
2194,123,31,3,3,2,\N,R,20,0,9,\N,\N,\N,\N,\N,\N,9
2195,124,30,6,1,2,1,1,1,10,58,1:35:36.792,5736792,\N,\N,\N,\N,1
2196,124,31,3,6,6,2,2,2,6,58,+18.628,5755420,\N,\N,\N,\N,1
2197,124,8,1,4,5,3,3,3,4,58,+25.067,5761859,\N,\N,\N,\N,1
2198,124,56,19,16,19,4,4,4,3,57,\N,\N,\N,\N,\N,\N,11
2199,124,17,18,23,18,5,5,5,2,56,\N,\N,\N,\N,\N,\N,12
2200,124,63,7,24,14,6,6,6,1,56,\N,\N,\N,\N,\N,\N,12
2201,124,62,18,22,21,7,7,7,0,55,\N,\N,\N,\N,\N,\N,13
2202,124,37,19,17,20,8,8,8,0,53,\N,\N,\N,\N,\N,\N,15
2203,124,14,1,3,4,\N,R,9,0,33,\N,\N,\N,\N,\N,\N,6
2204,124,35,16,11,13,\N,R,10,0,27,\N,\N,\N,\N,\N,\N,41
2205,124,49,21,20,15,\N,D,11,0,16,\N,\N,\N,\N,\N,\N,2
2206,124,59,21,21,17,\N,D,12,0,15,\N,\N,\N,\N,\N,\N,2
2207,124,11,17,10,22,\N,R,13,0,12,\N,\N,\N,\N,\N,\N,10
2208,124,15,4,14,7,\N,R,14,0,8,\N,\N,\N,\N,\N,\N,20
2209,124,22,6,2,1,\N,R,15,0,0,\N,\N,\N,\N,\N,\N,4
2210,124,23,3,5,3,\N,R,16,0,0,\N,\N,\N,\N,\N,\N,4
2211,124,21,17,9,8,\N,R,17,0,0,\N,\N,\N,\N,\N,\N,4
2212,124,13,15,8,9,\N,R,18,0,0,\N,\N,\N,\N,\N,\N,4
2213,124,2,15,7,10,\N,R,19,0,0,\N,\N,\N,\N,\N,\N,4
2214,124,18,4,15,11,\N,R,20,0,0,\N,\N,\N,\N,\N,\N,4
2215,124,44,16,12,12,\N,R,21,0,0,\N,\N,\N,\N,\N,\N,4
2216,124,66,7,25,16,\N,R,22,0,0,\N,\N,\N,\N,\N,\N,4
2217,125,23,3,5,4,1,1,1,10,56,1:34:12.912,5652912,\N,\N,\N,\N,1
2218,125,31,3,6,2,2,2,2,6,56,+39.700,5692612,\N,\N,\N,\N,1
2219,125,30,6,1,1,3,3,3,4,56,+61.795,5714707,\N,\N,\N,\N,1
2220,125,18,4,15,8,4,4,4,3,56,+69.767,5722679,\N,\N,\N,\N,1
2221,125,2,15,7,7,5,5,5,2,55,\N,\N,\N,\N,\N,\N,11
2222,125,13,15,8,14,6,6,6,1,55,\N,\N,\N,\N,\N,\N,11
2223,125,66,7,25,19,7,7,7,0,55,\N,\N,\N,\N,\N,\N,11
2224,125,35,16,11,13,8,8,8,0,55,\N,\N,\N,\N,\N,\N,11
2225,125,11,17,10,15,9,9,9,0,54,\N,\N,\N,\N,\N,\N,12
2226,125,37,19,17,17,10,10,10,0,54,\N,\N,\N,\N,\N,\N,12
2227,125,49,21,20,11,11,11,11,0,54,\N,\N,\N,\N,\N,\N,12
2228,125,63,7,24,10,12,12,12,0,53,\N,\N,\N,\N,\N,\N,13
2229,125,21,17,9,9,13,13,13,0,53,\N,\N,\N,\N,\N,\N,13
2230,125,22,6,2,3,\N,R,14,0,39,\N,\N,\N,\N,\N,\N,5
2231,125,17,18,23,21,\N,R,15,0,34,\N,\N,\N,\N,\N,\N,10
2232,125,56,19,16,20,\N,R,16,0,30,\N,\N,\N,\N,\N,\N,9
2233,125,62,18,22,22,\N,R,17,0,29,\N,\N,\N,\N,\N,\N,6
2234,125,8,1,4,5,\N,R,18,0,24,\N,\N,\N,\N,\N,\N,5
2235,125,59,21,21,16,\N,R,19,0,20,\N,\N,\N,\N,\N,\N,74
2236,125,14,1,3,6,\N,R,20,0,15,\N,\N,\N,\N,\N,\N,5
2237,125,44,16,12,18,\N,R,21,0,9,\N,\N,\N,\N,\N,\N,8
2238,125,15,4,14,12,\N,R,22,0,9,\N,\N,\N,\N,\N,\N,25
2239,126,30,6,1,2,1,1,1,10,71,1:31:43.663,5503663,\N,\N,\N,\N,1
2240,126,23,3,5,3,2,2,2,6,71,+0.588,5504251,\N,\N,\N,\N,1
2241,126,14,1,3,4,3,3,3,4,71,+59.109,5562772,\N,\N,\N,\N,1
2242,126,18,4,15,7,4,4,4,3,71,+66.883,5570546,\N,\N,\N,\N,1
2243,126,31,3,6,1,5,5,5,2,71,+67.563,5571226,\N,\N,\N,\N,1
2244,126,63,7,24,10,6,6,6,1,70,\N,\N,\N,\N,\N,\N,11
2245,126,56,19,16,13,7,7,7,0,70,\N,\N,\N,\N,\N,\N,11
2246,126,37,19,17,11,8,8,8,0,70,\N,\N,\N,\N,\N,\N,11
2247,126,11,17,10,19,9,9,9,0,69,\N,\N,\N,\N,\N,\N,12
2248,126,35,16,11,15,10,10,10,0,68,\N,\N,\N,\N,\N,\N,5
2249,126,17,18,23,20,11,11,11,0,68,\N,\N,\N,\N,\N,\N,13
2250,126,8,1,4,5,12,12,12,0,67,\N,\N,\N,\N,\N,\N,46
2251,126,62,18,22,22,13,13,13,0,67,\N,\N,\N,\N,\N,\N,14
2252,126,2,15,7,9,\N,R,14,0,61,\N,\N,\N,\N,\N,\N,23
2253,126,15,4,14,6,\N,R,15,0,60,\N,\N,\N,\N,\N,\N,5
2254,126,13,15,8,12,\N,R,16,0,41,\N,\N,\N,\N,\N,\N,4
2255,126,66,7,25,16,\N,R,17,0,40,\N,\N,\N,\N,\N,\N,20
2256,126,44,16,12,17,\N,R,18,0,25,\N,\N,\N,\N,\N,\N,6
2257,126,49,21,20,18,\N,R,19,0,25,\N,\N,\N,\N,\N,\N,22
2258,126,59,21,21,21,\N,R,20,0,19,\N,\N,\N,\N,\N,\N,22
2259,126,22,6,2,8,\N,R,21,0,16,\N,\N,\N,\N,\N,\N,9
2260,126,21,17,9,14,\N,R,22,0,6,\N,\N,\N,\N,\N,\N,5
2261,127,30,6,1,1,1,1,1,10,62,1:29:10.789,5350789,\N,\N,\N,\N,1
2262,127,22,6,2,2,2,2,2,6,62,+17.907,5368696,\N,\N,\N,\N,1
2263,127,23,3,5,3,3,3,3,4,62,+19.755,5370544,\N,\N,\N,\N,1
2264,127,31,3,6,4,4,4,4,3,62,+44.725,5395514,\N,\N,\N,\N,1
2265,127,18,4,15,9,5,5,5,2,62,+83.395,5434184,\N,\N,\N,\N,1
2266,127,14,1,3,6,6,6,6,1,61,\N,\N,\N,\N,\N,\N,11
2267,127,35,16,11,10,7,7,7,0,61,\N,\N,\N,\N,\N,\N,11
2268,127,13,15,8,11,8,8,8,0,61,\N,\N,\N,\N,\N,\N,11
2269,127,15,4,14,8,9,9,9,0,61,\N,\N,\N,\N,\N,\N,11
2270,127,2,15,7,7,10,10,10,0,61,\N,\N,\N,\N,\N,\N,11
2271,127,17,18,23,19,11,11,11,0,60,\N,\N,\N,\N,\N,\N,12
2272,127,59,21,21,20,\N,R,12,0,50,\N,\N,\N,\N,\N,\N,75
2273,127,56,19,16,18,\N,R,13,0,45,\N,\N,\N,\N,\N,\N,30
2274,127,8,1,4,5,\N,R,14,0,44,\N,\N,\N,\N,\N,\N,43
2275,127,44,16,12,12,\N,R,15,0,44,\N,\N,\N,\N,\N,\N,37
2276,127,37,19,17,22,\N,R,16,0,30,\N,\N,\N,\N,\N,\N,30
2277,127,63,7,24,16,\N,R,17,0,26,\N,\N,\N,\N,\N,\N,6
2278,127,49,21,20,13,\N,R,18,0,25,\N,\N,\N,\N,\N,\N,75
2279,127,21,17,9,15,\N,R,19,0,19,\N,\N,\N,\N,\N,\N,9
2280,127,11,17,10,14,\N,R,20,0,5,\N,\N,\N,\N,\N,\N,6
2281,127,66,7,25,17,\N,R,21,0,0,\N,\N,\N,\N,\N,\N,10
2282,127,62,18,22,0,\N,F,22,0,0,\N,\N,\N,\N,\N,\N,77
2283,128,30,6,1,1,1,1,1,10,65,1:30:29.981,5429981,\N,\N,\N,\N,1
2284,128,31,3,6,4,2,2,2,6,65,+35.630,5465611,\N,\N,\N,\N,1
2285,128,14,1,3,7,3,3,3,4,65,+42.623,5472604,\N,\N,\N,\N,1
2286,128,2,15,7,8,4,4,4,3,65,+66.697,5496678,\N,\N,\N,\N,1
2287,128,13,15,8,11,5,5,5,2,65,+78.973,5508954,\N,\N,\N,\N,1
2288,128,49,21,20,10,6,6,6,1,65,+80.430,5510411,\N,\N,\N,\N,1
2289,128,35,16,11,15,7,7,7,0,64,\N,\N,\N,\N,\N,\N,11
2290,128,66,7,25,19,8,8,8,0,64,\N,\N,\N,\N,\N,\N,11
2291,128,63,7,24,17,9,9,9,0,64,\N,\N,\N,\N,\N,\N,11
2292,128,15,4,14,9,10,10,10,0,63,\N,\N,\N,\N,\N,\N,5
2293,128,23,3,5,3,11,11,11,0,63,\N,\N,\N,\N,\N,\N,5
2294,128,18,4,15,6,12,12,12,0,60,\N,\N,\N,\N,\N,\N,9
2295,128,44,16,12,13,\N,R,13,0,43,\N,\N,\N,\N,\N,\N,43
2296,128,56,19,16,22,\N,R,14,0,41,\N,\N,\N,\N,\N,\N,9
2297,128,59,21,21,14,\N,R,15,0,40,\N,\N,\N,\N,\N,\N,9
2298,128,11,17,10,18,\N,R,16,0,10,\N,\N,\N,\N,\N,\N,20
2299,128,21,17,9,12,\N,R,17,0,5,\N,\N,\N,\N,\N,\N,9
2300,128,8,1,4,5,\N,R,18,0,4,\N,\N,\N,\N,\N,\N,65
2301,128,37,19,17,16,\N,R,19,0,2,\N,\N,\N,\N,\N,\N,20
2302,128,22,6,2,2,\N,W,20,0,0,\N,\N,\N,\N,\N,\N,6
2303,128,17,18,22,20,\N,W,21,0,0,\N,\N,\N,\N,\N,\N,78
2304,128,62,18,23,21,\N,W,22,0,0,\N,\N,\N,\N,\N,\N,78
2305,129,30,6,1,3,1,1,1,10,71,1:33:51.562,5631562,\N,\N,\N,\N,1
2306,129,22,6,2,1,2,2,2,6,71,+0.182,5631744,\N,\N,\N,\N,1
2307,129,31,3,6,4,3,3,3,4,71,+17.730,5649292,\N,\N,\N,\N,1
2308,129,23,3,5,2,4,4,4,3,71,+18.448,5650010,\N,\N,\N,\N,1
2309,129,21,17,9,15,5,5,5,2,71,+49.965,5681527,\N,\N,\N,\N,1
2310,129,14,1,3,8,6,6,6,1,71,+50.672,5682234,\N,\N,\N,\N,1
2311,129,18,4,15,13,7,7,7,0,71,+51.229,5682791,\N,\N,\N,\N,1
2312,129,63,7,24,10,8,8,8,0,71,+69.425,5700987,\N,\N,\N,\N,1
2313,129,66,7,25,14,9,9,9,0,71,+69.718,5701280,\N,\N,\N,\N,1
2314,129,35,16,11,17,10,10,10,0,70,\N,\N,\N,\N,\N,\N,11
2315,129,49,21,20,11,11,11,11,0,69,\N,\N,\N,\N,\N,\N,12
2316,129,17,18,23,21,12,12,12,0,69,\N,\N,\N,\N,\N,\N,12
2317,129,15,4,14,16,\N,R,13,0,44,\N,\N,\N,\N,\N,\N,32
2318,129,62,18,22,22,\N,R,14,0,42,\N,\N,\N,\N,\N,\N,5
2319,129,56,19,16,20,\N,R,15,0,38,\N,\N,\N,\N,\N,\N,9
2320,129,2,15,7,5,\N,R,16,0,27,\N,\N,\N,\N,\N,\N,4
2321,129,11,17,10,18,\N,R,17,0,26,\N,\N,\N,\N,\N,\N,4
2322,129,44,16,12,9,\N,R,18,0,22,\N,\N,\N,\N,\N,\N,5
2323,129,13,15,8,7,\N,R,19,0,7,\N,\N,\N,\N,\N,\N,22
2324,129,8,1,4,6,\N,R,20,0,5,\N,\N,\N,\N,\N,\N,5
2325,129,59,21,21,12,\N,R,21,0,2,\N,\N,\N,\N,\N,\N,4
2326,129,37,19,17,19,\N,R,22,0,0,\N,\N,\N,\N,\N,\N,37
2327,130,14,1,3,2,1,1,1,10,78,1:45:39.055,6339055,\N,\N,\N,\N,1
2328,130,30,6,1,3,2,2,2,6,78,+1.050,6340105,\N,\N,\N,\N,1
2329,130,23,3,5,4,3,3,3,4,78,+77.450,6416505,\N,\N,\N,\N,1
2330,130,15,4,14,7,4,4,4,3,77,\N,\N,\N,\N,\N,\N,11
2331,130,21,17,9,11,5,5,5,2,77,\N,\N,\N,\N,\N,\N,11
2332,130,49,21,20,12,6,6,6,1,77,\N,\N,\N,\N,\N,\N,11
2333,130,22,6,2,5,7,7,7,0,77,\N,\N,\N,\N,\N,\N,11
2334,130,2,15,7,15,8,8,8,0,76,\N,\N,\N,\N,\N,\N,12
2335,130,56,19,16,19,9,9,9,0,76,\N,\N,\N,\N,\N,\N,12
2336,130,37,19,17,17,10,10,10,0,76,\N,\N,\N,\N,\N,\N,12
2337,130,17,18,23,20,11,11,11,0,76,\N,\N,\N,\N,\N,\N,12
2338,130,59,21,21,21,12,12,12,0,76,\N,\N,\N,\N,\N,\N,12
2339,130,63,7,24,9,\N,R,13,0,69,\N,\N,\N,\N,\N,\N,23
2340,130,13,15,8,13,\N,R,14,0,63,\N,\N,\N,\N,\N,\N,3
2341,130,44,16,12,18,\N,R,15,0,51,\N,\N,\N,\N,\N,\N,4
2342,130,18,4,15,8,\N,R,16,0,51,\N,\N,\N,\N,\N,\N,4
2343,130,31,3,6,1,\N,R,17,0,46,\N,\N,\N,\N,\N,\N,5
2344,130,35,16,11,14,\N,R,18,0,44,\N,\N,\N,\N,\N,\N,26
2345,130,8,1,4,6,\N,R,19,0,41,\N,\N,\N,\N,\N,\N,4
2346,130,62,18,22,22,\N,R,20,0,29,\N,\N,\N,\N,\N,\N,3
2347,130,11,17,10,16,\N,R,21,0,22,\N,\N,\N,\N,\N,\N,20
2348,130,66,7,25,10,\N,R,22,0,15,\N,\N,\N,\N,\N,\N,3
2349,131,30,6,1,2,1,1,1,10,70,1:33:36.111,5616111,\N,\N,\N,\N,1
2350,131,14,1,3,8,2,2,2,6,70,+1.132,5617243,\N,\N,\N,\N,1
2351,131,22,6,2,3,3,3,3,4,70,+7.082,5623193,\N,\N,\N,\N,1
2352,131,8,1,4,5,4,4,4,3,70,+37.563,5653674,\N,\N,\N,\N,1
2353,131,21,17,9,6,5,5,5,2,70,+42.812,5658923,\N,\N,\N,\N,1
2354,131,15,4,14,10,6,6,6,1,70,+48.947,5665058,\N,\N,\N,\N,1
2355,131,23,3,5,4,7,7,7,0,70,+51.518,5667629,\N,\N,\N,\N,5
2356,131,44,16,12,11,8,8,8,0,69,\N,\N,\N,\N,\N,\N,11
2357,131,13,15,8,12,9,9,9,0,69,\N,\N,\N,\N,\N,\N,11
2358,131,11,17,10,15,10,10,10,0,69,\N,\N,\N,\N,\N,\N,11
2359,131,17,18,23,21,11,11,11,0,69,\N,\N,\N,\N,\N,\N,11
2360,131,2,15,7,7,12,12,12,0,69,\N,\N,\N,\N,\N,\N,11
2361,131,49,21,20,19,13,13,13,0,69,\N,\N,\N,\N,\N,\N,11
2362,131,62,18,22,22,14,14,14,0,68,\N,\N,\N,\N,\N,\N,12
2363,131,18,4,15,13,15,15,15,0,65,\N,\N,\N,\N,\N,\N,6
2364,131,31,3,6,1,\N,R,16,0,56,\N,\N,\N,\N,\N,\N,5
2365,131,66,7,25,20,\N,R,17,0,45,\N,\N,\N,\N,\N,\N,20
2366,131,56,19,16,14,\N,R,18,0,41,\N,\N,\N,\N,\N,\N,25
2367,131,63,7,24,18,\N,R,19,0,41,\N,\N,\N,\N,\N,\N,23
2368,131,37,19,17,16,\N,R,20,0,29,\N,\N,\N,\N,\N,\N,6
2369,131,59,21,21,17,\N,R,21,0,16,\N,\N,\N,\N,\N,\N,22
2370,131,35,16,11,9,\N,R,22,0,8,\N,\N,\N,\N,\N,\N,51
2371,132,22,6,2,4,1,1,1,10,60,1:35:07.426,5707426,\N,\N,\N,\N,1
2372,132,30,6,1,3,2,2,2,6,60,+0.294,5707720,\N,\N,\N,\N,1
2373,132,8,1,4,6,3,3,3,4,60,+46.435,5753861,\N,\N,\N,\N,1
2374,132,23,3,5,2,4,4,4,3,60,+66.963,5774389,\N,\N,\N,\N,1
2375,132,18,4,15,8,5,5,5,2,60,+76.943,5784369,\N,\N,\N,\N,1
2376,132,13,15,8,11,6,6,6,1,59,\N,\N,\N,\N,\N,\N,11
2377,132,2,15,7,9,7,7,7,0,59,\N,\N,\N,\N,\N,\N,11
2378,132,15,4,14,7,8,8,8,0,59,\N,\N,\N,\N,\N,\N,11
2379,132,44,16,12,12,9,9,9,0,59,\N,\N,\N,\N,\N,\N,11
2380,132,37,19,17,16,10,10,10,0,59,\N,\N,\N,\N,\N,\N,11
2381,132,59,21,21,21,11,11,11,0,59,\N,\N,\N,\N,\N,\N,11
2382,132,35,16,11,19,12,12,12,0,59,\N,\N,\N,\N,\N,\N,11
2383,132,49,21,20,15,13,13,13,0,59,\N,\N,\N,\N,\N,\N,11
2384,132,66,7,25,13,14,14,14,0,59,\N,\N,\N,\N,\N,\N,11
2385,132,17,18,23,20,15,15,15,0,58,\N,\N,\N,\N,\N,\N,12
2386,132,11,17,10,14,16,16,16,0,58,\N,\N,\N,\N,\N,\N,12
2387,132,63,7,24,10,\N,R,17,0,51,\N,\N,\N,\N,\N,\N,6
2388,132,62,18,22,22,\N,R,18,0,48,\N,\N,\N,\N,\N,\N,9
2389,132,56,19,16,17,\N,R,19,0,41,\N,\N,\N,\N,\N,\N,9
2390,132,31,3,6,1,\N,R,20,0,27,\N,\N,\N,\N,\N,\N,4
2391,132,14,1,3,5,\N,R,21,0,27,\N,\N,\N,\N,\N,\N,4
2392,132,21,17,9,18,\N,R,22,0,26,\N,\N,\N,\N,\N,\N,3
2393,133,30,6,1,3,1,1,1,10,60,1:31:45.015,5505015,\N,\N,\N,\N,1
2394,133,22,6,2,2,2,2,2,6,60,+14.578,5519593,\N,\N,\N,\N,1
2395,133,31,3,6,1,3,3,3,4,60,+31.661,5536676,\N,\N,\N,\N,1
2396,133,35,16,11,9,4,4,4,3,59,\N,\N,\N,\N,\N,\N,11
2397,133,44,16,12,13,5,5,5,2,59,\N,\N,\N,\N,\N,\N,11
2398,133,2,15,7,10,6,6,6,1,59,\N,\N,\N,\N,\N,\N,11
2399,133,21,17,9,17,7,7,7,0,59,\N,\N,\N,\N,\N,\N,11
2400,133,23,3,5,4,8,8,8,0,59,\N,\N,\N,\N,\N,\N,11
2401,133,13,15,8,11,9,9,9,0,59,\N,\N,\N,\N,\N,\N,11
2402,133,14,1,3,6,10,10,10,0,58,\N,\N,\N,\N,\N,\N,12
2403,133,37,19,17,21,11,11,11,0,58,\N,\N,\N,\N,\N,\N,12
2404,133,18,4,15,12,12,12,12,0,54,\N,\N,\N,\N,\N,\N,36
2405,133,11,17,10,14,\N,R,13,0,50,\N,\N,\N,\N,\N,\N,5
2406,133,8,1,4,5,\N,R,14,0,44,\N,\N,\N,\N,\N,\N,5
2407,133,15,4,14,7,\N,R,15,0,29,\N,\N,\N,\N,\N,\N,40
2408,133,59,21,21,18,\N,R,16,0,28,\N,\N,\N,\N,\N,\N,30
2409,133,56,19,16,19,\N,R,17,0,23,\N,\N,\N,\N,\N,\N,20
2410,133,49,21,20,16,\N,R,18,0,20,\N,\N,\N,\N,\N,\N,5
2411,133,63,7,24,8,\N,R,19,0,15,\N,\N,\N,\N,\N,\N,79
2412,133,17,18,23,20,\N,R,20,0,9,\N,\N,\N,\N,\N,\N,8
2413,133,66,7,25,15,\N,R,21,0,0,\N,\N,\N,\N,\N,\N,8
2414,134,30,6,1,2,1,1,1,10,72,1:32:09.837,5529837,\N,\N,\N,\N,1
2415,134,8,1,4,4,2,2,2,6,72,+1.105,5530942,\N,\N,\N,\N,1
2416,134,14,1,3,6,3,3,3,4,72,+31.976,5561813,\N,\N,\N,\N,1
2417,134,31,3,6,1,4,4,4,3,72,+40.676,5570513,\N,\N,\N,\N,1
2418,134,23,3,5,5,5,5,5,2,72,+41.773,5571610,\N,\N,\N,\N,1
2419,134,18,4,15,7,6,6,6,1,71,\N,\N,\N,\N,\N,\N,11
2420,134,2,15,7,10,7,7,7,0,71,\N,\N,\N,\N,\N,\N,11
2421,134,17,18,23,18,8,8,8,0,71,\N,\N,\N,\N,\N,\N,11
2422,134,37,19,17,15,9,9,9,0,70,\N,\N,\N,\N,\N,\N,12
2423,134,62,18,22,19,10,10,10,0,68,\N,\N,\N,\N,\N,\N,14
2424,134,66,7,25,17,11,11,11,0,65,\N,\N,\N,\N,\N,\N,5
2425,134,56,19,16,9,\N,R,12,0,52,\N,\N,\N,\N,\N,\N,65
2426,134,15,4,14,8,\N,R,13,0,49,\N,\N,\N,\N,\N,\N,5
2427,134,13,15,8,12,\N,R,14,0,48,\N,\N,\N,\N,\N,\N,26
2428,134,63,7,24,16,\N,R,15,0,48,\N,\N,\N,\N,\N,\N,5
2429,134,35,16,11,13,\N,R,16,0,35,\N,\N,\N,\N,\N,\N,5
2430,134,44,16,12,11,\N,R,17,0,29,\N,\N,\N,\N,\N,\N,3
2431,134,11,17,10,14,\N,R,18,0,23,\N,\N,\N,\N,\N,\N,20
2432,134,22,6,2,3,\N,W,19,0,0,\N,\N,\N,\N,\N,\N,80
2433,134,49,21,20,0,\N,F,20,0,0,\N,\N,\N,\N,\N,\N,81
2434,134,59,21,21,0,\N,F,21,0,0,\N,\N,\N,\N,\N,\N,81
2435,134,21,17,9,0,\N,F,22,0,0,\N,\N,\N,\N,\N,\N,82
2436,135,30,6,1,1,1,1,1,10,67,1:27:52.078,5272078,\N,\N,\N,\N,1
2437,135,31,3,6,4,2,2,2,6,67,+10.503,5282581,\N,\N,\N,\N,1
2438,135,23,3,5,2,3,3,3,4,67,+14.466,5286544,\N,\N,\N,\N,1
2439,135,22,6,2,3,4,4,4,3,67,+23.195,5295273,\N,\N,\N,\N,1
2440,135,14,1,3,9,5,5,5,2,66,\N,\N,\N,\N,\N,\N,11
2441,135,2,15,7,10,6,6,6,1,66,\N,\N,\N,\N,\N,\N,11
2442,135,13,15,8,14,7,7,7,0,66,\N,\N,\N,\N,\N,\N,11
2443,135,11,17,10,12,8,8,8,0,66,\N,\N,\N,\N,\N,\N,11
2444,135,63,7,24,19,9,9,9,0,66,\N,\N,\N,\N,\N,\N,11
2445,135,21,17,9,6,\N,R,10,0,59,\N,\N,\N,\N,\N,\N,5
2446,135,8,1,4,5,\N,R,11,0,59,\N,\N,\N,\N,\N,\N,20
2447,135,56,19,16,16,\N,R,12,0,57,\N,\N,\N,\N,\N,\N,23
2448,135,59,21,21,18,\N,R,13,0,48,\N,\N,\N,\N,\N,\N,5
2449,135,44,16,12,7,\N,R,14,0,39,\N,\N,\N,\N,\N,\N,5
2450,135,15,4,14,8,\N,R,15,0,36,\N,\N,\N,\N,\N,\N,20
2451,135,35,16,11,11,\N,R,16,0,27,\N,\N,\N,\N,\N,\N,6
2452,135,18,4,15,13,\N,R,17,0,24,\N,\N,\N,\N,\N,\N,5
2453,135,66,7,25,17,\N,R,18,0,23,\N,\N,\N,\N,\N,\N,5
2454,135,17,18,23,21,\N,R,19,0,23,\N,\N,\N,\N,\N,\N,9
2455,135,49,21,20,15,\N,R,20,0,18,\N,\N,\N,\N,\N,\N,9
2456,135,37,19,17,20,\N,R,21,0,0,\N,\N,\N,\N,\N,\N,7
2457,136,22,6,2,1,1,1,1,10,77,1:41:49.001,6109001,\N,\N,\N,\N,1
2458,136,30,6,1,2,2,2,2,6,77,+0.434,6109435,\N,\N,\N,\N,1
2459,136,23,3,5,3,3,3,3,4,77,+13.355,6122356,\N,\N,\N,\N,1
2460,136,8,1,4,11,4,4,4,3,77,+29.479,6138480,\N,\N,\N,\N,1
2461,136,14,1,3,10,5,5,5,2,77,+37.800,6146801,\N,\N,\N,\N,1
2462,136,21,17,9,5,6,6,6,1,77,+68.804,6177805,\N,\N,\N,\N,1
2463,136,13,15,8,7,7,7,7,0,77,+73.612,6182613,\N,\N,\N,\N,1
2464,136,15,4,14,6,8,8,8,0,76,\N,\N,\N,\N,\N,\N,11
2465,136,2,15,7,8,9,9,9,0,76,\N,\N,\N,\N,\N,\N,11
2466,136,11,17,10,14,10,10,10,0,76,\N,\N,\N,\N,\N,\N,11
2467,136,31,3,6,4,11,11,11,0,76,\N,\N,\N,\N,\N,\N,11
2468,136,44,16,12,12,12,12,12,0,76,\N,\N,\N,\N,\N,\N,11
2469,136,37,19,17,15,13,13,13,0,75,\N,\N,\N,\N,\N,\N,12
2470,136,66,7,25,18,14,14,14,0,75,\N,\N,\N,\N,\N,\N,12
2471,136,63,7,24,17,15,15,15,0,75,\N,\N,\N,\N,\N,\N,12
2472,136,17,18,23,19,16,16,16,0,75,\N,\N,\N,\N,\N,\N,12
2473,136,19,18,22,20,\N,R,17,0,58,\N,\N,\N,\N,\N,\N,20
2474,136,18,4,15,9,\N,R,18,0,30,\N,\N,\N,\N,\N,\N,20
2475,136,56,19,16,16,\N,R,19,0,23,\N,\N,\N,\N,\N,\N,5
2476,136,35,16,11,13,\N,R,20,0,20,\N,\N,\N,\N,\N,\N,7
2477,137,30,6,1,1,1,1,1,10,44,1:21:20.634,4880634,\N,\N,\N,\N,1
2478,137,22,6,2,3,2,2,2,6,44,+1.977,4882611,\N,\N,\N,\N,1
2479,137,31,3,6,5,3,3,3,4,44,+18.445,4899079,\N,\N,\N,\N,1
2480,137,14,1,3,6,4,4,4,3,44,+19.357,4899991,\N,\N,\N,\N,1
2481,137,23,3,5,4,5,5,5,2,44,+56.440,4937074,\N,\N,\N,\N,1
2482,137,56,19,16,8,6,6,6,1,44,+77.370,4958004,\N,\N,\N,\N,1
2483,137,63,7,24,9,7,7,7,0,44,+77.809,4958443,\N,\N,\N,\N,1
2484,137,35,16,11,12,8,8,8,0,44,+79.855,4960489,\N,\N,\N,\N,1
2485,137,66,7,25,13,9,9,9,0,43,\N,\N,\N,\N,\N,\N,11
2486,137,2,15,7,18,10,10,10,0,43,\N,\N,\N,\N,\N,\N,11
2487,137,11,17,10,16,11,11,11,0,43,\N,\N,\N,\N,\N,\N,11
2488,137,44,16,12,15,12,12,12,0,39,\N,\N,\N,\N,\N,\N,5
2489,137,21,17,9,14,\N,R,13,0,38,\N,\N,\N,\N,\N,\N,5
2490,137,37,19,17,11,\N,R,14,0,37,\N,\N,\N,\N,\N,\N,22
2491,137,13,15,8,17,\N,R,15,0,37,\N,\N,\N,\N,\N,\N,5
2492,137,8,1,4,2,\N,R,16,0,35,\N,\N,\N,\N,\N,\N,5
2493,137,15,4,14,7,\N,R,17,0,35,\N,\N,\N,\N,\N,\N,5
2494,137,19,18,22,20,\N,R,18,0,17,\N,\N,\N,\N,\N,\N,20
2495,137,18,4,15,10,\N,R,19,0,10,\N,\N,\N,\N,\N,\N,5
2496,137,17,18,23,19,\N,R,20,0,4,\N,\N,\N,\N,\N,\N,6
2497,138,22,6,2,4,1,1,1,10,53,1:16:19.982,4579982,\N,\N,\N,\N,1
2498,138,30,6,1,2,2,2,2,6,53,+0.255,4580237,\N,\N,\N,\N,1
2499,138,56,19,16,5,3,3,3,4,53,+52.579,4632561,\N,\N,\N,\N,1
2500,138,15,4,14,11,4,4,4,3,53,+58.219,4638201,\N,\N,\N,\N,1
2501,138,18,4,15,17,5,5,5,2,53,+67.770,4647752,\N,\N,\N,\N,1
2502,138,44,16,12,16,6,6,6,1,53,+68.491,4648473,\N,\N,\N,\N,1
2503,138,14,1,3,7,7,7,7,0,53,+69.047,4649029,\N,\N,\N,\N,1
2504,138,21,17,9,12,8,8,8,0,53,+70.891,4650873,\N,\N,\N,\N,1
2505,138,35,16,11,9,9,9,9,0,53,+81.068,4661050,\N,\N,\N,\N,1
2506,138,2,15,7,15,10,10,10,0,53,+82.046,4662028,\N,\N,\N,\N,1
2507,138,63,7,24,10,11,11,11,0,52,\N,\N,\N,\N,\N,\N,11
2508,138,11,17,10,18,12,12,12,0,52,\N,\N,\N,\N,\N,\N,11
2509,138,62,18,22,20,13,13,13,0,47,\N,\N,\N,\N,\N,\N,16
2510,138,31,3,6,1,\N,R,14,0,33,\N,\N,\N,\N,\N,\N,83
2511,138,8,1,4,6,\N,R,15,0,29,\N,\N,\N,\N,\N,\N,5
2512,138,17,18,23,19,\N,R,16,0,20,\N,\N,\N,\N,\N,\N,5
2513,138,13,15,8,14,\N,R,17,0,16,\N,\N,\N,\N,\N,\N,4
2514,138,37,19,17,8,\N,R,18,0,15,\N,\N,\N,\N,\N,\N,4
2515,138,66,7,25,13,\N,R,19,0,12,\N,\N,\N,\N,\N,\N,22
2516,138,23,3,5,3,\N,R,20,0,4,\N,\N,\N,\N,\N,\N,5
2517,139,22,6,2,2,1,1,1,10,73,1:31:07.934,5467934,\N,\N,\N,\N,1
2518,139,30,6,1,1,2,2,2,6,73,+0.011,5467945,\N,\N,\N,\N,1
2519,139,14,1,3,3,3,3,3,4,73,+7.799,5475733,\N,\N,\N,\N,1
2520,139,31,3,6,4,4,4,4,3,73,+9.911,5477845,\N,\N,\N,\N,1
2521,139,15,4,14,8,5,5,5,2,73,+56.847,5524781,\N,\N,\N,\N,1
2522,139,35,16,11,7,6,6,6,1,73,+58.211,5526145,\N,\N,\N,\N,1
2523,139,21,17,9,9,7,7,7,0,72,\N,\N,\N,\N,\N,\N,11
2524,139,18,4,15,14,8,8,8,0,72,\N,\N,\N,\N,\N,\N,11
2525,139,2,15,7,10,9,9,9,0,72,\N,\N,\N,\N,\N,\N,11
2526,139,56,19,16,13,10,10,10,0,72,\N,\N,\N,\N,\N,\N,11
2527,139,11,17,10,15,11,11,11,0,72,\N,\N,\N,\N,\N,\N,11
2528,139,44,16,12,12,12,12,12,0,72,\N,\N,\N,\N,\N,\N,11
2529,139,49,15,8,11,13,13,13,0,71,\N,\N,\N,\N,\N,\N,12
2530,139,63,7,24,19,14,14,14,0,71,\N,\N,\N,\N,\N,\N,12
2531,139,66,7,25,16,15,15,15,0,71,\N,\N,\N,\N,\N,\N,12
2532,139,23,3,5,5,16,16,16,0,71,\N,\N,\N,\N,\N,\N,12
2533,139,8,1,4,6,\N,R,17,0,50,\N,\N,\N,\N,\N,\N,5
2534,139,62,18,22,20,\N,R,18,0,46,\N,\N,\N,\N,\N,\N,5
2535,139,17,18,23,18,\N,R,19,0,38,\N,\N,\N,\N,\N,\N,38
2536,139,37,19,17,17,\N,R,20,0,27,\N,\N,\N,\N,\N,\N,7
2537,140,30,6,1,1,1,1,1,10,53,1:26:59.698,5219698,\N,\N,\N,\N,1
2538,140,22,6,2,2,2,2,2,6,53,+0.506,5220204,\N,\N,\N,\N,1
2539,140,8,1,4,4,3,3,3,4,53,+23.292,5242990,\N,\N,\N,\N,1
2540,140,31,3,6,6,4,4,4,3,53,+36.275,5255973,\N,\N,\N,\N,1
2541,140,11,17,10,7,5,5,5,2,53,+82.694,5302392,\N,\N,\N,\N,1
2542,140,18,4,15,10,6,6,6,1,52,\N,\N,\N,\N,\N,\N,11
2543,140,2,15,7,12,7,7,7,0,52,\N,\N,\N,\N,\N,\N,11
2544,140,63,7,24,13,8,8,8,0,52,\N,\N,\N,\N,\N,\N,11
2545,140,56,19,16,14,9,9,9,0,52,\N,\N,\N,\N,\N,\N,11
2546,140,17,18,23,19,10,10,10,0,51,\N,\N,\N,\N,\N,\N,12
2547,140,23,3,5,5,11,11,11,0,48,\N,\N,\N,\N,\N,\N,5
2548,140,37,19,17,17,\N,R,12,0,39,\N,\N,\N,\N,\N,\N,7
2549,140,21,17,9,8,\N,R,13,0,37,\N,\N,\N,\N,\N,\N,5
2550,140,15,4,14,11,\N,R,14,0,32,\N,\N,\N,\N,\N,\N,26
2551,140,35,16,11,9,\N,R,15,0,27,\N,\N,\N,\N,\N,\N,5
2552,140,62,18,22,20,\N,R,16,0,14,\N,\N,\N,\N,\N,\N,20
2553,140,44,16,12,16,\N,R,17,0,8,\N,\N,\N,\N,\N,\N,26
2554,140,14,1,3,3,\N,R,18,0,7,\N,\N,\N,\N,\N,\N,37
2555,140,13,15,8,15,\N,R,19,0,3,\N,\N,\N,\N,\N,\N,3
2556,140,66,7,25,18,\N,W,20,0,0,\N,\N,\N,\N,\N,\N,73
2557,141,30,6,1,1,1,1,1,10,58,1:38:26.533,5906533,\N,\N,\N,\N,1
2558,141,14,1,4,6,2,2,2,6,58,+1.718,5908251,\N,\N,\N,\N,1
2559,141,22,6,2,2,3,3,3,4,58,+33.491,5940024,\N,\N,\N,\N,1
2560,141,2,15,16,10,4,4,4,3,58,+71.479,5978012,\N,\N,\N,\N,1
2561,141,49,17,11,4,5,5,5,2,58,+72.807,5979340,\N,\N,\N,\N,1
2562,141,8,15,17,13,6,6,6,1,58,+84.143,5990676,\N,\N,\N,\N,1
2563,141,44,16,9,9,7,7,7,0,58,+87.050,5993583,\N,\N,\N,\N,1
2564,141,54,19,19,21,8,8,8,0,57,\N,\N,\N,\N,\N,\N,11
2565,141,55,20,22,14,9,9,9,0,57,\N,\N,\N,\N,\N,\N,11
2566,141,50,21,14,15,10,10,10,0,57,\N,\N,\N,\N,\N,\N,11
2567,141,56,19,18,12,11,11,11,0,57,\N,\N,\N,\N,\N,\N,11
2568,141,4,18,21,19,12,12,12,0,56,\N,\N,\N,\N,\N,\N,12
2569,141,21,22,7,17,13,13,13,0,55,\N,\N,\N,\N,\N,\N,13
2570,141,18,22,8,16,\N,R,14,0,52,\N,\N,\N,\N,\N,\N,10
2571,141,31,3,6,11,\N,R,15,0,40,\N,\N,\N,\N,\N,\N,5
2572,141,15,17,12,7,\N,R,16,0,38,\N,\N,\N,\N,\N,\N,5
2573,141,57,1,3,3,\N,R,17,0,25,\N,\N,\N,\N,\N,\N,22
2574,141,23,3,5,5,\N,R,18,0,4,\N,\N,\N,\N,\N,\N,4
2575,141,35,16,10,8,\N,R,19,0,4,\N,\N,\N,\N,\N,\N,4
2576,141,58,18,20,22,\N,R,20,0,3,\N,\N,\N,\N,\N,\N,84
2577,141,59,21,15,18,\N,R,21,0,2,\N,\N,\N,\N,\N,\N,20
2578,141,60,20,23,20,\N,R,22,0,0,\N,\N,\N,\N,\N,\N,23
2579,142,30,6,1,1,1,1,1,10,55,1:47:34.801,6454801,\N,\N,\N,\N,1
2580,142,22,6,2,2,2,2,2,6,55,+23.660,6478461,\N,\N,\N,\N,1
2581,142,14,1,4,8,3,3,3,4,55,+28.555,6483356,\N,\N,\N,\N,1
2582,142,49,17,11,9,4,4,4,3,55,+46.543,6501344,\N,\N,\N,\N,1
2583,142,23,3,5,3,5,5,5,2,55,+48.233,6503034,\N,\N,\N,\N,1
2584,142,57,1,3,4,6,6,6,1,55,+48.606,6503407,\N,\N,\N,\N,1
2585,142,50,21,14,18,7,7,7,0,55,+81.560,6536361,\N,\N,\N,\N,1
2586,142,15,17,12,5,8,8,8,0,54,\N,\N,\N,\N,\N,\N,11
2587,142,55,20,22,13,9,9,9,0,54,\N,\N,\N,\N,\N,\N,11
2588,142,54,19,19,15,10,10,10,0,54,\N,\N,\N,\N,\N,\N,11
2589,142,18,22,8,17,11,11,11,0,53,\N,\N,\N,\N,\N,\N,12
2590,142,60,20,23,19,12,12,12,0,53,\N,\N,\N,\N,\N,\N,12
2591,142,4,18,21,21,13,13,13,0,52,\N,\N,\N,\N,\N,\N,13
2592,142,58,18,20,20,14,14,14,0,51,\N,\N,\N,\N,\N,\N,14
2593,142,21,22,7,16,\N,R,15,0,31,\N,\N,\N,\N,\N,\N,32
2594,142,35,16,10,7,\N,R,16,0,3,\N,\N,\N,\N,\N,\N,20
2595,142,2,15,16,11,\N,R,17,0,3,\N,\N,\N,\N,\N,\N,20
2596,142,59,21,15,22,\N,R,18,0,3,\N,\N,\N,\N,\N,\N,20
2597,142,31,3,6,6,\N,R,19,0,3,\N,\N,\N,\N,\N,\N,20
2598,142,56,19,18,12,\N,R,20,0,3,\N,\N,\N,\N,\N,\N,47
2599,142,44,16,9,10,\N,R,21,0,1,\N,\N,\N,\N,\N,\N,44
2600,142,8,15,17,14,\N,R,22,0,0,\N,\N,\N,\N,\N,\N,30
2601,143,14,1,4,5,1,1,1,10,71,1:39:00.834,5940834,\N,\N,\N,\N,1
2602,143,30,6,1,1,2,2,2,6,71,+16.164,5956998,\N,\N,\N,\N,1
2603,143,2,15,16,9,3,3,3,4,70,\N,\N,\N,\N,\N,\N,11
2604,143,44,16,9,11,4,4,4,3,70,\N,\N,\N,\N,\N,\N,11
2605,143,15,17,12,7,5,5,5,2,70,\N,\N,\N,\N,\N,\N,11
2606,143,21,22,7,18,6,6,6,1,70,\N,\N,\N,\N,\N,\N,11
2607,143,35,16,10,12,7,7,7,0,70,\N,\N,\N,\N,\N,\N,11
2608,143,55,20,22,15,8,8,8,0,70,\N,\N,\N,\N,\N,\N,11
2609,143,58,18,20,22,9,9,9,0,68,\N,\N,\N,\N,\N,\N,13
2610,143,18,22,8,20,10,10,10,0,64,\N,\N,\N,\N,\N,\N,17
2611,143,49,17,11,8,11,11,11,0,63,\N,\N,\N,\N,\N,\N,10
2612,143,8,15,17,10,\N,R,12,0,55,\N,\N,\N,\N,\N,\N,20
2613,143,23,3,5,2,\N,R,13,0,54,\N,\N,\N,\N,\N,\N,20
2614,143,60,20,23,21,\N,R,14,0,54,\N,\N,\N,\N,\N,\N,8
2615,143,56,19,18,13,\N,R,15,0,52,\N,\N,\N,\N,\N,\N,20
2616,143,31,3,6,4,\N,R,16,0,38,\N,\N,\N,\N,\N,\N,4
2617,143,50,21,14,17,\N,R,17,0,37,\N,\N,\N,\N,\N,\N,4
2618,143,54,19,19,14,\N,R,18,0,30,\N,\N,\N,\N,\N,\N,5
2619,143,4,18,21,19,\N,R,19,0,25,\N,\N,\N,\N,\N,\N,10
2620,143,59,21,15,16,\N,R,20,0,15,\N,\N,\N,\N,\N,\N,9
2621,143,22,6,2,6,\N,R,21,0,2,\N,\N,\N,\N,\N,\N,4
2622,143,57,1,3,3,\N,R,22,0,0,\N,\N,\N,\N,\N,\N,85
2623,144,23,3,5,3,1,1,1,10,62,1:30:44.817,5444817,\N,\N,\N,\N,1
2624,144,14,1,4,1,2,2,2,6,62,+4.352,5449169,\N,\N,\N,\N,1
2625,144,22,6,2,6,3,3,3,4,62,+34.766,5479583,\N,\N,\N,\N,1
2626,144,57,1,3,2,4,4,4,3,62,+36.315,5481132,\N,\N,\N,\N,1
2627,144,15,17,12,5,5,5,5,2,62,+85.558,5530375,\N,\N,\N,\N,1
2628,144,49,17,11,9,6,6,6,1,61,\N,\N,\N,\N,\N,\N,11
2629,144,2,15,16,12,7,7,7,0,61,\N,\N,\N,\N,\N,\N,11
2630,144,44,16,9,8,8,8,8,0,61,\N,\N,\N,\N,\N,\N,11
2631,144,55,20,22,14,9,9,9,0,61,\N,\N,\N,\N,\N,\N,11
2632,144,59,21,15,16,10,10,10,0,60,\N,\N,\N,\N,\N,\N,12
2633,144,54,19,19,15,11,11,11,0,60,\N,\N,\N,\N,\N,\N,12
2634,144,18,22,8,21,12,12,12,0,60,\N,\N,\N,\N,\N,\N,12
2635,144,58,18,20,22,\N,R,13,0,50,\N,\N,\N,\N,\N,\N,5
2636,144,31,3,6,7,\N,R,14,0,48,\N,\N,\N,\N,\N,\N,8
2637,144,56,19,18,13,\N,R,15,0,42,\N,\N,\N,\N,\N,\N,5
2638,144,21,22,7,19,\N,R,16,0,31,\N,\N,\N,\N,\N,\N,5
2639,144,35,16,10,11,\N,R,17,0,30,\N,\N,\N,\N,\N,\N,5
2640,144,60,20,23,20,\N,R,18,0,28,\N,\N,\N,\N,\N,\N,5
2641,144,30,6,1,4,\N,R,19,0,24,\N,\N,\N,\N,\N,\N,22
2642,144,8,15,17,10,\N,R,20,0,17,\N,\N,\N,\N,\N,\N,38
2643,144,50,21,14,17,\N,R,21,0,6,\N,\N,\N,\N,\N,\N,43
2644,144,4,18,21,18,\N,R,22,0,5,\N,\N,\N,\N,\N,\N,23
2645,145,30,6,1,1,1,1,1,10,65,1:31:03.305,5463305,\N,\N,\N,\N,1
2646,145,31,3,6,12,2,2,2,6,65,+40.738,5504043,\N,\N,\N,\N,1
2647,145,35,16,10,7,3,3,3,4,65,+49.626,5512931,\N,\N,\N,\N,1
2648,145,15,17,12,6,4,4,4,3,65,+51.253,5514558,\N,\N,\N,\N,1
2649,145,14,1,4,3,5,5,5,2,65,+51.616,5514921,\N,\N,\N,\N,1
2650,145,2,15,16,10,6,6,6,1,65,+61.893,5525198,\N,\N,\N,\N,1
2651,145,44,16,9,11,7,7,7,0,65,+64.977,5528282,\N,\N,\N,\N,1
2652,145,8,15,17,9,8,8,8,0,65,+79.808,5543113,\N,\N,\N,\N,1
2653,145,57,1,3,2,9,9,9,0,64,\N,\N,\N,\N,\N,\N,8
2654,145,55,20,22,15,10,10,10,0,64,\N,\N,\N,\N,\N,\N,11
2655,145,54,20,23,14,11,11,11,0,64,\N,\N,\N,\N,\N,\N,11
2656,145,50,21,14,17,12,12,12,0,63,\N,\N,\N,\N,\N,\N,12
2657,145,4,18,21,18,13,13,13,0,63,\N,\N,\N,\N,\N,\N,12
2658,145,21,22,7,19,14,14,14,0,63,\N,\N,\N,\N,\N,\N,12
2659,145,18,22,8,21,15,15,15,0,62,\N,\N,\N,\N,\N,\N,13
2660,145,58,18,20,22,16,16,16,0,62,\N,\N,\N,\N,\N,\N,13
2661,145,22,6,2,4,\N,R,17,0,49,\N,\N,\N,\N,\N,\N,22
2662,145,56,19,18,13,\N,R,18,0,48,\N,\N,\N,\N,\N,\N,5
2663,145,23,3,5,5,\N,R,19,0,20,\N,\N,\N,\N,\N,\N,23
2664,145,59,21,15,16,\N,R,20,0,8,\N,\N,\N,\N,\N,\N,32
2665,145,37,19,19,20,\N,R,21,0,5,\N,\N,\N,\N,\N,\N,4
2666,145,49,17,11,8,\N,R,22,0,5,\N,\N,\N,\N,\N,\N,4
2667,146,14,1,4,7,1,1,1,10,71,1:27:45.927,5265927,\N,\N,\N,\N,1
2668,146,30,6,1,1,2,2,2,6,71,+2.191,5268118,\N,\N,\N,\N,1
2669,146,22,6,2,4,3,3,3,4,71,+2.528,5268455,\N,\N,\N,\N,1
2670,146,8,15,17,9,4,4,4,3,71,+41.594,5307521,\N,\N,\N,\N,1
2671,146,44,16,9,10,5,5,5,2,71,+53.776,5319703,\N,\N,\N,\N,1
2672,146,50,21,14,16,6,6,6,1,70,\N,\N,\N,\N,\N,\N,11
2673,146,56,19,18,13,7,7,7,0,70,\N,\N,\N,\N,\N,\N,11
2674,146,35,16,10,12,8,8,8,0,70,\N,\N,\N,\N,\N,\N,11
2675,146,2,15,16,6,9,9,9,0,69,\N,\N,\N,\N,\N,\N,12
2676,146,55,20,22,20,10,10,10,0,69,\N,\N,\N,\N,\N,\N,12
2677,146,54,20,23,17,11,11,11,0,69,\N,\N,\N,\N,\N,\N,12
2678,146,18,22,8,21,\N,R,12,0,60,\N,\N,\N,\N,\N,\N,5
2679,146,37,19,19,14,\N,R,13,0,48,\N,\N,\N,\N,\N,\N,7
2680,146,31,3,6,2,\N,R,14,0,41,\N,\N,\N,\N,\N,\N,9
2681,146,4,18,21,18,\N,R,15,0,38,\N,\N,\N,\N,\N,\N,6
2682,146,58,18,20,22,\N,R,16,0,25,\N,\N,\N,\N,\N,\N,6
2683,146,59,21,15,15,\N,R,17,0,17,\N,\N,\N,\N,\N,\N,9
2684,146,15,17,12,5,\N,D,18,0,14,\N,\N,\N,\N,\N,\N,2
2685,146,23,3,5,3,\N,R,19,0,10,\N,\N,\N,\N,\N,\N,23
2686,146,21,22,7,19,\N,R,20,0,3,\N,\N,\N,\N,\N,\N,5
2687,146,57,1,3,8,\N,R,21,0,1,\N,\N,\N,\N,\N,\N,7
2688,146,49,17,11,11,\N,R,22,0,0,\N,\N,\N,\N,\N,\N,6
2689,147,30,6,1,2,1,1,1,10,78,1:47:22.561,6442561,\N,\N,\N,\N,1
2690,147,22,6,2,4,2,2,2,6,78,+0.431,6442992,\N,\N,\N,\N,1
2691,147,56,19,18,6,3,3,3,4,78,+30.698,6473259,\N,\N,\N,\N,1
2692,147,35,16,10,9,4,4,4,3,78,+32.454,6475015,\N,\N,\N,\N,1
2693,147,14,1,4,1,5,5,5,2,77,\N,\N,\N,\N,\N,\N,11
2694,147,55,20,22,11,6,6,6,1,77,\N,\N,\N,\N,\N,\N,11
2695,147,18,22,8,17,7,7,7,0,77,\N,\N,\N,\N,\N,\N,11
2696,147,50,21,14,19,8,8,8,0,77,\N,\N,\N,\N,\N,\N,11
2697,147,59,21,15,20,9,9,9,0,76,\N,\N,\N,\N,\N,\N,12
2698,147,8,15,17,15,10,10,10,0,73,\N,\N,\N,\N,\N,\N,15
2699,147,23,3,5,5,\N,R,11,0,57,\N,\N,\N,\N,\N,\N,10
2700,147,58,18,20,22,\N,R,12,0,56,\N,\N,\N,\N,\N,\N,7
2701,147,4,18,21,18,\N,R,13,0,54,\N,\N,\N,\N,\N,\N,6
2702,147,49,17,11,13,\N,R,14,0,49,\N,\N,\N,\N,\N,\N,3
2703,147,21,22,7,10,\N,R,15,0,43,\N,\N,\N,\N,\N,\N,6
2704,147,15,17,12,8,\N,R,16,0,30,\N,\N,\N,\N,\N,\N,9
2705,147,54,20,23,21,\N,R,17,0,24,\N,\N,\N,\N,\N,\N,6
2706,147,37,19,19,14,\N,R,18,0,18,\N,\N,\N,\N,\N,\N,9
2707,147,57,1,3,3,\N,R,19,0,15,\N,\N,\N,\N,\N,\N,38
2708,147,44,16,9,12,\N,R,20,0,13,\N,\N,\N,\N,\N,\N,38
2709,147,31,3,6,7,\N,R,21,0,2,\N,\N,\N,\N,\N,\N,20
2710,147,2,15,16,16,\N,R,22,0,0,\N,\N,\N,\N,\N,\N,4
2711,148,23,3,5,2,1,1,1,10,69,1:34:31.522,5671522,\N,\N,\N,\N,1
2712,148,30,6,1,1,2,2,2,6,69,+20.235,5691757,\N,\N,\N,\N,1
2713,148,57,1,3,8,3,3,3,4,69,+40.672,5712194,\N,\N,\N,\N,1
2714,148,8,15,17,7,4,4,4,3,69,+68.115,5739637,\N,\N,\N,\N,1
2715,148,55,20,22,16,5,5,5,2,69,+70.435,5741957,\N,\N,\N,\N,1
2716,148,37,19,19,14,6,6,6,1,68,\N,\N,\N,\N,\N,\N,11
2717,148,41,17,11,12,7,7,7,0,68,\N,\N,\N,\N,\N,\N,11
2718,148,54,20,23,19,8,8,8,0,68,\N,\N,\N,\N,\N,\N,11
2719,148,58,18,20,21,9,9,9,0,66,\N,\N,\N,\N,\N,\N,13
2720,148,50,21,14,13,10,10,10,0,65,\N,\N,\N,\N,\N,\N,23
2721,148,15,17,12,4,11,11,11,0,63,\N,\N,\N,\N,\N,\N,23
2722,148,14,1,4,3,\N,R,12,0,54,\N,\N,\N,\N,\N,\N,5
2723,148,44,16,9,6,\N,R,13,0,38,\N,\N,\N,\N,\N,\N,23
2724,148,35,16,10,9,\N,R,14,0,34,\N,\N,\N,\N,\N,\N,86
2725,148,59,21,15,17,\N,R,15,0,24,\N,\N,\N,\N,\N,\N,5
2726,148,31,3,6,10,\N,R,16,0,19,\N,\N,\N,\N,\N,\N,3
2727,148,22,6,2,5,\N,R,17,0,19,\N,\N,\N,\N,\N,\N,20
2728,148,18,22,8,20,\N,R,18,0,17,\N,\N,\N,\N,\N,\N,44
2729,148,4,18,21,22,\N,R,19,0,7,\N,\N,\N,\N,\N,\N,7
2730,148,2,15,16,11,\N,R,20,0,1,\N,\N,\N,\N,\N,\N,4
2731,148,56,19,18,15,\N,R,21,0,1,\N,\N,\N,\N,\N,\N,4
2732,148,21,22,7,18,\N,R,22,0,0,\N,\N,\N,\N,\N,\N,4
2733,149,30,6,1,1,1,1,1,10,67,1:29:42.724,5382724,\N,\N,\N,\N,1
2734,149,31,3,6,3,2,2,2,6,67,+4.217,5386941,\N,\N,\N,\N,1
2735,149,14,1,4,5,3,3,3,4,67,+24.993,5407717,\N,\N,\N,\N,1
2736,149,23,3,5,2,4,4,4,3,67,+33.345,5416069,\N,\N,\N,\N,1
2737,149,22,6,2,4,5,5,5,2,67,+45.495,5428219,\N,\N,\N,\N,1
2738,149,57,1,3,6,6,6,6,1,67,+64.868,5447592,\N,\N,\N,\N,1
2739,149,56,19,18,12,7,7,7,0,67,+66.198,5448922,\N,\N,\N,\N,1
2740,149,37,19,19,16,8,8,8,0,66,\N,\N,\N,\N,\N,\N,11
2741,149,35,16,10,11,9,9,9,0,66,\N,\N,\N,\N,\N,\N,11
2742,149,8,15,17,9,10,10,10,0,66,\N,\N,\N,\N,\N,\N,11
2743,149,21,22,7,15,11,11,11,0,66,\N,\N,\N,\N,\N,\N,11
2744,149,54,20,23,17,12,12,12,0,65,\N,\N,\N,\N,\N,\N,12
2745,149,18,22,8,20,13,13,13,0,65,\N,\N,\N,\N,\N,\N,12
2746,149,4,18,21,21,14,14,14,0,65,\N,\N,\N,\N,\N,\N,12
2747,149,55,20,22,14,15,15,15,0,64,\N,\N,\N,\N,\N,\N,20
2748,149,50,21,14,19,\N,R,16,0,58,\N,\N,\N,\N,\N,\N,5
2749,149,2,15,16,10,\N,R,17,0,54,\N,\N,\N,\N,\N,\N,30
2750,149,49,17,11,8,\N,R,18,0,48,\N,\N,\N,\N,\N,\N,20
2751,149,15,17,12,7,\N,R,19,0,44,\N,\N,\N,\N,\N,\N,7
2752,149,59,21,15,18,\N,R,20,0,29,\N,\N,\N,\N,\N,\N,6
2753,149,44,16,9,13,\N,R,21,0,23,\N,\N,\N,\N,\N,\N,10
2754,149,58,18,20,22,\N,R,22,0,7,\N,\N,\N,\N,\N,\N,10
2755,150,30,6,1,2,1,1,1,10,72,1:33:35.636,5615636,\N,\N,\N,\N,1
2756,150,23,3,5,1,2,2,2,6,72,+10.399,5626035,\N,\N,\N,\N,1
2757,150,22,6,2,8,3,3,3,4,72,+16.381,5632017,\N,\N,\N,\N,1
2758,150,14,1,4,3,4,4,4,3,72,+17.106,5632742,\N,\N,\N,\N,1
2759,150,15,17,12,5,5,5,5,2,72,+68.285,5683921,\N,\N,\N,\N,1
2760,150,2,15,16,9,6,6,6,1,71,\N,\N,\N,\N,\N,\N,11
2761,150,8,15,17,13,7,7,7,0,71,\N,\N,\N,\N,\N,\N,11
2762,150,49,17,11,7,8,8,8,0,71,\N,\N,\N,\N,\N,\N,11
2763,150,44,16,9,11,9,9,9,0,71,\N,\N,\N,\N,\N,\N,11
2764,150,54,20,23,15,10,10,10,0,71,\N,\N,\N,\N,\N,\N,11
2765,150,21,22,7,16,11,11,11,0,71,\N,\N,\N,\N,\N,\N,11
2766,150,55,20,22,19,12,12,12,0,70,\N,\N,\N,\N,\N,\N,12
2767,150,50,21,14,18,13,13,13,0,70,\N,\N,\N,\N,\N,\N,12
2768,150,37,19,19,14,14,14,14,0,70,\N,\N,\N,\N,\N,\N,12
2769,150,58,18,20,22,15,15,15,0,69,\N,\N,\N,\N,\N,\N,13
2770,150,18,22,8,17,16,16,16,0,68,\N,\N,\N,\N,\N,\N,32
2771,150,4,18,21,21,17,17,17,0,65,\N,\N,\N,\N,\N,\N,5
2772,150,56,19,18,12,\N,R,18,0,54,\N,\N,\N,\N,\N,\N,5
2773,150,31,3,6,6,\N,R,19,0,52,\N,\N,\N,\N,\N,\N,5
2774,150,59,21,15,20,\N,R,20,0,17,\N,\N,\N,\N,\N,\N,5
2775,150,35,16,10,10,\N,R,21,0,5,\N,\N,\N,\N,\N,\N,5
2776,150,57,1,3,4,\N,W,22,0,0,\N,\N,\N,\N,\N,\N,6
2777,151,57,1,3,2,1,1,1,10,60,1:25:33.770,5133770,\N,\N,\N,\N,1
2778,151,30,6,1,1,2,2,2,6,60,+33.646,5167416,\N,\N,\N,\N,1
2779,151,22,6,2,6,3,3,3,4,60,+59.280,5193050,\N,\N,\N,\N,1
2780,151,31,3,6,8,4,4,4,3,60,+68.772,5202542,\N,\N,\N,\N,1
2781,151,8,15,17,7,5,5,5,2,59,\N,\N,\N,\N,\N,\N,11
2782,151,2,15,16,9,6,6,6,1,59,\N,\N,\N,\N,\N,\N,11
2783,151,49,17,11,5,7,7,7,0,59,\N,\N,\N,\N,\N,\N,11
2784,151,35,16,10,12,8,8,8,0,59,\N,\N,\N,\N,\N,\N,11
2785,151,56,19,18,15,9,9,9,0,59,\N,\N,\N,\N,\N,\N,11
2786,151,50,21,14,17,10,10,10,0,58,\N,\N,\N,\N,\N,\N,12
2787,151,55,20,22,14,11,11,11,0,58,\N,\N,\N,\N,\N,\N,12
2788,151,37,19,19,13,12,12,12,0,58,\N,\N,\N,\N,\N,\N,12
2789,151,21,22,7,19,13,13,13,0,58,\N,\N,\N,\N,\N,\N,12
2790,151,59,21,15,20,14,14,14,0,58,\N,\N,\N,\N,\N,\N,12
2791,151,18,22,8,18,15,15,15,0,58,\N,\N,\N,\N,\N,\N,12
2792,151,4,18,21,21,16,16,16,0,57,\N,\N,\N,\N,\N,\N,13
2793,151,23,3,5,10,\N,R,17,0,36,\N,\N,\N,\N,\N,\N,5
2794,151,54,20,23,16,\N,R,18,0,6,\N,\N,\N,\N,\N,\N,5
2795,151,14,1,4,3,\N,R,19,0,2,\N,\N,\N,\N,\N,\N,22
2796,151,15,17,12,4,\N,R,20,0,0,\N,\N,\N,\N,\N,\N,4
2797,151,44,16,9,11,\N,R,21,0,0,\N,\N,\N,\N,\N,\N,4
2798,151,58,18,20,0,\N,F,22,0,0,\N,\N,\N,\N,\N,\N,77
2799,152,23,3,5,2,1,1,1,10,45,1:18:17.873,4697873,\N,\N,\N,\N,1
2800,152,22,6,2,6,2,2,2,6,45,+46.117,4743990,\N,\N,\N,\N,1
2801,152,35,16,10,12,3,3,3,4,45,+62.806,4760679,\N,\N,\N,\N,1
2802,152,21,22,7,17,4,4,4,3,45,+63.477,4761350,\N,\N,\N,\N,1
2803,152,18,22,8,18,5,5,5,2,45,+65.454,4763327,\N,\N,\N,\N,1
2804,152,55,20,22,14,6,6,6,1,45,+65.950,4763823,\N,\N,\N,\N,1
2805,152,44,16,9,13,7,7,7,0,45,+77.527,4775400,\N,\N,\N,\N,1
2806,152,59,21,15,19,8,8,8,0,44,\N,\N,\N,\N,\N,\N,11
2807,152,50,21,14,20,9,9,9,0,44,\N,\N,\N,\N,\N,\N,11
2808,152,4,18,21,21,10,10,10,0,44,\N,\N,\N,\N,\N,\N,11
2809,152,15,17,12,10,\N,R,11,0,34,\N,\N,\N,\N,\N,\N,9
2810,152,14,1,4,5,\N,R,12,0,27,\N,\N,\N,\N,\N,\N,5
2811,152,58,18,20,22,\N,R,13,0,26,\N,\N,\N,\N,\N,\N,6
2812,152,31,3,6,1,\N,R,14,0,24,\N,\N,\N,\N,\N,\N,5
2813,152,30,6,1,4,\N,R,15,0,23,\N,\N,\N,\N,\N,\N,32
2814,152,54,20,23,16,\N,R,16,0,23,\N,\N,\N,\N,\N,\N,20
2815,152,8,15,17,8,\N,R,17,0,16,\N,\N,\N,\N,\N,\N,86
2816,152,56,19,18,11,\N,R,18,0,16,\N,\N,\N,\N,\N,\N,32
2817,152,57,1,3,3,\N,R,19,0,13,\N,\N,\N,\N,\N,\N,5
2818,152,41,17,11,15,\N,R,20,0,7,\N,\N,\N,\N,\N,\N,4
2819,152,2,15,16,7,\N,R,21,0,0,\N,\N,\N,\N,\N,\N,4
2820,152,37,19,19,9,\N,R,22,0,0,\N,\N,\N,\N,\N,\N,4
2821,153,30,6,1,1,1,1,1,10,77,1:41:49.675,6109675,\N,\N,\N,\N,1
2822,153,22,6,2,3,2,2,2,6,77,+3.363,6113038,\N,\N,\N,\N,1
2823,153,14,1,4,2,3,3,3,4,77,+3.940,6113615,\N,\N,\N,\N,1
2824,153,23,3,5,4,4,4,4,3,77,+49.687,6159362,\N,\N,\N,\N,1
2825,153,57,1,3,6,5,5,5,2,77,+70.293,6179968,\N,\N,\N,\N,1
2826,153,2,15,16,7,6,6,6,1,76,\N,\N,\N,\N,\N,\N,11
2827,153,8,15,17,9,7,7,7,0,76,\N,\N,\N,\N,\N,\N,11
2828,153,31,3,6,8,8,8,8,0,76,\N,\N,\N,\N,\N,\N,11
2829,153,35,16,10,10,9,9,9,0,75,\N,\N,\N,\N,\N,\N,12
2830,153,55,17,12,12,10,10,10,0,75,\N,\N,\N,\N,\N,\N,12
2831,153,37,19,19,13,11,11,11,0,75,\N,\N,\N,\N,\N,\N,12
2832,153,50,21,14,21,12,12,12,0,74,\N,\N,\N,\N,\N,\N,13
2833,153,21,22,7,15,\N,R,13,0,67,\N,\N,\N,\N,\N,\N,5
2834,153,49,20,22,16,\N,R,14,0,63,\N,\N,\N,\N,\N,\N,20
2835,153,58,18,20,22,\N,R,15,0,63,\N,\N,\N,\N,\N,\N,51
2836,153,44,16,9,11,\N,R,16,0,58,\N,\N,\N,\N,\N,\N,10
2837,153,15,17,11,5,\N,R,17,0,53,\N,\N,\N,\N,\N,\N,9
2838,153,4,18,21,18,\N,R,18,0,37,\N,\N,\N,\N,\N,\N,23
2839,153,18,22,8,17,\N,R,19,0,34,\N,\N,\N,\N,\N,\N,20
2840,153,59,21,15,20,\N,R,20,0,11,\N,\N,\N,\N,\N,\N,20
2841,153,54,20,23,19,\N,R,21,0,8,\N,\N,\N,\N,\N,\N,20
2842,153,56,19,18,14,\N,R,22,0,0,\N,\N,\N,\N,\N,\N,20
2843,154,30,6,1,3,1,1,1,10,36,1:08:05.002,4085002,\N,\N,\N,\N,1
2844,154,14,1,4,9,2,2,2,6,36,+10.098,4095100,\N,\N,\N,\N,1
2845,154,21,22,7,8,3,3,3,4,36,+27.742,4112744,\N,\N,\N,\N,1
2846,154,57,1,3,7,4,4,4,3,36,+36.087,4121089,\N,\N,\N,\N,1
2847,154,22,6,2,5,5,5,5,2,36,+54.521,4139523,\N,\N,\N,\N,1
2848,154,55,17,12,13,6,6,6,1,36,+59.684,4144686,\N,\N,\N,\N,1
2849,154,23,3,5,2,7,7,7,0,36,+59.986,4144988,\N,\N,\N,\N,1
2850,154,35,16,10,6,8,8,8,0,36,+64.970,4149972,\N,\N,\N,\N,1
2851,154,49,20,22,4,9,9,9,0,35,\N,\N,\N,\N,\N,\N,11
2852,154,50,21,14,19,10,10,10,0,35,\N,\N,\N,\N,\N,\N,11
2853,154,44,16,9,11,11,11,11,0,35,\N,\N,\N,\N,\N,\N,11
2854,154,59,21,15,21,12,12,12,0,35,\N,\N,\N,\N,\N,\N,11
2855,154,58,18,20,22,13,13,13,0,31,\N,\N,\N,\N,\N,\N,15
2856,154,15,17,11,16,\N,R,14,0,31,\N,\N,\N,\N,\N,\N,5
2857,154,18,22,8,15,\N,R,15,0,17,\N,\N,\N,\N,\N,\N,20
2858,154,31,3,6,1,\N,R,16,0,1,\N,\N,\N,\N,\N,\N,5
2859,154,37,19,19,10,\N,R,17,0,1,\N,\N,\N,\N,\N,\N,4
2860,154,2,15,16,14,\N,R,18,0,0,\N,\N,\N,\N,\N,\N,4
2861,154,8,15,17,12,\N,R,19,0,0,\N,\N,\N,\N,\N,\N,7
2862,154,56,19,18,17,\N,R,20,0,0,\N,\N,\N,\N,\N,\N,4
2863,154,54,20,23,18,\N,R,21,0,0,\N,\N,\N,\N,\N,\N,4
2864,154,4,18,21,20,\N,R,22,0,0,\N,\N,\N,\N,\N,\N,6
2865,155,31,3,6,1,1,1,1,10,53,1:16:58.493,4618493,\N,\N,\N,\N,1
2866,155,22,6,2,2,2,2,2,6,53,+5.175,4623668,\N,\N,\N,\N,1
2867,155,23,3,5,4,3,3,3,4,53,+17.335,4635828,\N,\N,\N,\N,1
2868,155,30,6,1,3,4,4,4,3,53,+24.991,4643484,\N,\N,\N,\N,1
2869,155,37,19,19,10,5,5,5,2,53,+74.984,4693477,\N,\N,\N,\N,1
2870,155,35,16,10,15,6,6,6,1,53,+82.469,4700962,\N,\N,\N,\N,1
2871,155,8,15,17,9,7,7,7,0,53,+83.107,4701600,\N,\N,\N,\N,1
2872,155,55,17,12,16,8,8,8,0,52,\N,\N,\N,\N,\N,\N,11
2873,155,44,16,9,17,9,9,9,0,52,\N,\N,\N,\N,\N,\N,11
2874,155,21,22,7,14,10,10,10,0,52,\N,\N,\N,\N,\N,\N,11
2875,155,2,15,16,8,11,11,11,0,52,\N,\N,\N,\N,\N,\N,11
2876,155,61,20,23,20,12,12,12,0,52,\N,\N,\N,\N,\N,\N,11
2877,155,4,18,21,21,13,13,13,0,51,\N,\N,\N,\N,\N,\N,12
2878,155,59,21,15,18,\N,R,14,0,46,\N,\N,\N,\N,\N,\N,87
2879,155,62,18,20,22,\N,R,15,0,44,\N,\N,\N,\N,\N,\N,20
2880,155,49,20,22,12,\N,R,16,0,28,\N,\N,\N,\N,\N,\N,6
2881,155,50,21,14,19,\N,R,17,0,25,\N,\N,\N,\N,\N,\N,32
2882,155,57,1,3,7,\N,R,18,0,19,\N,\N,\N,\N,\N,\N,6
2883,155,56,19,18,13,\N,R,19,0,14,\N,\N,\N,\N,\N,\N,5
2884,155,14,1,4,6,\N,R,20,0,6,\N,\N,\N,\N,\N,\N,5
2885,155,18,22,8,11,\N,R,21,0,4,\N,\N,\N,\N,\N,\N,5
2886,155,15,17,11,5,\N,R,22,0,0,\N,\N,\N,\N,\N,\N,4
2887,156,57,1,3,4,1,1,1,10,73,1:32:42.840,5562840,\N,\N,\N,\N,1
2888,156,30,6,1,1,2,2,2,6,73,+11.046,5573886,\N,\N,\N,\N,1
2889,156,14,1,4,7,3,3,3,4,73,+12.043,5574883,\N,\N,\N,\N,1
2890,156,15,17,11,8,4,4,4,3,73,+57.423,5620263,\N,\N,\N,\N,1
2891,156,56,19,18,14,5,5,5,2,73,+72.434,5635274,\N,\N,\N,\N,1
2892,156,2,15,16,6,6,6,6,1,73,+72.996,5635836,\N,\N,\N,\N,1
2893,156,55,17,12,9,7,7,7,0,72,\N,\N,\N,\N,\N,\N,11
2894,156,21,22,7,12,8,8,8,0,72,\N,\N,\N,\N,\N,\N,11
2895,156,18,22,8,10,9,9,9,0,72,\N,\N,\N,\N,\N,\N,11
2896,156,49,20,22,15,10,10,10,0,72,\N,\N,\N,\N,\N,\N,11
2897,156,44,16,9,13,11,11,11,0,72,\N,\N,\N,\N,\N,\N,11
2898,156,37,19,19,16,12,12,12,0,72,\N,\N,\N,\N,\N,\N,11
2899,156,59,21,15,19,13,13,13,0,72,\N,\N,\N,\N,\N,\N,11
2900,156,61,20,23,21,14,14,14,0,72,\N,\N,\N,\N,\N,\N,11
2901,156,22,6,2,5,15,15,15,0,71,\N,\N,\N,\N,\N,\N,5
2902,156,35,16,10,18,\N,R,16,0,45,\N,\N,\N,\N,\N,\N,22
2903,156,50,21,14,20,\N,R,17,0,44,\N,\N,\N,\N,\N,\N,5
2904,156,31,3,6,3,\N,R,18,0,38,\N,\N,\N,\N,\N,\N,9
2905,156,62,18,20,22,\N,R,19,0,38,\N,\N,\N,\N,\N,\N,6
2906,156,23,3,5,2,\N,R,20,0,36,\N,\N,\N,\N,\N,\N,20
2907,156,4,18,21,17,\N,R,21,0,36,\N,\N,\N,\N,\N,\N,30
2908,156,8,15,17,11,\N,R,22,0,2,\N,\N,\N,\N,\N,\N,30
2909,157,30,6,1,1,1,1,1,10,53,1:27:33.298,5253298,\N,\N,\N,\N,1
2910,157,31,3,6,2,2,2,2,6,53,+3.154,5256452,\N,\N,\N,\N,1
2911,157,14,1,4,7,3,3,3,4,53,+23.262,5276560,\N,\N,\N,\N,1
2912,157,57,1,3,5,4,4,4,3,53,+35.539,5288837,\N,\N,\N,\N,1
2913,157,22,6,2,4,5,5,5,2,53,+36.544,5289842,\N,\N,\N,\N,1
2914,157,23,3,5,3,6,6,6,1,53,+37.122,5290420,\N,\N,\N,\N,1
2915,157,18,22,8,9,7,7,7,0,53,+97.102,5350400,\N,\N,\N,\N,1
2916,157,15,17,11,8,8,8,8,0,52,\N,\N,\N,\N,\N,\N,11
2917,157,2,15,16,10,9,9,9,0,52,\N,\N,\N,\N,\N,\N,11
2918,157,35,16,10,14,10,10,10,0,52,\N,\N,\N,\N,\N,\N,11
2919,157,4,18,21,18,11,11,11,0,52,\N,\N,\N,\N,\N,\N,11
2920,157,49,20,22,15,12,12,12,0,52,\N,\N,\N,\N,\N,\N,11
2921,157,44,16,9,17,13,13,13,0,51,\N,\N,\N,\N,\N,\N,12
2922,157,59,21,15,20,14,14,14,0,51,\N,\N,\N,\N,\N,\N,12
2923,157,50,21,14,21,15,15,15,0,51,\N,\N,\N,\N,\N,\N,12
2924,157,62,18,20,22,16,16,16,0,50,\N,\N,\N,\N,\N,\N,13
2925,157,21,22,7,6,17,17,17,0,47,\N,\N,\N,\N,\N,\N,6
2926,157,37,19,19,16,\N,R,18,0,45,\N,\N,\N,\N,\N,\N,44
2927,157,61,20,23,19,\N,R,19,0,42,\N,\N,\N,\N,\N,\N,23
2928,157,56,19,18,13,\N,R,20,0,24,\N,\N,\N,\N,\N,\N,71
2929,157,8,15,17,12,\N,R,21,0,5,\N,\N,\N,\N,\N,\N,4
2930,157,55,17,12,11,\N,R,22,0,5,\N,\N,\N,\N,\N,\N,4
2931,158,30,6,3,3,1,1,1,10,58,1:34:01.987,5641987,\N,\N,\N,\N,1
2932,158,22,6,4,4,2,2,2,6,58,+11.415,5653402,\N,\N,\N,\N,1
2933,158,23,3,9,11,3,3,3,4,58,+20.009,5661996,\N,\N,\N,\N,1
2934,158,35,16,22,8,4,4,4,3,58,+44.447,5686434,\N,\N,\N,\N,1
2935,158,21,22,11,9,5,5,5,2,58,+45.165,5687152,\N,\N,\N,\N,1
2936,158,41,16,23,16,6,6,6,1,58,+46.468,5688455,\N,\N,\N,\N,1
2937,158,25,22,12,14,7,7,7,0,58,+46.915,5688902,\N,\N,\N,\N,1
2938,158,48,18,20,18,8,8,8,0,57,\N,\N,\N,\N,\N,\N,11
2939,158,2,20,15,15,9,9,9,0,56,\N,\N,\N,\N,\N,\N,12
2940,158,63,15,17,10,\N,D,10,0,58,\N,\N,\N,\N,\N,\N,2
2941,158,18,3,10,21,\N,R,11,0,46,\N,\N,\N,\N,\N,\N,5
2942,158,64,15,16,19,\N,R,12,0,41,\N,\N,\N,\N,\N,\N,7
2943,158,60,18,21,22,\N,R,13,0,40,\N,\N,\N,\N,\N,\N,6
2944,158,49,17,5,5,\N,R,14,0,39,\N,\N,\N,\N,\N,\N,9
2945,158,15,17,6,6,\N,R,15,0,35,\N,\N,\N,\N,\N,\N,5
2946,158,55,20,14,17,\N,R,16,0,27,\N,\N,\N,\N,\N,\N,9
2947,158,57,1,1,1,\N,R,17,0,18,\N,\N,\N,\N,\N,\N,5
2948,158,50,21,19,13,\N,R,18,0,16,\N,\N,\N,\N,\N,\N,22
2949,158,14,1,2,2,\N,R,19,0,11,\N,\N,\N,\N,\N,\N,5
2950,158,37,21,18,12,\N,R,20,0,6,\N,\N,\N,\N,\N,\N,22
2951,158,56,19,7,7,\N,R,21,0,6,\N,\N,\N,\N,\N,\N,20
2952,158,65,19,8,20,\N,R,22,0,1,\N,\N,\N,\N,\N,\N,8
2953,159,30,6,3,3,1,1,1,10,71,1:31:35.271,5495271,\N,\N,\N,\N,1
2954,159,21,22,11,5,2,2,2,6,71,+39.898,5535169,\N,\N,\N,\N,1
2955,159,49,17,5,7,3,3,3,4,71,+42.268,5537539,\N,\N,\N,\N,1
2956,159,15,17,6,12,4,4,4,3,71,+72.780,5568051,\N,\N,\N,\N,1
2957,159,23,3,9,11,5,5,5,2,70,\N,\N,\N,\N,\N,\N,11
2958,159,18,3,10,9,6,6,6,1,70,\N,\N,\N,\N,\N,\N,11
2959,159,50,21,19,14,7,7,7,0,70,\N,\N,\N,\N,\N,\N,11
2960,159,37,21,18,16,8,8,8,0,70,\N,\N,\N,\N,\N,\N,11
2961,159,41,16,23,8,9,9,9,0,69,\N,\N,\N,\N,\N,\N,12
2962,159,60,18,21,20,10,10,10,0,69,\N,\N,\N,\N,\N,\N,12
2963,159,14,1,2,2,\N,D,11,0,71,\N,\N,\N,\N,\N,\N,2
2964,159,65,19,8,17,\N,R,12,0,51,\N,\N,\N,\N,\N,\N,6
2965,159,48,18,20,18,\N,R,13,0,31,\N,\N,\N,\N,\N,\N,5
2966,159,57,1,1,1,\N,R,14,0,30,\N,\N,\N,\N,\N,\N,51
2967,159,22,6,4,4,\N,R,15,0,27,\N,\N,\N,\N,\N,\N,9
2968,159,56,19,7,6,\N,R,16,0,20,\N,\N,\N,\N,\N,\N,20
2969,159,35,16,22,10,\N,R,17,0,16,\N,\N,\N,\N,\N,\N,6
2970,159,55,20,14,15,\N,R,18,0,11,\N,\N,\N,\N,\N,\N,10
2971,159,2,20,15,19,\N,R,19,0,9,\N,\N,\N,\N,\N,\N,5
2972,159,25,22,12,13,\N,R,20,0,6,\N,\N,\N,\N,\N,\N,5
2973,159,64,15,16,0,\N,W,21,0,0,\N,\N,\N,\N,\N,\N,89
2974,159,63,15,17,0,\N,W,22,0,0,\N,\N,\N,\N,\N,\N,89
2975,160,30,6,3,2,1,1,1,10,62,1:31:39.776,5499776,\N,\N,\N,\N,1
2976,160,57,1,1,1,2,2,2,6,62,+1.168,5500944,\N,\N,\N,\N,1
2977,160,14,1,2,3,3,3,3,4,62,+51.008,5550784,\N,\N,\N,\N,1
2978,160,22,6,4,4,4,4,4,3,62,+89.276,5589052,\N,\N,\N,\N,1
2979,160,35,16,22,9,5,5,5,2,61,\N,\N,\N,\N,\N,\N,11
2980,160,63,15,17,12,6,6,6,1,61,\N,\N,\N,\N,\N,\N,11
2981,160,56,19,7,7,7,7,7,0,61,\N,\N,\N,\N,\N,\N,11
2982,160,64,15,16,10,8,8,8,0,61,\N,\N,\N,\N,\N,\N,11
2983,160,25,22,12,11,9,9,9,0,61,\N,\N,\N,\N,\N,\N,11
2984,160,65,19,8,17,10,10,10,0,61,\N,\N,\N,\N,\N,\N,11
2985,160,21,22,11,19,11,11,11,0,61,\N,\N,\N,\N,\N,\N,11
2986,160,41,16,23,14,12,12,12,0,61,\N,\N,\N,\N,\N,\N,11
2987,160,60,18,21,20,13,13,13,0,60,\N,\N,\N,\N,\N,\N,12
2988,160,50,21,19,16,14,14,14,0,59,\N,\N,\N,\N,\N,\N,13
2989,160,15,17,6,8,15,15,15,0,58,\N,\N,\N,\N,\N,\N,6
2990,160,37,21,18,13,\N,R,16,0,49,\N,\N,\N,\N,\N,\N,20
2991,160,23,3,9,5,\N,R,17,0,45,\N,\N,\N,\N,\N,\N,69
2992,160,55,20,14,15,\N,R,18,0,25,\N,\N,\N,\N,\N,\N,9
2993,160,2,20,15,22,\N,R,19,0,22,\N,\N,\N,\N,\N,\N,9
2994,160,18,3,10,18,\N,R,20,0,5,\N,\N,\N,\N,\N,\N,5
2995,160,48,18,20,21,\N,R,21,0,5,\N,\N,\N,\N,\N,\N,20
2996,160,49,17,5,6,\N,R,22,0,4,\N,\N,\N,\N,\N,\N,6
2997,161,14,1,2,4,1,1,1,10,60,1:28:50.108,5330108,\N,\N,\N,\N,1
2998,161,57,1,1,3,2,2,2,6,60,+1.477,5331585,\N,\N,\N,\N,1
2999,161,30,6,3,5,3,3,3,4,60,+19.917,5350025,\N,\N,\N,\N,1
3000,161,23,3,9,7,4,4,4,3,60,+41.312,5371420,\N,\N,\N,\N,1
3001,161,18,3,10,6,5,5,5,2,60,+57.759,5387867,\N,\N,\N,\N,1
3002,161,15,17,6,11,6,6,6,1,60,+79.273,5409381,\N,\N,\N,\N,1
3003,161,21,22,11,12,7,7,7,0,59,\N,\N,\N,\N,\N,\N,11
3004,161,63,15,17,18,8,8,8,0,59,\N,\N,\N,\N,\N,\N,11
3005,161,25,22,12,20,9,9,9,0,59,\N,\N,\N,\N,\N,\N,11
3006,161,55,20,14,15,10,10,10,0,59,\N,\N,\N,\N,\N,\N,11
3007,161,64,15,16,13,11,11,11,0,59,\N,\N,\N,\N,\N,\N,11
3008,161,65,19,8,14,12,12,12,0,59,\N,\N,\N,\N,\N,\N,11
3009,161,56,19,7,9,13,13,13,0,59,\N,\N,\N,\N,\N,\N,11
3010,161,48,18,20,21,14,14,14,0,59,\N,\N,\N,\N,\N,\N,11
3011,161,60,18,21,22,15,15,15,0,59,\N,\N,\N,\N,\N,\N,11
3012,161,35,16,22,10,16,16,16,0,56,\N,\N,\N,\N,\N,\N,14
3013,161,49,17,5,2,17,17,17,0,54,\N,\N,\N,\N,\N,\N,16
3014,161,2,20,15,17,\N,R,18,0,51,\N,\N,\N,\N,\N,\N,5
3015,161,41,16,23,16,\N,R,19,0,36,\N,\N,\N,\N,\N,\N,20
3016,161,22,6,4,1,\N,R,20,0,35,\N,\N,\N,\N,\N,\N,9
3017,161,37,21,18,19,\N,R,21,0,26,\N,\N,\N,\N,\N,\N,10
3018,161,50,21,19,8,\N,R,22,0,20,\N,\N,\N,\N,\N,\N,10
3019,162,57,1,1,2,1,1,1,10,65,1:33:55.390,5635390,\N,\N,\N,\N,1
3020,162,14,1,2,4,2,2,2,6,65,+16.066,5651456,\N,\N,\N,\N,1
3021,162,22,6,4,3,3,3,3,4,65,+29.112,5664502,\N,\N,\N,\N,1
3022,162,23,3,9,5,4,4,4,3,65,+37.311,5672701,\N,\N,\N,\N,1
3023,162,30,6,3,1,5,5,5,2,65,+47.983,5683373,\N,\N,\N,\N,1
3024,162,49,17,5,8,6,6,6,1,65,+81.925,5717315,\N,\N,\N,\N,1
3025,162,63,15,17,12,7,7,7,0,64,\N,\N,\N,\N,\N,\N,11
3026,162,41,16,23,16,8,8,8,0,64,\N,\N,\N,\N,\N,\N,11
3027,162,21,22,11,13,9,9,9,0,64,\N,\N,\N,\N,\N,\N,11
3028,162,25,22,12,18,10,10,10,0,64,\N,\N,\N,\N,\N,\N,11
3029,162,56,19,7,9,11,11,11,0,64,\N,\N,\N,\N,\N,\N,11
3030,162,15,17,6,7,12,12,12,0,64,\N,\N,\N,\N,\N,\N,11
3031,162,65,19,8,14,13,13,13,0,64,\N,\N,\N,\N,\N,\N,11
3032,162,48,18,20,20,14,14,14,0,63,\N,\N,\N,\N,\N,\N,12
3033,162,60,18,21,21,15,15,15,0,63,\N,\N,\N,\N,\N,\N,12
3034,162,2,20,15,19,16,16,16,0,62,\N,\N,\N,\N,\N,\N,13
3035,162,18,3,10,10,17,17,17,0,61,\N,\N,\N,\N,\N,\N,5
3036,162,50,21,19,11,\N,R,18,0,25,\N,\N,\N,\N,\N,\N,6
3037,162,35,16,22,6,\N,R,19,0,21,\N,\N,\N,\N,\N,\N,9
3038,162,55,20,14,17,\N,R,20,0,1,\N,\N,\N,\N,\N,\N,4
3039,162,37,21,18,22,\N,R,21,0,1,\N,\N,\N,\N,\N,\N,4
3040,162,64,15,16,15,\N,R,22,0,0,\N,\N,\N,\N,\N,\N,20
3041,163,30,6,3,2,1,1,1,10,67,1:42:00.307,6120307,\N,\N,\N,\N,1
3042,163,57,1,1,3,2,2,2,6,67,+13.821,6134128,\N,\N,\N,\N,1
3043,163,14,1,2,1,3,3,3,4,66,\N,\N,\N,\N,\N,\N,11
3044,163,22,6,4,4,4,4,4,3,66,\N,\N,\N,\N,\N,\N,11
3045,163,21,22,11,7,5,5,5,2,66,\N,\N,\N,\N,\N,\N,11
3046,163,37,21,18,12,6,6,6,1,66,\N,\N,\N,\N,\N,\N,11
3047,163,64,15,16,15,7,7,7,0,65,\N,\N,\N,\N,\N,\N,12
3048,163,60,18,21,21,8,8,8,0,65,\N,\N,\N,\N,\N,\N,12
3049,163,55,20,14,17,9,9,9,0,65,\N,\N,\N,\N,\N,\N,12
3050,163,18,3,10,11,10,10,10,0,62,\N,\N,\N,\N,\N,\N,10
3051,163,65,19,8,16,11,11,11,0,61,\N,\N,\N,\N,\N,\N,4
3052,163,25,22,12,14,12,12,12,0,61,\N,\N,\N,\N,\N,\N,4
3053,163,41,16,23,18,\N,R,13,0,51,\N,\N,\N,\N,\N,\N,20
3054,163,48,18,20,20,\N,R,14,0,47,\N,\N,\N,\N,\N,\N,37
3055,163,35,16,22,9,\N,R,15,0,46,\N,\N,\N,\N,\N,\N,5
3056,163,56,19,7,8,\N,R,16,0,29,\N,\N,\N,\N,\N,\N,4
3057,163,50,21,19,13,\N,R,17,0,29,\N,\N,\N,\N,\N,\N,20
3058,163,23,3,9,5,\N,R,18,0,29,\N,\N,\N,\N,\N,\N,4
3059,163,63,15,17,19,\N,R,19,0,27,\N,\N,\N,\N,\N,\N,86
3060,163,49,17,5,10,\N,R,20,0,2,\N,\N,\N,\N,\N,\N,5
3061,163,15,17,6,6,\N,R,21,0,0,\N,\N,\N,\N,\N,\N,4
3062,164,14,1,2,3,1,1,1,10,78,1:49:28.213,6568213,\N,\N,\N,\N,1
3063,164,22,6,4,6,2,2,2,6,78,+15.889,6584102,\N,\N,\N,\N,1
3064,164,21,22,11,8,3,3,3,4,78,+18.522,6586735,\N,\N,\N,\N,1
3065,164,56,19,7,10,4,4,4,3,78,+65.924,6634137,\N,\N,\N,\N,1
3066,164,63,15,17,13,5,5,5,2,78,+80.774,6648987,\N,\N,\N,\N,1
3067,164,57,1,1,5,6,6,6,1,77,\N,\N,\N,\N,\N,\N,11
3068,164,35,16,22,17,7,7,7,0,77,\N,\N,\N,\N,\N,\N,11
3069,164,2,20,15,18,8,8,8,0,77,\N,\N,\N,\N,\N,\N,11
3070,164,65,19,8,11,9,9,9,0,76,\N,\N,\N,\N,\N,\N,12
3071,164,49,17,5,4,10,10,10,0,70,\N,\N,\N,\N,\N,\N,20
3072,164,50,21,19,15,\N,R,11,0,60,\N,\N,\N,\N,\N,\N,20
3073,164,30,6,3,1,\N,R,12,0,55,\N,\N,\N,\N,\N,\N,22
3074,164,41,16,23,20,\N,R,13,0,48,\N,\N,\N,\N,\N,\N,20
3075,164,23,3,9,9,\N,R,14,0,37,\N,\N,\N,\N,\N,\N,20
3076,164,15,17,6,2,\N,R,15,0,36,\N,\N,\N,\N,\N,\N,6
3077,164,64,15,16,19,\N,R,16,0,30,\N,\N,\N,\N,\N,\N,20
3078,164,55,20,14,7,\N,R,17,0,29,\N,\N,\N,\N,\N,\N,7
3079,164,60,18,21,22,\N,R,18,0,22,\N,\N,\N,\N,\N,\N,20
3080,164,48,18,20,21,\N,R,19,0,21,\N,\N,\N,\N,\N,\N,6
3081,164,25,22,12,12,\N,R,20,0,18,\N,\N,\N,\N,\N,\N,20
3082,164,18,3,10,14,\N,R,21,0,16,\N,\N,\N,\N,\N,\N,5
3083,164,37,21,18,16,\N,R,22,0,0,\N,\N,\N,\N,\N,\N,90
3084,165,30,6,3,1,1,1,1,10,69,1:41:12.313,6072313,\N,\N,\N,\N,1
3085,165,22,6,4,3,2,2,2,6,69,+0.174,6072487,\N,\N,\N,\N,1
3086,165,21,22,11,10,3,3,3,4,69,+15.365,6087678,\N,\N,\N,\N,1
3087,165,57,1,1,4,4,4,4,3,69,+18.561,6090874,\N,\N,\N,\N,1
3088,165,50,21,19,13,5,5,5,2,69,+52.208,6124521,\N,\N,\N,\N,1
3089,165,15,17,6,7,6,6,6,1,69,+61.687,6134000,\N,\N,\N,\N,1
3090,165,14,1,2,2,7,7,7,0,69,+62.216,6134529,\N,\N,\N,\N,1
3091,165,41,16,23,8,8,8,8,0,69,+70.455,6142768,\N,\N,\N,\N,1
3092,165,25,22,12,14,9,9,9,0,69,+79.899,6152212,\N,\N,\N,\N,1
3093,165,64,15,16,19,10,10,10,0,69,+114.544,6186857,\N,\N,\N,\N,1
3094,165,18,3,10,18,11,11,11,0,68,\N,\N,\N,\N,\N,\N,11
3095,165,60,18,21,22,12,12,12,0,68,\N,\N,\N,\N,\N,\N,11
3096,165,56,19,7,16,13,13,13,0,66,\N,\N,\N,\N,\N,\N,13
3097,165,23,3,9,12,14,14,14,0,64,\N,\N,\N,\N,\N,\N,4
3098,165,35,16,22,6,15,15,15,0,64,\N,\N,\N,\N,\N,\N,4
3099,165,48,18,20,20,16,16,16,0,64,\N,\N,\N,\N,\N,\N,20
3100,165,37,21,18,9,\N,R,17,0,48,\N,\N,\N,\N,\N,\N,4
3101,165,63,15,17,15,\N,R,18,0,42,\N,\N,\N,\N,\N,\N,10
3102,165,55,20,14,17,\N,R,19,0,38,\N,\N,\N,\N,\N,\N,10
3103,165,2,20,15,21,\N,R,20,0,34,\N,\N,\N,\N,\N,\N,5
3104,165,49,17,5,5,\N,R,21,0,32,\N,\N,\N,\N,\N,\N,23
3105,165,65,19,8,11,\N,R,22,0,14,\N,\N,\N,\N,\N,\N,6
3106,166,14,1,2,2,1,1,1,10,72,1:38:05.538,5885538,\N,\N,\N,\N,1
3107,166,57,1,1,4,2,2,2,6,72,+14.748,5900286,\N,\N,\N,\N,1
3108,166,22,6,4,3,3,3,3,4,72,+32.409,5917947,\N,\N,\N,\N,1
3109,166,35,16,22,7,4,4,4,3,72,+61.322,5946860,\N,\N,\N,\N,1
3110,166,23,3,9,5,5,5,5,2,72,+63.981,5949519,\N,\N,\N,\N,1
3111,166,15,17,6,9,6,6,6,1,72,+75.604,5961142,\N,\N,\N,\N,1
3112,166,49,17,5,8,7,7,7,0,71,\N,\N,\N,\N,\N,\N,11
3113,166,18,3,10,10,8,8,8,0,71,\N,\N,\N,\N,\N,\N,11
3114,166,21,22,11,14,9,9,9,0,71,\N,\N,\N,\N,\N,\N,11
3115,166,63,15,17,12,10,10,10,0,71,\N,\N,\N,\N,\N,\N,11
3116,166,64,15,16,15,11,11,11,0,71,\N,\N,\N,\N,\N,\N,11
3117,166,2,20,15,16,12,12,12,0,71,\N,\N,\N,\N,\N,\N,11
3118,166,56,19,7,6,13,13,13,0,70,\N,\N,\N,\N,\N,\N,12
3119,166,55,20,14,18,14,14,14,0,70,\N,\N,\N,\N,\N,\N,12
3120,166,48,18,20,21,15,15,15,0,70,\N,\N,\N,\N,\N,\N,12
3121,166,30,6,3,1,\N,R,16,0,58,\N,\N,\N,\N,\N,\N,5
3122,166,37,21,18,13,\N,R,17,0,45,\N,\N,\N,\N,\N,\N,7
3123,166,25,22,12,17,\N,R,18,0,34,\N,\N,\N,\N,\N,\N,20
3124,166,60,18,21,22,\N,R,19,0,31,\N,\N,\N,\N,\N,\N,20
3125,166,50,21,19,20,\N,R,20,0,25,\N,\N,\N,\N,\N,\N,7
3126,166,65,19,8,11,\N,R,21,0,20,\N,\N,\N,\N,\N,\N,6
3127,166,41,16,23,19,\N,R,22,0,16,\N,\N,\N,\N,\N,\N,20
3128,167,57,1,1,1,1,1,1,10,71,1:28:15.818,5295818,\N,\N,\N,\N,1
3129,167,14,1,2,2,2,2,2,6,71,+12.535,5308353,\N,\N,\N,\N,1
3130,167,22,6,4,3,3,3,3,4,71,+30.795,5326613,\N,\N,\N,\N,1
3131,167,35,16,22,7,4,4,4,3,70,\N,\N,\N,\N,\N,\N,11
3132,167,18,3,10,18,5,5,5,2,70,\N,\N,\N,\N,\N,\N,11
3133,167,63,15,17,9,6,6,6,1,70,\N,\N,\N,\N,\N,\N,11
3134,167,65,19,8,16,7,7,7,0,70,\N,\N,\N,\N,\N,\N,11
3135,167,48,18,20,20,8,8,8,0,70,\N,\N,\N,\N,\N,\N,11
3136,167,64,15,16,11,9,9,9,0,70,\N,\N,\N,\N,\N,\N,11
3137,167,25,22,12,14,10,10,10,0,70,\N,\N,\N,\N,\N,\N,11
3138,167,54,19,7,21,11,11,11,0,69,\N,\N,\N,\N,\N,\N,12
3139,167,60,18,21,22,12,12,12,0,68,\N,\N,\N,\N,\N,\N,13
3140,167,41,16,23,6,\N,R,13,0,58,\N,\N,\N,\N,\N,\N,5
3141,167,23,3,9,19,\N,R,14,0,52,\N,\N,\N,\N,\N,\N,23
3142,167,2,20,15,13,\N,R,15,0,41,\N,\N,\N,\N,\N,\N,4
3143,167,55,20,14,17,\N,R,16,0,41,\N,\N,\N,\N,\N,\N,4
3144,167,37,21,18,12,\N,R,17,0,32,\N,\N,\N,\N,\N,\N,6
3145,167,50,21,19,10,\N,R,18,0,14,\N,\N,\N,\N,\N,\N,5
3146,167,49,17,5,15,\N,R,19,0,4,\N,\N,\N,\N,\N,\N,44
3147,167,30,6,3,4,\N,R,20,0,0,\N,\N,\N,\N,\N,\N,4
3148,167,15,17,6,5,\N,R,21,0,0,\N,\N,\N,\N,\N,\N,4
3149,167,21,22,11,8,\N,R,22,0,0,\N,\N,\N,\N,\N,\N,4
3150,168,22,6,4,18,1,1,1,10,45,1:25:34.418,5134418,\N,\N,\N,\N,1
3151,168,57,1,1,4,2,2,2,6,45,+7.452,5141870,\N,\N,\N,\N,1
3152,168,14,1,2,1,3,3,3,4,45,+21.168,5155586,\N,\N,\N,\N,1
3153,168,18,3,10,16,4,4,4,3,45,+22.685,5157103,\N,\N,\N,\N,1
3154,168,63,15,17,15,5,5,5,2,45,+27.112,5161530,\N,\N,\N,\N,1
3155,168,37,21,18,5,6,6,6,1,45,+29.079,5163497,\N,\N,\N,\N,1
3156,168,23,3,9,14,7,7,7,0,45,+30.897,5165315,\N,\N,\N,\N,1
3157,168,35,16,22,9,8,8,8,0,45,+47.537,5181955,\N,\N,\N,\N,1
3158,168,15,17,6,6,9,9,9,0,45,+50.901,5185319,\N,\N,\N,\N,1
3159,168,56,19,7,10,10,10,10,0,45,+79.664,5214082,\N,\N,\N,\N,1
3160,168,60,18,21,21,11,11,11,0,45,+89.504,5223922,\N,\N,\N,\N,1
3161,168,2,20,15,13,12,12,12,0,40,\N,\N,\N,\N,\N,\N,91
3162,168,49,17,5,17,\N,R,13,0,39,\N,\N,\N,\N,\N,\N,6
3163,168,50,21,19,11,\N,R,14,0,39,\N,\N,\N,\N,\N,\N,20
3164,168,41,16,23,12,\N,R,15,0,37,\N,\N,\N,\N,\N,\N,20
3165,168,48,18,20,22,\N,R,16,0,33,\N,\N,\N,\N,\N,\N,5
3166,168,25,22,12,7,\N,R,17,0,31,\N,\N,\N,\N,\N,\N,10
3167,168,64,15,16,19,\N,R,18,0,29,\N,\N,\N,\N,\N,\N,4
3168,168,55,20,14,20,\N,R,19,0,29,\N,\N,\N,\N,\N,\N,4
3169,168,65,19,8,8,\N,R,20,0,12,\N,\N,\N,\N,\N,\N,6
3170,168,30,6,3,2,\N,R,21,0,0,\N,\N,\N,\N,\N,\N,4
3171,168,21,22,11,3,\N,R,22,0,0,\N,\N,\N,\N,\N,\N,4
3172,169,57,1,1,3,1,1,1,10,77,1:45:33.869,6333869,\N,\N,\N,\N,1
3173,169,30,6,3,1,2,2,2,6,77,+7.916,6341785,\N,\N,\N,\N,1
3174,169,14,1,2,2,3,3,3,4,77,+8.454,6342323,\N,\N,\N,\N,1
3175,169,22,6,4,5,4,4,4,3,77,+44.157,6378026,\N,\N,\N,\N,1
3176,169,23,3,9,4,5,5,5,2,77,+50.437,6384306,\N,\N,\N,\N,1
3177,169,49,17,5,6,6,6,6,1,77,+68.099,6401968,\N,\N,\N,\N,1
3178,169,15,17,6,12,7,7,7,0,76,\N,\N,\N,\N,\N,\N,11
3179,169,56,19,7,10,8,8,8,0,76,\N,\N,\N,\N,\N,\N,11
3180,169,18,3,10,8,9,9,9,0,76,\N,\N,\N,\N,\N,\N,11
3181,169,63,15,17,9,10,10,10,0,76,\N,\N,\N,\N,\N,\N,11
3182,169,25,22,12,11,11,11,11,0,76,\N,\N,\N,\N,\N,\N,11
3183,169,35,16,22,16,12,12,12,0,75,\N,\N,\N,\N,\N,\N,12
3184,169,50,21,19,20,13,13,13,0,75,\N,\N,\N,\N,\N,\N,12
3185,169,41,16,23,18,14,14,14,0,75,\N,\N,\N,\N,\N,\N,12
3186,169,48,18,20,21,15,15,15,0,74,\N,\N,\N,\N,\N,\N,13
3187,169,37,21,18,15,16,16,16,0,73,\N,\N,\N,\N,\N,\N,14
3188,169,60,18,21,22,\N,R,17,0,68,\N,\N,\N,\N,\N,\N,5
3189,169,65,19,8,17,\N,R,18,0,67,\N,\N,\N,\N,\N,\N,6
3190,169,64,15,16,13,\N,R,19,0,62,\N,\N,\N,\N,\N,\N,7
3191,169,21,22,11,7,\N,R,20,0,31,\N,\N,\N,\N,\N,\N,23
3192,169,2,20,15,19,\N,R,21,0,22,\N,\N,\N,\N,\N,\N,10
3193,169,55,20,14,14,\N,R,22,0,11,\N,\N,\N,\N,\N,\N,22
3194,170,57,1,1,1,1,1,1,10,44,1:28:14.494,5294494,\N,\N,\N,\N,1
3195,170,30,6,3,4,2,2,2,6,44,+1.103,5295597,\N,\N,\N,\N,1
3196,170,23,3,9,6,3,3,3,4,44,+38.096,5332590,\N,\N,\N,\N,1
3197,170,14,1,2,5,4,4,4,3,44,+43.280,5337774,\N,\N,\N,\N,1
3198,170,18,3,10,3,5,5,5,2,44,+49.914,5344408,\N,\N,\N,\N,1
3199,170,49,17,5,8,6,6,6,1,44,+55.984,5350478,\N,\N,\N,\N,1
3200,170,35,16,22,7,7,7,7,0,44,+72.380,5366874,\N,\N,\N,\N,1
3201,170,65,19,8,9,8,8,8,0,44,+87.808,5382302,\N,\N,\N,\N,1
3202,170,63,15,17,18,9,9,9,0,44,+88.670,5383164,\N,\N,\N,\N,1
3203,170,56,19,7,12,10,10,10,0,44,+91.555,5386049,\N,\N,\N,\N,1
3204,170,64,15,16,15,11,11,11,0,44,+94.123,5388617,\N,\N,\N,\N,1
3205,170,41,16,23,13,12,12,12,0,43,\N,\N,\N,\N,\N,\N,11
3206,170,25,22,12,19,13,13,13,0,43,\N,\N,\N,\N,\N,\N,11
3207,170,48,18,20,21,14,14,14,0,43,\N,\N,\N,\N,\N,\N,11
3208,170,50,21,19,20,15,15,15,0,43,\N,\N,\N,\N,\N,\N,11
3209,170,37,21,18,16,16,16,16,0,42,\N,\N,\N,\N,\N,\N,12
3210,170,60,18,21,22,17,17,17,0,42,\N,\N,\N,\N,\N,\N,12
3211,170,22,6,4,10,\N,R,18,0,32,\N,\N,\N,\N,\N,\N,32
3212,170,55,20,14,17,\N,R,19,0,32,\N,\N,\N,\N,\N,\N,32
3213,170,2,20,15,14,\N,R,20,0,12,\N,\N,\N,\N,\N,\N,5
3214,170,21,22,11,11,\N,R,21,0,8,\N,\N,\N,\N,\N,\N,10
3215,170,15,17,6,2,\N,R,22,0,4,\N,\N,\N,\N,\N,\N,4
3216,171,30,6,3,1,1,1,1,10,53,1:27:31.638,5251638,\N,\N,\N,\N,1
3217,171,57,1,1,3,2,2,2,6,53,+3.810,5255448,\N,\N,\N,\N,1
3218,171,23,3,9,7,3,3,3,4,53,+52.432,5304070,\N,\N,\N,\N,1
3219,171,50,21,19,11,4,4,4,3,53,+59.938,5311576,\N,\N,\N,\N,1
3220,171,25,22,12,13,5,5,5,2,53,+67.426,5319064,\N,\N,\N,\N,1
3221,171,41,16,23,17,6,6,6,1,53,+69.292,5320930,\N,\N,\N,\N,1
3222,171,63,15,17,15,7,7,7,0,52,\N,\N,\N,\N,\N,\N,11
3223,171,64,15,16,16,8,8,8,0,52,\N,\N,\N,\N,\N,\N,11
3224,171,48,18,20,21,9,9,9,0,52,\N,\N,\N,\N,\N,\N,11
3225,171,60,18,21,22,10,10,10,0,52,\N,\N,\N,\N,\N,\N,11
3226,171,21,22,11,9,11,11,11,0,52,\N,\N,\N,\N,\N,\N,11
3227,171,55,20,14,19,12,12,12,0,51,\N,\N,\N,\N,\N,\N,12
3228,171,2,20,15,20,\N,R,13,0,15,\N,\N,\N,\N,\N,\N,20
3229,171,35,16,22,4,\N,R,14,0,14,\N,\N,\N,\N,\N,\N,10
3230,171,18,3,10,12,\N,R,15,0,10,\N,\N,\N,\N,\N,\N,20
3231,171,65,19,8,18,\N,R,16,0,1,\N,\N,\N,\N,\N,\N,4
3232,171,22,6,4,2,\N,R,17,0,0,\N,\N,\N,\N,\N,\N,4
3233,171,14,1,2,5,\N,R,18,0,0,\N,\N,\N,\N,\N,\N,4
3234,171,15,17,6,6,\N,R,19,0,0,\N,\N,\N,\N,\N,\N,4
3235,171,49,17,5,8,\N,R,20,0,0,\N,\N,\N,\N,\N,\N,4
3236,171,37,21,18,10,\N,R,21,0,0,\N,\N,\N,\N,\N,\N,4
3237,171,56,19,7,14,\N,R,22,0,0,\N,\N,\N,\N,\N,\N,20
3238,172,30,6,3,1,1,1,1,10,73,1:36:30.883,5790883,\N,\N,\N,\N,1
3239,172,22,6,4,4,2,2,2,6,73,+12.118,5803001,\N,\N,\N,\N,1
3240,172,49,17,5,7,3,3,3,4,73,+17.368,5808251,\N,\N,\N,\N,1
3241,172,35,16,22,8,4,4,4,3,73,+17.935,5808818,\N,\N,\N,\N,1
3242,172,14,1,2,2,5,5,5,2,73,+28.813,5819696,\N,\N,\N,\N,1
3243,172,41,16,23,12,6,6,6,1,73,+51.694,5842577,\N,\N,\N,\N,1
3244,172,56,19,7,17,7,7,7,0,73,+71.115,5861998,\N,\N,\N,\N,1
3245,172,64,15,16,9,8,8,8,0,72,\N,\N,\N,\N,\N,\N,11
3246,172,2,20,15,16,9,9,9,0,72,\N,\N,\N,\N,\N,\N,11
3247,172,25,22,12,11,10,10,10,0,72,\N,\N,\N,\N,\N,\N,11
3248,172,65,19,8,19,11,11,11,0,72,\N,\N,\N,\N,\N,\N,11
3249,172,48,18,20,22,12,12,12,0,72,\N,\N,\N,\N,\N,\N,11
3250,172,55,20,14,20,\N,R,13,0,64,\N,\N,\N,\N,\N,\N,5
3251,172,60,18,21,21,\N,R,14,0,59,\N,\N,\N,\N,\N,\N,5
3252,172,23,3,9,10,\N,R,15,0,58,\N,\N,\N,\N,\N,\N,5
3253,172,37,21,18,18,\N,R,16,0,45,\N,\N,\N,\N,\N,\N,6
3254,172,21,22,11,15,\N,R,17,0,44,\N,\N,\N,\N,\N,\N,5
3255,172,50,21,19,13,\N,R,18,0,34,\N,\N,\N,\N,\N,\N,23
3256,172,57,1,1,3,\N,R,19,0,25,\N,\N,\N,\N,\N,\N,5
3257,172,63,15,17,14,\N,R,20,0,18,\N,\N,\N,\N,\N,\N,20
3258,172,18,3,10,6,\N,R,21,0,14,\N,\N,\N,\N,\N,\N,5
3259,172,15,17,6,5,\N,R,22,0,12,\N,\N,\N,\N,\N,\N,4
3260,173,30,6,3,1,1,1,1,10,53,1:29:53.435,5393435,\N,\N,\N,\N,1
3261,173,57,1,1,2,2,2,2,6,53,+1.837,5395272,\N,\N,\N,\N,1
3262,173,14,1,2,3,3,3,3,4,53,+69.914,5463349,\N,\N,\N,\N,1
3263,173,22,6,4,4,4,4,4,3,53,+79.190,5472625,\N,\N,\N,\N,1
3264,173,18,3,10,5,5,5,5,2,53,+85.694,5479129,\N,\N,\N,\N,1
3265,173,35,16,22,9,6,6,6,1,52,\N,\N,\N,\N,\N,\N,11
3266,173,65,19,8,10,7,7,7,0,52,\N,\N,\N,\N,\N,\N,11
3267,173,56,19,7,7,8,8,8,0,52,\N,\N,\N,\N,\N,\N,11
3268,173,41,16,23,18,9,9,9,0,52,\N,\N,\N,\N,\N,\N,11
3269,173,63,15,17,19,10,10,10,0,52,\N,\N,\N,\N,\N,\N,11
3270,173,64,15,16,20,11,11,11,0,52,\N,\N,\N,\N,\N,\N,11
3271,173,37,21,18,13,12,12,12,0,52,\N,\N,\N,\N,\N,\N,11
3272,173,15,17,6,15,13,13,13,0,52,\N,\N,\N,\N,\N,\N,11
3273,173,21,22,11,12,14,14,14,0,52,\N,\N,\N,\N,\N,\N,11
3274,173,60,18,21,22,15,15,15,0,51,\N,\N,\N,\N,\N,\N,12
3275,173,48,18,20,21,\N,R,16,0,46,\N,\N,\N,\N,\N,\N,5
3276,173,23,3,9,6,\N,R,17,0,41,\N,\N,\N,\N,\N,\N,20
3277,173,2,20,15,16,\N,R,18,0,41,\N,\N,\N,\N,\N,\N,22
3278,173,25,22,12,11,\N,R,19,0,37,\N,\N,\N,\N,\N,\N,20
3279,173,49,17,5,8,\N,R,20,0,29,\N,\N,\N,\N,\N,\N,9
3280,173,55,20,14,17,\N,R,21,0,19,\N,\N,\N,\N,\N,\N,5
3281,173,50,21,19,14,\N,R,22,0,9,\N,\N,\N,\N,\N,\N,10
3282,174,30,6,3,1,1,1,1,10,56,1:35:54.235,5754235,\N,\N,\N,\N,1
3283,174,14,1,2,3,2,2,2,6,56,+0.732,5754967,\N,\N,\N,\N,1
3284,174,22,6,4,4,3,3,3,4,56,+18.444,5772679,\N,\N,\N,\N,1
3285,174,57,1,1,2,4,4,4,3,56,+35.269,5789504,\N,\N,\N,\N,1
3286,174,35,16,22,6,5,5,5,2,56,+70.692,5824927,\N,\N,\N,\N,1
3287,174,56,19,7,7,6,6,6,1,56,+72.568,5826803,\N,\N,\N,\N,1
3288,174,25,22,12,5,7,7,7,0,56,+89.314,5843549,\N,\N,\N,\N,1
3289,174,63,15,17,17,8,8,8,0,55,\N,\N,\N,\N,\N,\N,11
3290,174,21,22,11,13,9,9,9,0,55,\N,\N,\N,\N,\N,\N,11
3291,174,50,21,19,15,10,10,10,0,55,\N,\N,\N,\N,\N,\N,11
3292,174,55,20,14,18,11,11,11,0,55,\N,\N,\N,\N,\N,\N,11
3293,174,15,17,6,9,12,12,12,0,55,\N,\N,\N,\N,\N,\N,11
3294,174,60,18,21,22,13,13,13,0,50,\N,\N,\N,\N,\N,\N,5
3295,174,65,19,8,12,\N,R,14,0,48,\N,\N,\N,\N,\N,\N,22
3296,174,41,16,23,11,\N,R,15,0,46,\N,\N,\N,\N,\N,\N,5
3297,174,23,3,9,8,\N,R,16,0,43,\N,\N,\N,\N,\N,\N,5
3298,174,48,18,20,21,\N,R,17,0,36,\N,\N,\N,\N,\N,\N,36
3299,174,18,3,10,16,\N,R,18,0,18,\N,\N,\N,\N,\N,\N,5
3300,174,49,17,5,10,\N,R,19,0,7,\N,\N,\N,\N,\N,\N,10
3301,174,37,21,18,14,\N,R,20,0,0,\N,\N,\N,\N,\N,\N,4
3302,174,2,20,15,19,\N,R,21,0,0,\N,\N,\N,\N,\N,\N,4
3303,174,64,15,16,20,\N,R,22,0,0,\N,\N,\N,\N,\N,\N,4
3304,175,56,6,4,6,1,1,1,10,57,1:35:01.659,5701659,\N,\N,\N,\N,1
3305,175,49,17,8,5,2,2,2,6,57,+1.026,5702685,\N,\N,\N,\N,1
3306,175,23,3,6,8,3,3,3,4,57,+7.012,5708671,\N,\N,\N,\N,1
3307,175,21,22,9,7,4,4,4,3,57,+33.418,5735077,\N,\N,\N,\N,1
3308,175,22,24,16,4,5,5,5,2,57,+54.697,5756356,\N,\N,\N,\N,1
3309,175,37,21,14,18,6,6,6,1,57,+84.316,5785975,\N,\N,\N,\N,1
3310,175,68,21,15,17,7,7,7,0,57,+86.288,5787947,\N,\N,\N,\N,1
3311,175,30,6,3,3,8,8,8,0,56,\N,\N,\N,\N,\N,\N,11
3312,175,41,16,23,19,\N,R,9,0,48,\N,\N,\N,\N,\N,\N,6
3313,175,69,18,20,21,\N,R,10,0,42,\N,\N,\N,\N,\N,\N,6
3314,175,25,22,10,10,\N,R,11,0,28,\N,\N,\N,\N,\N,\N,22
3315,175,64,15,12,14,\N,R,12,0,27,\N,\N,\N,\N,\N,\N,7
3316,175,48,18,21,22,\N,R,13,0,25,\N,\N,\N,\N,\N,\N,4
3317,175,15,20,19,12,\N,R,14,0,25,\N,\N,\N,\N,\N,\N,4
3318,175,44,20,18,20,\N,R,15,0,23,\N,\N,\N,\N,\N,\N,36
3319,175,57,1,1,1,\N,R,16,0,21,\N,\N,\N,\N,\N,\N,37
3320,175,70,3,5,15,\N,R,17,0,20,\N,\N,\N,\N,\N,\N,20
3321,175,14,1,2,2,\N,R,18,0,13,\N,\N,\N,\N,\N,\N,9
3322,175,35,16,22,11,\N,R,19,0,13,\N,\N,\N,\N,\N,\N,65
3323,175,71,17,7,9,\N,R,20,0,0,\N,\N,\N,\N,\N,\N,4
3324,175,55,15,11,16,\N,R,21,0,0,\N,\N,\N,\N,\N,\N,6
3325,175,65,24,17,13,\N,W,22,0,0,\N,\N,\N,\N,\N,\N,66
3326,176,57,1,1,1,1,1,1,10,72,1:36:03.785,5763785,\N,\N,\N,\N,1
3327,176,30,6,3,4,2,2,2,6,72,+4.925,5768710,\N,\N,\N,\N,1
3328,176,49,17,8,8,3,3,3,4,71,\N,\N,\N,\N,\N,\N,60
3329,176,23,3,6,11,4,4,4,3,71,\N,\N,\N,\N,\N,\N,11
3330,176,56,6,4,6,5,5,5,2,71,\N,\N,\N,\N,\N,\N,11
3331,176,44,20,18,12,6,6,6,1,71,\N,\N,\N,\N,\N,\N,11
3332,176,25,22,10,9,7,7,7,0,70,\N,\N,\N,\N,\N,\N,12
3333,176,68,21,15,19,8,8,8,0,69,\N,\N,\N,\N,\N,\N,13
3334,176,48,18,21,20,9,9,9,0,69,\N,\N,\N,\N,\N,\N,13
3335,176,37,21,14,17,\N,R,10,0,52,\N,\N,\N,\N,\N,\N,9
3336,176,35,16,22,21,\N,R,11,0,49,\N,\N,\N,\N,\N,\N,9
3337,176,70,3,5,16,\N,R,12,0,43,\N,\N,\N,\N,\N,\N,6
3338,176,22,24,16,3,\N,R,13,0,42,\N,\N,\N,\N,\N,\N,5
3339,176,64,15,12,15,\N,R,14,0,42,\N,\N,\N,\N,\N,\N,4
3340,176,21,22,9,5,\N,R,15,0,38,\N,\N,\N,\N,\N,\N,8
3341,176,72,18,20,18,\N,R,16,0,31,\N,\N,\N,\N,\N,\N,20
3342,176,55,15,11,14,\N,R,17,0,27,\N,\N,\N,\N,\N,\N,6
3343,176,14,1,2,2,\N,R,18,0,22,\N,\N,\N,\N,\N,\N,6
3344,176,15,20,19,13,\N,R,19,0,21,\N,\N,\N,\N,\N,\N,6
3345,176,65,24,17,10,\N,R,20,0,15,\N,\N,\N,\N,\N,\N,9
3346,176,71,17,7,7,\N,R,21,0,10,\N,\N,\N,\N,\N,\N,4
3347,176,41,16,23,0,\N,F,22,0,0,\N,\N,\N,\N,\N,\N,81
3348,177,30,6,3,3,1,1,1,10,62,1:33:44.792,5624792,\N,\N,\N,\N,1
3349,177,14,1,2,2,2,2,2,6,62,+4.265,5629057,\N,\N,\N,\N,1
3350,177,22,24,16,6,3,3,3,4,61,\N,\N,\N,\N,\N,\N,11
3351,177,71,17,7,8,4,4,4,3,61,\N,\N,\N,\N,\N,\N,11
3352,177,21,22,9,16,5,5,5,2,61,\N,\N,\N,\N,\N,\N,11
3353,177,55,15,11,13,6,6,6,1,61,\N,\N,\N,\N,\N,\N,11
3354,177,63,16,23,19,7,7,7,0,59,\N,\N,\N,\N,\N,\N,13
3355,177,69,18,20,22,8,8,8,0,59,\N,\N,\N,\N,\N,\N,13
3356,177,48,18,21,21,9,9,9,0,59,\N,\N,\N,\N,\N,\N,13
3357,177,65,24,17,12,10,10,10,0,58,\N,\N,\N,\N,\N,\N,5
3358,177,70,3,5,10,11,11,11,0,58,\N,\N,\N,\N,\N,\N,20
3359,177,64,15,12,15,\N,R,12,0,49,\N,\N,\N,\N,\N,\N,20
3360,177,44,20,18,11,\N,R,13,0,48,\N,\N,\N,\N,\N,\N,37
3361,177,56,6,4,4,\N,R,14,0,46,\N,\N,\N,\N,\N,\N,5
3362,177,49,17,8,7,\N,R,15,0,46,\N,\N,\N,\N,\N,\N,20
3363,177,68,21,15,20,\N,R,16,0,29,\N,\N,\N,\N,\N,\N,32
3364,177,23,3,6,9,\N,R,17,0,28,\N,\N,\N,\N,\N,\N,37
3365,177,57,1,1,1,\N,R,18,0,17,\N,\N,\N,\N,\N,\N,20
3366,177,37,21,14,18,\N,R,19,0,5,\N,\N,\N,\N,\N,\N,20
3367,177,25,22,10,17,\N,R,20,0,5,\N,\N,\N,\N,\N,\N,20
3368,177,35,16,22,14,\N,R,21,0,0,\N,\N,\N,\N,\N,\N,6
3369,177,15,20,19,5,\N,R,22,0,0,\N,\N,\N,\N,\N,\N,20
3370,178,30,6,3,2,1,1,1,10,78,1:49:31.812,6571812,\N,\N,\N,\N,1
3371,178,56,6,4,4,2,2,2,6,78,+30.476,6602288,\N,\N,\N,\N,1
3372,178,57,1,1,1,3,3,3,4,78,+37.483,6609295,\N,\N,\N,\N,1
3373,178,49,17,8,6,4,4,4,3,78,+54.009,6625821,\N,\N,\N,\N,1
3374,178,21,22,9,9,5,5,5,2,77,\N,\N,\N,\N,\N,\N,11
3375,178,25,22,10,10,6,6,6,1,77,\N,\N,\N,\N,\N,\N,11
3376,178,15,20,19,7,7,7,7,0,77,\N,\N,\N,\N,\N,\N,11
3377,178,70,3,5,11,8,8,8,0,76,\N,\N,\N,\N,\N,\N,12
3378,178,22,24,16,5,9,9,9,0,71,\N,\N,\N,\N,\N,\N,20
3379,178,23,3,6,16,\N,R,10,0,54,\N,\N,\N,\N,\N,\N,20
3380,178,55,15,11,14,\N,R,11,0,50,\N,\N,\N,\N,\N,\N,22
3381,178,64,15,12,15,\N,R,12,0,49,\N,\N,\N,\N,\N,\N,22
3382,178,44,20,18,18,\N,R,13,0,40,\N,\N,\N,\N,\N,\N,5
3383,178,14,1,2,3,\N,R,14,0,36,\N,\N,\N,\N,\N,\N,6
3384,178,63,16,23,12,\N,R,15,0,36,\N,\N,\N,\N,\N,\N,23
3385,178,68,21,15,19,\N,R,16,0,36,\N,\N,\N,\N,\N,\N,5
3386,178,35,16,22,8,\N,R,17,0,32,\N,\N,\N,\N,\N,\N,44
3387,178,65,24,17,13,\N,R,18,0,32,\N,\N,\N,\N,\N,\N,22
3388,178,37,21,14,21,\N,R,19,0,30,\N,\N,\N,\N,\N,\N,6
3389,178,48,18,21,22,\N,R,20,0,24,\N,\N,\N,\N,\N,\N,20
3390,178,69,18,20,20,\N,R,21,0,10,\N,\N,\N,\N,\N,\N,6
3391,178,71,17,7,17,\N,R,22,0,3,\N,\N,\N,\N,\N,\N,4
3392,179,57,1,1,1,1,1,1,10,65,1:34:13.665,5653665,\N,\N,\N,\N,1
3393,179,14,1,2,3,2,2,2,6,65,+6.238,5659903,\N,\N,\N,\N,1
3394,179,30,6,3,4,3,3,3,4,65,+10.845,5664510,\N,\N,\N,\N,1
3395,179,56,6,4,2,4,4,4,3,65,+30.182,5683847,\N,\N,\N,\N,1
3396,179,23,3,6,10,5,5,5,2,65,+87.208,5740873,\N,\N,\N,\N,1
3397,179,15,20,19,9,6,6,6,1,64,\N,\N,\N,\N,\N,\N,11
3398,179,71,17,7,11,7,7,7,0,64,\N,\N,\N,\N,\N,\N,11
3399,179,63,16,23,16,8,8,8,0,64,\N,\N,\N,\N,\N,\N,11
3400,179,21,22,9,13,9,9,9,0,64,\N,\N,\N,\N,\N,\N,11
3401,179,25,22,10,18,10,10,10,0,64,\N,\N,\N,\N,\N,\N,11
3402,179,37,21,14,19,11,11,11,0,63,\N,\N,\N,\N,\N,\N,12
3403,179,68,21,15,20,12,12,12,0,62,\N,\N,\N,\N,\N,\N,13
3404,179,69,18,20,22,\N,R,13,0,50,\N,\N,\N,\N,\N,\N,20
3405,179,35,16,22,6,\N,R,14,0,40,\N,\N,\N,\N,\N,\N,6
3406,179,64,15,12,12,\N,R,15,0,40,\N,\N,\N,\N,\N,\N,7
3407,179,65,24,17,14,\N,R,16,0,40,\N,\N,\N,\N,\N,\N,7
3408,179,49,17,8,8,\N,R,17,0,35,\N,\N,\N,\N,\N,\N,86
3409,179,55,15,11,5,\N,R,18,0,27,\N,\N,\N,\N,\N,\N,7
3410,179,70,3,5,17,\N,R,19,0,24,\N,\N,\N,\N,\N,\N,6
3411,179,44,20,18,15,\N,R,20,0,24,\N,\N,\N,\N,\N,\N,6
3412,179,48,18,21,21,\N,R,21,0,0,\N,\N,\N,\N,\N,\N,6
3413,179,22,24,16,7,\N,D,22,0,64,\N,\N,\N,\N,\N,\N,2
3414,180,57,1,1,2,1,1,1,10,69,1:41:35.727,6095727,\N,\N,\N,\N,1
3415,180,21,22,9,7,2,2,2,6,69,+0.781,6096508,\N,\N,\N,\N,1
3416,180,56,6,4,3,3,3,3,4,69,+1.796,6097523,\N,\N,\N,\N,1
3417,180,23,3,6,13,4,4,4,3,69,+2.391,6098118,\N,\N,\N,\N,1
3418,180,65,24,17,10,5,5,5,2,69,+2.804,6098531,\N,\N,\N,\N,1
3419,180,64,15,12,18,6,6,6,1,69,+3.710,6099437,\N,\N,\N,\N,1
3420,180,14,1,2,4,7,7,7,0,69,+5.003,6100730,\N,\N,\N,\N,1
3421,180,48,18,21,22,8,8,8,0,68,\N,\N,\N,\N,\N,\N,11
3422,180,44,20,18,15,9,9,9,0,68,\N,\N,\N,\N,\N,\N,11
3423,180,69,18,20,21,10,10,10,0,67,\N,\N,\N,\N,\N,\N,12
3424,180,49,17,8,6,11,11,11,0,65,\N,\N,\N,\N,\N,\N,23
3425,180,70,3,5,12,\N,R,12,0,50,\N,\N,\N,\N,\N,\N,23
3426,180,68,21,15,19,\N,R,13,0,41,\N,\N,\N,\N,\N,\N,7
3427,180,35,16,22,16,\N,R,14,0,34,\N,\N,\N,\N,\N,\N,20
3428,180,30,6,3,1,\N,R,15,0,29,\N,\N,\N,\N,\N,\N,20
3429,180,37,21,14,20,\N,R,16,0,22,\N,\N,\N,\N,\N,\N,7
3430,180,71,17,7,14,\N,R,17,0,14,\N,\N,\N,\N,\N,\N,20
3431,180,22,24,16,5,\N,R,18,0,14,\N,\N,\N,\N,\N,\N,38
3432,180,41,16,23,17,\N,R,19,0,2,\N,\N,\N,\N,\N,\N,20
3433,180,55,15,11,8,\N,R,20,0,0,\N,\N,\N,\N,\N,\N,4
3434,180,15,20,19,9,\N,R,21,0,0,\N,\N,\N,\N,\N,\N,4
3435,180,25,22,10,11,\N,R,22,0,0,\N,\N,\N,\N,\N,\N,7
3436,181,49,17,8,5,1,1,1,10,72,1:58:24.343,7104343,\N,\N,\N,\N,1
3437,181,57,1,1,14,2,2,2,6,72,+11.092,7115435,\N,\N,\N,\N,1
3438,181,22,24,16,1,3,3,3,4,72,+43.432,7147775,\N,\N,\N,\N,1
3439,181,23,3,6,16,4,4,4,3,72,+45.475,7149818,\N,\N,\N,\N,1
3440,181,30,6,3,6,5,5,5,2,72,+47.881,7152224,\N,\N,\N,\N,1
3441,181,56,6,4,17,6,6,6,1,72,+48.901,7153244,\N,\N,\N,\N,1
3442,181,15,20,19,8,7,7,7,0,72,+57.771,7162114,\N,\N,\N,\N,1
3443,181,44,20,18,3,8,8,8,0,72,+58.531,7162874,\N,\N,\N,\N,1
3444,181,41,16,23,10,9,9,9,0,72,+88.764,7193107,\N,\N,\N,\N,1
3445,181,69,18,20,20,10,10,10,0,71,\N,\N,\N,\N,\N,\N,11
3446,181,37,21,14,21,11,11,11,0,71,\N,\N,\N,\N,\N,\N,11
3447,181,21,22,9,7,\N,R,12,0,42,\N,\N,\N,\N,\N,\N,20
3448,181,71,17,7,18,\N,R,13,0,31,\N,\N,\N,\N,\N,\N,10
3449,181,70,3,5,15,\N,R,14,0,26,\N,\N,\N,\N,\N,\N,5
3450,181,35,16,22,12,\N,R,15,0,25,\N,\N,\N,\N,\N,\N,20
3451,181,25,22,10,13,\N,R,16,0,25,\N,\N,\N,\N,\N,\N,20
3452,181,48,18,21,19,\N,R,17,0,25,\N,\N,\N,\N,\N,\N,20
3453,181,55,15,11,2,\N,R,18,0,24,\N,\N,\N,\N,\N,\N,20
3454,181,14,1,2,4,\N,R,19,0,9,\N,\N,\N,\N,\N,\N,10
3455,181,64,15,12,11,\N,R,20,0,6,\N,\N,\N,\N,\N,\N,7
3456,181,65,24,17,9,\N,R,21,0,4,\N,\N,\N,\N,\N,\N,6
3457,181,68,21,15,22,\N,D,22,0,71,\N,\N,\N,\N,\N,\N,2
3458,182,14,1,2,3,1,1,1,10,60,1:32:30.144,5550144,\N,\N,\N,\N,1
3459,182,56,6,4,4,2,2,2,6,60,+1.829,5551973,\N,\N,\N,\N,1
3460,182,23,3,6,8,3,3,3,4,60,+27.411,5577555,\N,\N,\N,\N,1
3461,182,49,17,8,5,4,4,4,3,60,+27.789,5577933,\N,\N,\N,\N,1
3462,182,71,17,7,6,5,5,5,2,60,+38.606,5588750,\N,\N,\N,\N,1
3463,182,64,15,12,12,6,6,6,1,60,+53.643,5603787,\N,\N,\N,\N,1
3464,182,21,22,9,17,7,7,7,0,60,+54.614,5604758,\N,\N,\N,\N,1
3465,182,22,24,16,7,8,8,8,0,60,+68.590,5618734,\N,\N,\N,\N,1
3466,182,15,20,19,14,9,9,9,0,60,+72.045,5622189,\N,\N,\N,\N,1
3467,182,25,22,10,18,10,10,10,0,60,+72.123,5622267,\N,\N,\N,\N,1
3468,182,70,3,5,13,11,11,11,0,60,+77.124,5627268,\N,\N,\N,\N,1
3469,182,65,24,17,11,12,12,12,0,60,+77.709,5627853,\N,\N,\N,\N,1
3470,182,44,20,18,15,13,13,13,0,60,+80.492,5630636,\N,\N,\N,\N,1
3471,182,55,15,11,10,14,14,14,0,59,\N,\N,\N,\N,\N,\N,11
3472,182,48,18,21,22,15,15,15,0,58,\N,\N,\N,\N,\N,\N,12
3473,182,68,21,15,19,16,16,16,0,58,\N,\N,\N,\N,\N,\N,12
3474,182,41,16,23,16,\N,R,17,0,41,\N,\N,\N,\N,\N,\N,22
3475,182,57,1,1,1,\N,R,18,0,35,\N,\N,\N,\N,\N,\N,36
3476,182,35,16,22,9,\N,R,19,0,29,\N,\N,\N,\N,\N,\N,86
3477,182,69,18,20,21,\N,R,20,0,6,\N,\N,\N,\N,\N,\N,6
3478,182,37,21,14,20,\N,R,21,0,0,\N,\N,\N,\N,\N,\N,6
3479,182,30,6,3,2,\N,R,22,0,0,\N,\N,\N,\N,\N,\N,23
3480,183,56,6,4,3,1,1,1,10,71,1:28:12.438,5292438,\N,\N,\N,\N,1
3481,183,14,1,2,2,2,2,2,6,71,+0.313,5292751,\N,\N,\N,\N,1
3482,183,57,1,1,1,3,3,3,4,71,+22.282,5314720,\N,\N,\N,\N,1
3483,183,49,17,8,4,4,4,4,3,71,+52.803,5345241,\N,\N,\N,\N,1
3484,183,25,22,10,10,5,5,5,2,71,+66.358,5358796,\N,\N,\N,\N,1
3485,183,64,15,12,16,6,6,6,1,71,+70.933,5363371,\N,\N,\N,\N,1
3486,183,15,20,19,13,7,7,7,0,70,\N,\N,\N,\N,\N,\N,11
3487,183,71,17,7,11,8,8,8,0,70,\N,\N,\N,\N,\N,\N,11
3488,183,63,6,3,7,9,9,9,0,70,\N,\N,\N,\N,\N,\N,11
3489,183,44,20,18,18,10,10,10,0,70,\N,\N,\N,\N,\N,\N,11
3490,183,48,18,21,22,11,11,11,0,70,\N,\N,\N,\N,\N,\N,11
3491,183,21,22,9,12,12,12,12,0,68,\N,\N,\N,\N,\N,\N,5
3492,183,69,18,20,19,13,13,13,0,68,\N,\N,\N,\N,\N,\N,13
3493,183,65,24,17,6,14,14,14,0,67,\N,\N,\N,\N,\N,\N,14
3494,183,41,16,23,15,15,15,15,0,63,\N,\N,\N,\N,\N,\N,8
3495,183,22,24,16,5,\N,R,16,0,55,\N,\N,\N,\N,\N,\N,5
3496,183,55,15,11,17,\N,R,17,0,49,\N,\N,\N,\N,\N,\N,60
3497,183,37,21,14,21,\N,R,18,0,38,\N,\N,\N,\N,\N,\N,20
3498,183,70,3,5,14,\N,R,19,0,35,\N,\N,\N,\N,\N,\N,60
3499,183,35,16,22,9,\N,R,20,0,34,\N,\N,\N,\N,\N,\N,86
3500,183,68,21,15,20,\N,R,21,0,25,\N,\N,\N,\N,\N,\N,5
3501,183,23,3,6,8,\N,R,22,0,8,\N,\N,\N,\N,\N,\N,20
3502,184,56,6,4,5,1,1,1,10,45,1:21:58.594,4918594,\N,\N,\N,\N,1
3503,184,63,6,3,4,2,2,2,6,45,+1.007,4919601,\N,\N,\N,\N,1
3504,184,49,17,8,2,3,3,3,4,45,+5.195,4923789,\N,\N,\N,\N,1
3505,184,23,3,6,11,4,4,4,3,45,+12.809,4931403,\N,\N,\N,\N,1
3506,184,14,1,2,3,5,5,5,2,45,+16.823,4935417,\N,\N,\N,\N,1
3507,184,44,20,18,7,6,6,6,1,45,+29.879,4948473,\N,\N,\N,\N,1
3508,184,25,22,10,13,7,7,7,0,45,+33.333,4951927,\N,\N,\N,\N,1
3509,184,55,15,11,21,8,8,8,0,45,+71.291,4989885,\N,\N,\N,\N,1
3510,184,48,18,21,15,9,9,9,0,45,+108.318,5026912,\N,\N,\N,\N,1
3511,184,69,18,20,19,10,10,10,0,44,\N,\N,\N,\N,\N,\N,11
3512,184,65,24,17,17,11,11,11,0,40,\N,\N,\N,\N,\N,\N,6
3513,184,37,21,14,20,\N,R,12,0,37,\N,\N,\N,\N,\N,\N,20
3514,184,57,1,1,1,\N,R,13,0,25,\N,\N,\N,\N,\N,\N,27
3515,184,70,3,5,14,\N,R,14,0,21,\N,\N,\N,\N,\N,\N,24
3516,184,41,16,23,18,\N,R,15,0,20,\N,\N,\N,\N,\N,\N,5
3517,184,68,21,15,22,\N,R,16,0,15,\N,\N,\N,\N,\N,\N,5
3518,184,71,17,7,8,\N,R,17,0,13,\N,\N,\N,\N,\N,\N,23
3519,184,15,20,19,9,\N,R,18,0,10,\N,\N,\N,\N,\N,\N,5
3520,184,21,22,9,10,\N,R,19,0,7,\N,\N,\N,\N,\N,\N,22
3521,184,22,24,16,6,\N,R,20,0,6,\N,\N,\N,\N,\N,\N,9
3522,184,35,16,22,12,\N,R,21,0,0,\N,\N,\N,\N,\N,\N,4
3523,184,64,15,12,16,\N,R,22,0,0,\N,\N,\N,\N,\N,\N,4
3524,185,57,1,1,1,1,1,1,10,77,1:46:23.536,6383536,\N,\N,\N,\N,1
3525,185,14,1,2,3,2,2,2,6,77,+9.706,6393242,\N,\N,\N,\N,1
3526,185,56,6,4,2,3,3,3,4,77,+27.228,6410764,\N,\N,\N,\N,1
3527,185,49,17,8,5,4,4,4,3,77,+31.815,6415351,\N,\N,\N,\N,1
3528,185,22,24,16,8,5,5,5,2,77,+43.808,6427344,\N,\N,\N,\N,1
3529,185,71,17,7,6,6,6,6,1,77,+55.726,6439262,\N,\N,\N,\N,1
3530,185,25,22,10,7,7,7,7,0,77,+61.012,6444548,\N,\N,\N,\N,1
3531,185,15,20,19,13,8,8,8,0,76,\N,\N,\N,\N,\N,\N,11
3532,185,23,3,6,16,9,9,9,0,76,\N,\N,\N,\N,\N,\N,11
3533,185,44,20,18,14,10,10,10,0,76,\N,\N,\N,\N,\N,\N,11
3534,185,65,24,17,10,11,11,11,0,76,\N,\N,\N,\N,\N,\N,11
3535,185,63,6,3,18,12,12,12,0,75,\N,\N,\N,\N,\N,\N,12
3536,185,41,16,23,17,13,13,13,0,75,\N,\N,\N,\N,\N,\N,12
3537,185,69,18,20,19,14,14,14,0,75,\N,\N,\N,\N,\N,\N,12
3538,185,37,21,14,20,15,15,15,0,75,\N,\N,\N,\N,\N,\N,12
3539,185,55,15,11,11,16,16,16,0,74,\N,\N,\N,\N,\N,\N,32
3540,185,48,18,21,22,17,17,17,0,74,\N,\N,\N,\N,\N,\N,13
3541,185,35,16,22,9,\N,R,18,0,60,\N,\N,\N,\N,\N,\N,8
3542,185,21,22,9,4,\N,R,19,0,52,\N,\N,\N,\N,\N,\N,5
3543,185,68,21,15,21,\N,R,20,0,26,\N,\N,\N,\N,\N,\N,7
3544,185,64,15,12,12,\N,R,21,0,19,\N,\N,\N,\N,\N,\N,20
3545,185,70,3,5,15,\N,R,22,0,10,\N,\N,\N,\N,\N,\N,24
3546,186,14,1,2,2,1,1,1,10,44,1:25:43.057,5143057,\N,\N,\N,\N,1
3547,186,57,1,1,1,2,2,2,6,44,+10.469,5153526,\N,\N,\N,\N,1
3548,186,49,17,8,3,3,3,3,4,44,+33.433,5176490,\N,\N,\N,\N,1
3549,186,56,6,4,6,4,4,4,3,44,+44.948,5188005,\N,\N,\N,\N,1
3550,186,23,3,6,5,5,5,5,2,44,+48.067,5191124,\N,\N,\N,\N,1
3551,186,71,17,7,4,6,6,6,1,44,+54.916,5197973,\N,\N,\N,\N,1
3552,186,63,6,3,9,7,7,7,0,44,+56.249,5199306,\N,\N,\N,\N,1
3553,186,70,3,5,8,8,8,8,0,44,+67.022,5210079,\N,\N,\N,\N,1
3554,186,55,15,11,16,9,9,9,0,44,+73.848,5216905,\N,\N,\N,\N,1
3555,186,22,24,16,7,10,10,10,0,44,+80.742,5223799,\N,\N,\N,\N,1
3556,186,21,22,9,13,11,11,11,0,44,+92.195,5235252,\N,\N,\N,\N,1
3557,186,15,20,19,12,12,12,12,0,44,+96.154,5239211,\N,\N,\N,\N,1
3558,186,44,20,18,17,13,13,13,0,44,+101.543,5244600,\N,\N,\N,\N,1
3559,186,25,22,10,15,14,14,14,0,44,+117.745,5260802,\N,\N,\N,\N,1
3560,186,35,16,22,11,15,15,15,0,43,\N,\N,\N,\N,\N,\N,11
3561,186,48,18,21,21,16,16,16,0,43,\N,\N,\N,\N,\N,\N,11
3562,186,37,21,14,22,\N,R,17,0,35,\N,\N,\N,\N,\N,\N,7
3563,186,69,18,20,20,\N,R,18,0,33,\N,\N,\N,\N,\N,\N,22
3564,186,41,16,23,14,\N,R,19,0,33,\N,\N,\N,\N,\N,\N,6
3565,186,65,24,17,10,\N,R,20,0,27,\N,\N,\N,\N,\N,\N,23
3566,186,64,15,12,18,\N,R,21,0,19,\N,\N,\N,\N,\N,\N,20
3567,186,68,21,15,19,\N,R,22,0,0,\N,\N,\N,\N,\N,\N,8
3568,187,49,17,8,2,1,1,1,10,53,1:17:02.923,4622923,\N,\N,\N,\N,1
3569,187,23,3,6,5,2,2,2,6,53,+3.272,4626195,\N,\N,\N,\N,1
3570,187,63,6,3,6,3,3,3,4,53,+11.932,4634855,\N,\N,\N,\N,1
3571,187,22,24,16,7,4,4,4,3,53,+17.630,4640553,\N,\N,\N,\N,1
3572,187,14,1,2,3,5,5,5,2,53,+18.142,4641065,\N,\N,\N,\N,1
3573,187,56,6,4,8,6,6,6,1,53,+27.402,4650325,\N,\N,\N,\N,1
3574,187,70,3,5,4,7,7,7,0,53,+28.047,4650970,\N,\N,\N,\N,1
3575,187,35,16,22,11,8,8,8,0,53,+41.797,4664720,\N,\N,\N,\N,1
3576,187,55,15,11,13,9,9,9,0,53,+42.198,4665121,\N,\N,\N,\N,1
3577,187,71,17,7,9,10,10,10,0,53,+56.259,4679182,\N,\N,\N,\N,1
3578,187,44,20,18,10,11,11,11,0,52,\N,\N,\N,\N,\N,\N,5
3579,187,65,24,17,15,\N,R,12,0,40,\N,\N,\N,\N,\N,\N,8
3580,187,68,21,15,22,\N,R,13,0,35,\N,\N,\N,\N,\N,\N,20
3581,187,37,21,14,21,\N,R,14,0,35,\N,\N,\N,\N,\N,\N,54
3582,187,57,1,1,1,\N,R,15,0,29,\N,\N,\N,\N,\N,\N,20
3583,187,15,20,19,12,\N,R,16,0,29,\N,\N,\N,\N,\N,\N,25
3584,187,41,16,23,18,\N,R,17,0,25,\N,\N,\N,\N,\N,\N,67
3585,187,69,18,20,19,\N,R,18,0,23,\N,\N,\N,\N,\N,\N,4
3586,187,25,22,10,14,\N,R,19,0,11,\N,\N,\N,\N,\N,\N,10
3587,187,64,15,12,16,\N,R,20,0,1,\N,\N,\N,\N,\N,\N,20
3588,187,21,22,9,17,\N,R,21,0,1,\N,\N,\N,\N,\N,\N,20
3589,187,48,18,21,20,\N,R,22,0,0,\N,\N,\N,\N,\N,\N,4
3590,188,65,24,17,14,1,1,1,10,66,1:41:54.314,6114314,\N,\N,\N,\N,1
3591,188,15,20,19,10,2,2,2,6,66,+22.618,6136932,\N,\N,\N,\N,1
3592,188,22,24,16,15,3,3,3,4,66,+22.865,6137179,\N,\N,\N,\N,1
3593,188,23,3,6,4,4,4,4,3,66,+39.507,6153821,\N,\N,\N,\N,1
3594,188,57,1,1,3,5,5,5,2,66,+62.950,6177264,\N,\N,\N,\N,1
3595,188,48,18,21,20,6,6,6,1,66,+65.154,6179468,\N,\N,\N,\N,1
3596,188,56,6,4,9,7,7,7,0,66,+66.683,6180997,\N,\N,\N,\N,1
3597,188,41,16,23,17,8,8,8,0,65,\N,\N,\N,\N,\N,\N,11
3598,188,44,20,18,5,9,9,9,0,65,\N,\N,\N,\N,\N,\N,11
3599,188,35,16,22,8,10,10,10,0,61,\N,\N,\N,\N,\N,\N,8
3600,188,69,18,20,19,\N,R,11,0,53,\N,\N,\N,\N,\N,\N,6
3601,188,37,21,14,22,\N,R,12,0,52,\N,\N,\N,\N,\N,\N,6
3602,188,21,22,9,6,\N,R,13,0,48,\N,\N,\N,\N,\N,\N,20
3603,188,63,6,3,12,\N,R,14,0,44,\N,\N,\N,\N,\N,\N,23
3604,188,68,21,15,21,\N,R,15,0,42,\N,\N,\N,\N,\N,\N,20
3605,188,14,1,2,2,\N,R,16,0,37,\N,\N,\N,\N,\N,\N,20
3606,188,55,15,11,16,\N,R,17,0,35,\N,\N,\N,\N,\N,\N,86
3607,188,49,17,8,1,\N,R,18,0,32,\N,\N,\N,\N,\N,\N,10
3608,188,70,3,5,18,\N,R,19,0,10,\N,\N,\N,\N,\N,\N,4
3609,188,71,17,7,7,\N,R,20,0,0,\N,\N,\N,\N,\N,\N,10
3610,188,25,22,10,11,\N,R,21,0,0,\N,\N,\N,\N,\N,\N,4
3611,188,64,15,12,13,\N,R,22,0,0,\N,\N,\N,\N,\N,\N,4
3612,189,56,6,4,2,1,1,1,10,56,1:36:38.494,5798494,\N,\N,\N,\N,1
3613,189,30,6,3,1,2,2,2,6,56,+1.040,5799534,\N,\N,\N,\N,1
3614,189,57,1,1,4,3,3,3,4,56,+9.743,5808237,\N,\N,\N,\N,1
3615,189,65,24,17,5,4,4,4,3,56,+17.538,5816032,\N,\N,\N,\N,1
3616,189,22,24,16,6,5,5,5,2,56,+32.296,5830790,\N,\N,\N,\N,1
3617,189,49,17,8,14,6,6,6,1,56,+34.884,5833378,\N,\N,\N,\N,1
3618,189,55,15,11,15,7,7,7,0,56,+54.408,5852902,\N,\N,\N,\N,1
3619,189,25,22,10,7,8,8,8,0,56,+60.934,5859428,\N,\N,\N,\N,1
3620,189,48,18,21,19,9,9,9,0,55,\N,\N,\N,\N,\N,\N,11
3621,189,70,3,5,16,10,10,10,0,55,\N,\N,\N,\N,\N,\N,11
3622,189,21,22,9,11,11,11,11,0,52,\N,\N,\N,\N,\N,\N,14
3623,189,35,16,22,10,\N,R,12,0,48,\N,\N,\N,\N,\N,\N,9
3624,189,64,15,12,17,\N,R,13,0,44,\N,\N,\N,\N,\N,\N,20
3625,189,37,21,14,20,\N,R,14,0,30,\N,\N,\N,\N,\N,\N,5
3626,189,69,18,20,21,\N,R,15,0,15,\N,\N,\N,\N,\N,\N,20
3627,189,14,1,2,3,\N,R,16,0,14,\N,\N,\N,\N,\N,\N,32
3628,189,23,3,6,8,\N,R,17,0,7,\N,\N,\N,\N,\N,\N,20
3629,189,68,21,15,22,\N,R,18,0,7,\N,\N,\N,\N,\N,\N,7
3630,189,41,16,23,13,\N,R,19,0,6,\N,\N,\N,\N,\N,\N,5
3631,189,44,20,18,12,\N,R,20,0,5,\N,\N,\N,\N,\N,\N,5
3632,189,71,17,7,9,\N,R,21,0,0,\N,\N,\N,\N,\N,\N,4
3633,189,15,20,19,18,\N,W,22,0,0,\N,\N,\N,\N,\N,\N,5
3634,190,57,1,1,2,1,1,1,10,53,1:31:18.785,5478785,\N,\N,\N,\N,1
3635,190,30,6,3,1,2,2,2,6,53,+5.015,5483800,\N,\N,\N,\N,1
3636,190,56,6,4,5,3,3,3,4,53,+95.688,5574473,\N,\N,\N,\N,1
3637,190,49,17,8,4,4,4,4,3,53,+98.635,5577420,\N,\N,\N,\N,1
3638,190,23,3,6,9,5,5,5,2,53,+99.494,5578279,\N,\N,\N,\N,1
3639,190,55,15,11,10,6,6,6,1,52,\N,\N,\N,\N,\N,\N,11
3640,190,65,24,17,8,7,7,7,0,52,\N,\N,\N,\N,\N,\N,11
3641,190,22,24,16,13,8,8,8,0,52,\N,\N,\N,\N,\N,\N,11
3642,190,35,16,22,11,9,9,9,0,52,\N,\N,\N,\N,\N,\N,11
3643,190,25,22,10,15,10,10,10,0,52,\N,\N,\N,\N,\N,\N,11
3644,190,64,15,12,17,11,11,11,0,52,\N,\N,\N,\N,\N,\N,11
3645,190,41,16,23,18,12,12,12,0,52,\N,\N,\N,\N,\N,\N,11
3646,190,37,21,14,21,13,13,13,0,51,\N,\N,\N,\N,\N,\N,12
3647,190,21,22,9,14,14,14,14,0,47,\N,\N,\N,\N,\N,\N,5
3648,190,68,21,15,19,\N,R,15,0,43,\N,\N,\N,\N,\N,\N,6
3649,190,69,18,20,22,\N,R,16,0,43,\N,\N,\N,\N,\N,\N,5
3650,190,14,1,2,3,\N,R,17,0,39,\N,\N,\N,\N,\N,\N,9
3651,190,48,18,21,20,\N,R,18,0,31,\N,\N,\N,\N,\N,\N,6
3652,190,71,17,7,12,\N,R,19,0,21,\N,\N,\N,\N,\N,\N,68
3653,190,44,20,18,6,\N,R,20,0,19,\N,\N,\N,\N,\N,\N,91
3654,190,15,20,19,7,\N,R,21,0,3,\N,\N,\N,\N,\N,\N,5
3655,190,70,3,5,8,\N,R,22,0,0,\N,\N,\N,\N,\N,\N,10
3656,191,57,1,8,1,1,1,1,10,58,1:31:45.996,5505996,\N,\N,\N,\N,1
3657,191,14,1,7,2,2,2,2,6,58,+0.702,5506698,\N,\N,\N,\N,1
3658,191,49,3,2,6,3,3,3,4,57,\N,\N,\N,\N,\N,\N,11
3659,191,56,6,4,8,4,4,4,3,57,\N,\N,\N,\N,\N,\N,11
3660,191,35,3,1,4,5,5,5,2,57,\N,\N,\N,\N,\N,\N,11
3661,191,65,15,15,5,6,6,6,1,57,\N,\N,\N,\N,\N,\N,11
3662,191,25,22,6,11,7,7,7,0,57,\N,\N,\N,\N,\N,\N,11
3663,191,71,17,9,10,8,8,8,0,57,\N,\N,\N,\N,\N,\N,11
3664,191,44,20,11,21,9,9,9,0,57,\N,\N,\N,\N,\N,\N,11
3665,191,21,22,5,7,\N,R,10,0,43,\N,\N,\N,\N,\N,\N,41
3666,191,55,15,14,12,\N,R,11,0,41,\N,\N,\N,\N,\N,\N,5
3667,191,15,20,12,15,\N,R,12,0,26,\N,\N,\N,\N,\N,\N,6
3668,191,73,25,20,19,\N,R,13,0,25,\N,\N,\N,\N,\N,\N,6
3669,191,63,21,17,16,\N,R,14,0,23,\N,\N,\N,\N,\N,\N,6
3670,191,74,18,23,17,\N,R,15,0,22,\N,\N,\N,\N,\N,\N,5
3671,191,75,18,22,22,\N,R,16,0,8,\N,\N,\N,\N,\N,\N,86
3672,191,30,6,3,3,\N,R,17,0,5,\N,\N,\N,\N,\N,\N,5
3673,191,64,21,16,20,\N,R,18,0,2,\N,\N,\N,\N,\N,\N,6
3674,191,23,17,10,9,\N,R,19,0,1,\N,\N,\N,\N,\N,\N,4
3675,191,76,24,19,18,\N,R,20,0,1,\N,\N,\N,\N,\N,\N,4
3676,191,68,25,21,13,\N,R,21,0,1,\N,\N,\N,\N,\N,\N,20
3677,191,22,24,18,14,\N,R,22,0,0,\N,\N,\N,\N,\N,\N,6
3678,192,57,1,8,1,1,1,1,10,72,1:37:11.747,5831747,\N,\N,\N,\N,1
3679,192,14,1,7,2,2,2,2,6,72,+1.102,5832849,\N,\N,\N,\N,1
3680,192,30,6,3,4,3,3,3,4,72,+60.550,5892297,\N,\N,\N,\N,1
3681,192,25,22,6,5,4,4,4,3,72,+67.453,5899200,\N,\N,\N,\N,1
3682,192,49,3,2,3,5,5,5,2,71,\N,\N,\N,\N,\N,\N,11
3683,192,21,22,5,7,6,6,6,1,71,\N,\N,\N,\N,\N,\N,11
3684,192,35,3,1,10,7,7,7,0,71,\N,\N,\N,\N,\N,\N,11
3685,192,56,6,4,6,8,8,8,0,71,\N,\N,\N,\N,\N,\N,11
3686,192,55,15,14,15,9,9,9,0,71,\N,\N,\N,\N,\N,\N,11
3687,192,76,24,19,16,10,10,10,0,70,\N,\N,\N,\N,\N,\N,12
3688,192,65,15,15,14,11,11,11,0,67,\N,\N,\N,\N,\N,\N,82
3689,192,71,17,9,11,\N,D,12,0,70,\N,\N,\N,\N,\N,\N,2
3690,192,44,20,11,9,\N,R,13,0,63,\N,\N,\N,\N,\N,\N,5
3691,192,22,24,18,13,\N,R,14,0,56,\N,\N,\N,\N,\N,\N,6
3692,192,73,25,20,21,\N,R,15,0,52,\N,\N,\N,\N,\N,\N,6
3693,192,74,18,23,19,\N,R,16,0,44,\N,\N,\N,\N,\N,\N,37
3694,192,64,21,16,22,\N,R,17,0,26,\N,\N,\N,\N,\N,\N,6
3695,192,68,25,21,17,\N,R,18,0,19,\N,\N,\N,\N,\N,\N,5
3696,192,63,21,17,20,\N,R,19,0,18,\N,\N,\N,\N,\N,\N,5
3697,192,15,20,12,12,\N,R,20,0,17,\N,\N,\N,\N,\N,\N,48
3698,192,75,18,22,18,\N,R,21,0,3,\N,\N,\N,\N,\N,\N,20
3699,192,23,17,10,8,\N,R,22,0,0,\N,\N,\N,\N,\N,\N,20
3700,193,30,6,3,2,1,1,1,10,72,1:48:36.175,6516175,\N,\N,\N,\N,1
3701,193,57,1,8,3,2,2,2,6,72,+22.899,6539074,\N,\N,\N,\N,1
3702,193,56,6,4,4,3,3,3,4,72,+57.745,6573920,\N,\N,\N,\N,1
3703,193,25,22,6,8,4,4,4,3,72,+68.134,6584309,\N,\N,\N,\N,1
3704,193,55,15,14,11,5,5,5,2,72,+78.286,6594461,\N,\N,\N,\N,1
3705,193,14,1,7,1,6,6,6,1,72,+79.751,6595926,\N,\N,\N,\N,1
3706,193,21,22,5,10,7,7,7,0,72,+88.438,6604613,\N,\N,\N,\N,1
3707,193,71,17,9,9,8,8,8,0,71,\N,\N,\N,\N,\N,\N,11
3708,193,49,3,2,6,9,9,9,0,71,\N,\N,\N,\N,\N,\N,11
3709,193,22,24,18,14,10,10,10,0,70,\N,\N,\N,\N,\N,\N,12
3710,193,15,20,12,16,11,11,11,0,70,\N,\N,\N,\N,\N,\N,12
3711,193,68,25,21,13,12,12,12,0,70,\N,\N,\N,\N,\N,\N,12
3712,193,75,18,22,19,13,13,13,0,69,\N,\N,\N,\N,\N,\N,13
3713,193,73,25,20,21,14,14,14,0,68,\N,\N,\N,\N,\N,\N,14
3714,193,44,20,11,15,15,15,15,0,65,\N,\N,\N,\N,\N,\N,5
3715,193,74,18,23,20,\N,R,16,0,63,\N,\N,\N,\N,\N,\N,20
3716,193,35,3,1,7,\N,R,17,0,52,\N,\N,\N,\N,\N,\N,4
3717,193,65,15,15,12,\N,R,18,0,46,\N,\N,\N,\N,\N,\N,4
3718,193,23,17,10,5,\N,R,19,0,22,\N,\N,\N,\N,\N,\N,22
3719,193,63,21,17,17,\N,R,20,0,18,\N,\N,\N,\N,\N,\N,6
3720,193,76,24,19,22,\N,R,21,0,17,\N,\N,\N,\N,\N,\N,7
3721,193,64,21,16,18,\N,R,22,0,13,\N,\N,\N,\N,\N,\N,6
3722,194,14,1,7,1,1,1,1,10,62,1:34:24.593,5664593,\N,\N,\N,\N,1
3723,194,30,6,3,3,2,2,2,6,62,+4.554,5669147,\N,\N,\N,\N,1
3724,194,56,6,4,4,3,3,3,4,62,+51.776,5716369,\N,\N,\N,\N,1
3725,194,35,3,1,6,4,4,4,3,62,+54.590,5719183,\N,\N,\N,\N,1
3726,194,49,3,2,8,5,5,5,2,62,+77.477,5742070,\N,\N,\N,\N,1
3727,194,55,15,14,12,6,6,6,1,61,\N,\N,\N,\N,\N,\N,11
3728,194,23,17,10,9,7,7,7,0,60,\N,\N,\N,\N,\N,\N,12
3729,194,74,18,23,19,8,8,8,0,60,\N,\N,\N,\N,\N,\N,12
3730,194,63,21,17,14,9,9,9,0,60,\N,\N,\N,\N,\N,\N,12
3731,194,71,17,9,7,10,10,10,0,57,\N,\N,\N,\N,\N,\N,9
3732,194,44,20,11,13,11,11,11,0,56,\N,\N,\N,\N,\N,\N,16
3733,194,73,25,20,22,\N,R,12,0,48,\N,\N,\N,\N,\N,\N,5
3734,194,68,25,21,15,\N,R,13,0,40,\N,\N,\N,\N,\N,\N,5
3735,194,15,20,12,16,\N,R,14,0,34,\N,\N,\N,\N,\N,\N,37
3736,194,75,18,22,21,\N,R,15,0,27,\N,\N,\N,\N,\N,\N,5
3737,194,64,21,16,18,\N,R,16,0,18,\N,\N,\N,\N,\N,\N,5
3738,194,57,1,8,2,\N,R,17,0,17,\N,\N,\N,\N,\N,\N,6
3739,194,21,22,5,10,\N,R,18,0,17,\N,\N,\N,\N,\N,\N,20
3740,194,25,22,6,5,\N,R,19,0,17,\N,\N,\N,\N,\N,\N,5
3741,194,65,15,15,11,\N,R,20,0,12,\N,\N,\N,\N,\N,\N,29
3742,194,76,24,19,20,\N,R,21,0,8,\N,\N,\N,\N,\N,\N,7
3743,194,22,24,18,17,\N,R,22,0,0,\N,\N,\N,\N,\N,\N,20
3744,195,57,1,8,1,1,1,1,10,65,1:33:37.621,5617621,\N,\N,\N,\N,1
3745,195,14,1,7,2,2,2,2,6,65,+9.439,5627060,\N,\N,\N,\N,1
3746,195,30,6,3,3,3,3,3,4,65,+47.094,5664715,\N,\N,\N,\N,1
3747,195,25,22,6,5,4,4,4,3,65,+62.538,5680159,\N,\N,\N,\N,1
3748,195,22,24,18,9,5,5,5,2,64,\N,\N,\N,\N,\N,\N,11
3749,195,35,3,1,10,6,6,6,1,64,\N,\N,\N,\N,\N,\N,11
3750,195,65,15,15,7,7,7,7,0,64,\N,\N,\N,\N,\N,\N,11
3751,195,49,3,2,13,8,8,8,0,63,\N,\N,\N,\N,\N,\N,12
3752,195,15,20,12,16,9,9,9,0,63,\N,\N,\N,\N,\N,\N,12
3753,195,55,15,14,14,10,10,10,0,63,\N,\N,\N,\N,\N,\N,12
3754,195,23,17,10,11,11,11,11,0,63,\N,\N,\N,\N,\N,\N,12
3755,195,76,24,19,18,12,12,12,0,63,\N,\N,\N,\N,\N,\N,12
3756,195,68,25,21,21,13,13,13,0,63,\N,\N,\N,\N,\N,\N,12
3757,195,75,18,22,20,14,14,14,0,63,\N,\N,\N,\N,\N,\N,12
3758,195,74,18,23,19,15,15,15,0,63,\N,\N,\N,\N,\N,\N,12
3759,195,44,20,11,12,16,16,16,0,60,\N,\N,\N,\N,\N,\N,15
3760,195,71,17,9,8,\N,R,17,0,46,\N,\N,\N,\N,\N,\N,5
3761,195,56,6,4,6,\N,R,18,0,28,\N,\N,\N,\N,\N,\N,4
3762,195,21,22,5,4,\N,R,19,0,28,\N,\N,\N,\N,\N,\N,4
3763,195,63,21,17,17,\N,R,20,0,21,\N,\N,\N,\N,\N,\N,5
3764,195,64,21,16,15,\N,R,21,0,20,\N,\N,\N,\N,\N,\N,5
3765,196,57,1,8,1,1,1,1,10,78,1:51:23.595,6683595,\N,\N,\N,\N,1
3766,196,21,22,5,3,2,2,2,6,78,+11.475,6695070,\N,\N,\N,\N,1
3767,196,56,6,4,7,3,3,3,4,78,+41.378,6724973,\N,\N,\N,\N,1
3768,196,63,21,17,8,4,4,4,3,78,+60.363,6743958,\N,\N,\N,\N,1
3769,196,35,3,1,13,5,5,5,2,77,\N,\N,\N,\N,\N,\N,11
3770,196,64,21,16,12,6,6,6,1,77,\N,\N,\N,\N,\N,\N,11
3771,196,65,15,15,9,7,7,7,0,77,\N,\N,\N,\N,\N,\N,11
3772,196,71,17,9,15,8,8,8,0,76,\N,\N,\N,\N,\N,\N,12
3773,196,75,18,22,19,9,9,9,0,76,\N,\N,\N,\N,\N,\N,12
3774,196,30,6,3,4,10,10,10,0,76,\N,\N,\N,\N,\N,\N,12
3775,196,68,25,21,20,11,11,11,0,76,\N,\N,\N,\N,\N,\N,12
3776,196,55,15,14,11,12,12,12,0,72,\N,\N,\N,\N,\N,\N,6
3777,196,15,20,12,10,\N,R,13,0,56,\N,\N,\N,\N,\N,\N,6
3778,196,44,20,11,18,\N,R,14,0,49,\N,\N,\N,\N,\N,\N,36
3779,196,23,17,10,16,\N,R,15,0,44,\N,\N,\N,\N,\N,\N,22
3780,196,25,22,6,6,\N,R,16,0,42,\N,\N,\N,\N,\N,\N,20
3781,196,76,24,19,17,\N,R,17,0,30,\N,\N,\N,\N,\N,\N,22
3782,196,14,1,7,2,\N,R,18,0,17,\N,\N,\N,\N,\N,\N,5
3783,196,22,24,18,14,\N,R,19,0,11,\N,\N,\N,\N,\N,\N,22
3784,196,49,3,2,5,\N,R,20,0,5,\N,\N,\N,\N,\N,\N,4
3785,196,74,18,23,21,\N,R,21,0,0,\N,\N,\N,\N,\N,\N,20
3786,196,73,25,20,0,\N,F,22,0,0,\N,\N,\N,\N,\N,\N,81
3787,197,30,6,3,3,1,1,1,10,69,1:40:57.355,6057355,\N,\N,\N,\N,1
3788,197,21,22,5,4,2,2,2,6,69,+16.662,6074017,\N,\N,\N,\N,1
3789,197,56,6,4,8,3,3,3,4,69,+60.058,6117413,\N,\N,\N,\N,1
3790,197,25,22,6,11,4,4,4,3,69,+63.232,6120587,\N,\N,\N,\N,1
3791,197,22,24,18,13,5,5,5,2,69,+81.512,6138867,\N,\N,\N,\N,1
3792,197,76,24,19,20,6,6,6,1,68,\N,\N,\N,\N,\N,\N,11
3793,197,75,18,22,18,7,7,7,0,68,\N,\N,\N,\N,\N,\N,11
3794,197,73,25,20,22,8,8,8,0,68,\N,\N,\N,\N,\N,\N,11
3795,197,64,21,16,19,9,9,9,0,68,\N,\N,\N,\N,\N,\N,11
3796,197,35,3,1,6,10,10,10,0,63,\N,\N,\N,\N,\N,\N,16
3797,197,74,18,23,21,\N,R,11,0,53,\N,\N,\N,\N,\N,\N,10
3798,197,71,17,9,10,\N,R,12,0,42,\N,\N,\N,\N,\N,\N,10
3799,197,44,20,11,15,\N,R,13,0,39,\N,\N,\N,\N,\N,\N,20
3800,197,49,3,2,7,\N,R,14,0,20,\N,\N,\N,\N,\N,\N,20
3801,197,14,1,7,1,\N,R,15,0,18,\N,\N,\N,\N,\N,\N,37
3802,197,65,15,15,12,\N,R,16,0,18,\N,\N,\N,\N,\N,\N,20
3803,197,63,21,17,17,\N,R,17,0,18,\N,\N,\N,\N,\N,\N,3
3804,197,57,1,8,2,\N,R,18,0,0,\N,\N,\N,\N,\N,\N,6
3805,197,23,17,10,5,\N,R,19,0,0,\N,\N,\N,\N,\N,\N,6
3806,197,55,15,14,9,\N,R,20,0,0,\N,\N,\N,\N,\N,\N,4
3807,197,15,20,12,14,\N,R,21,0,0,\N,\N,\N,\N,\N,\N,4
3808,197,68,25,21,16,\N,R,22,0,0,\N,\N,\N,\N,\N,\N,7
3809,198,30,6,3,2,1,1,1,10,71,1:34:45.026,5685026,\N,\N,\N,\N,1
3810,198,56,6,4,4,2,2,2,6,71,+19.575,5704601,\N,\N,\N,\N,1
3811,198,57,1,8,1,3,3,3,4,71,+19.747,5704773,\N,\N,\N,\N,1
3812,198,35,3,1,5,4,4,4,3,71,+66.965,5751991,\N,\N,\N,\N,1
3813,198,25,22,6,10,5,5,5,2,70,\N,\N,\N,\N,\N,\N,11
3814,198,14,1,7,3,6,6,6,1,70,\N,\N,\N,\N,\N,\N,11
3815,198,55,15,14,11,7,7,7,0,70,\N,\N,\N,\N,\N,\N,11
3816,198,65,15,15,13,8,8,8,0,70,\N,\N,\N,\N,\N,\N,11
3817,198,21,22,5,9,9,9,9,0,70,\N,\N,\N,\N,\N,\N,11
3818,198,22,24,18,14,10,10,10,0,69,\N,\N,\N,\N,\N,\N,12
3819,198,44,20,11,16,11,11,11,0,69,\N,\N,\N,\N,\N,\N,12
3820,198,50,24,19,15,12,12,12,0,69,\N,\N,\N,\N,\N,\N,12
3821,198,63,21,17,19,13,13,13,0,69,\N,\N,\N,\N,\N,\N,12
3822,198,64,21,16,17,14,14,14,0,69,\N,\N,\N,\N,\N,\N,12
3823,198,49,3,2,8,15,15,15,0,68,\N,\N,\N,\N,\N,\N,22
3824,198,23,17,10,6,16,16,16,0,68,\N,\N,\N,\N,\N,\N,13
3825,198,75,18,22,21,17,17,17,0,65,\N,\N,\N,\N,\N,\N,5
3826,198,68,25,21,20,\N,R,18,0,60,\N,\N,\N,\N,\N,\N,5
3827,198,15,20,12,12,\N,R,19,0,55,\N,\N,\N,\N,\N,\N,20
3828,198,74,18,23,22,\N,R,20,0,41,\N,\N,\N,\N,\N,\N,6
3829,198,71,17,9,7,\N,R,21,0,19,\N,\N,\N,\N,\N,\N,9
3830,198,73,25,20,18,\N,R,22,0,16,\N,\N,\N,\N,\N,\N,9
3831,199,30,6,3,2,1,1,1,10,60,1:47:02.450,6422450,\N,\N,\N,\N,1
3832,199,57,1,8,1,2,2,2,6,60,+22.465,6444915,\N,\N,\N,\N,1
3833,199,56,6,4,5,3,3,3,4,60,+29.199,6451649,\N,\N,\N,\N,1
3834,199,25,22,6,11,4,4,4,3,59,\N,\N,\N,\N,\N,\N,11
3835,199,21,22,5,10,5,5,5,2,59,\N,\N,\N,\N,\N,\N,11
3836,199,23,17,10,21,6,6,6,1,59,\N,\N,\N,\N,\N,\N,11
3837,199,35,3,1,3,7,7,7,0,59,\N,\N,\N,\N,\N,\N,11
3838,199,75,18,22,19,8,8,8,0,58,\N,\N,\N,\N,\N,\N,12
3839,199,68,25,21,17,9,9,9,0,56,\N,\N,\N,\N,\N,\N,14
3840,199,55,15,14,8,\N,R,10,0,53,\N,\N,\N,\N,\N,\N,10
3841,199,64,21,16,12,\N,R,11,0,45,\N,\N,\N,\N,\N,\N,20
3842,199,44,20,11,22,\N,R,12,0,40,\N,\N,\N,\N,\N,\N,20
3843,199,22,24,18,16,\N,R,13,0,39,\N,\N,\N,\N,\N,\N,20
3844,199,50,24,19,15,\N,R,14,0,38,\N,\N,\N,\N,\N,\N,5
3845,199,14,1,7,4,\N,R,15,0,37,\N,\N,\N,\N,\N,\N,20
3846,199,15,20,12,14,\N,R,16,0,37,\N,\N,\N,\N,\N,\N,20
3847,199,73,25,20,20,\N,R,17,0,29,\N,\N,\N,\N,\N,\N,20
3848,199,74,18,23,18,\N,R,18,0,29,\N,\N,\N,\N,\N,\N,20
3849,199,65,15,15,9,\N,R,19,0,27,\N,\N,\N,\N,\N,\N,20
3850,199,63,21,17,13,\N,R,20,0,27,\N,\N,\N,\N,\N,\N,37
3851,199,49,3,2,6,\N,R,21,0,15,\N,\N,\N,\N,\N,\N,20
3852,199,71,17,9,7,\N,R,22,0,13,\N,\N,\N,\N,\N,\N,20
3853,200,57,1,8,3,1,1,1,10,71,1:30:44.086,5444086,\N,\N,\N,\N,1
3854,200,14,1,7,14,2,2,2,6,71,+5.289,5449375,\N,\N,\N,\N,1
3855,200,30,6,3,4,3,3,3,4,71,+39.093,5483179,\N,\N,\N,\N,1
3856,200,56,6,4,8,4,4,4,3,71,+43.977,5488063,\N,\N,\N,\N,1
3857,200,23,17,10,9,5,5,5,2,71,+50.655,5494741,\N,\N,\N,\N,1
3858,200,35,3,1,11,6,6,6,1,71,+53.202,5497288,\N,\N,\N,\N,1
3859,200,71,17,9,15,7,7,7,0,71,+73.624,5517710,\N,\N,\N,\N,1
3860,200,65,15,15,18,8,8,8,0,70,\N,\N,\N,\N,\N,\N,11
3861,200,25,22,6,17,9,9,9,0,70,\N,\N,\N,\N,\N,\N,11
3862,200,15,20,12,16,10,10,10,0,70,\N,\N,\N,\N,\N,\N,11
3863,200,75,18,22,21,11,11,11,0,70,\N,\N,\N,\N,\N,\N,11
3864,200,73,25,20,22,12,12,12,0,69,\N,\N,\N,\N,\N,\N,12
3865,200,50,24,19,12,\N,R,13,0,51,\N,\N,\N,\N,\N,\N,5
3866,200,74,18,23,19,\N,R,14,0,30,\N,\N,\N,\N,\N,\N,20
3867,200,21,22,5,1,\N,R,15,0,21,\N,\N,\N,\N,\N,\N,4
3868,200,55,15,14,2,\N,R,16,0,21,\N,\N,\N,\N,\N,\N,4
3869,200,49,3,2,7,\N,R,17,0,16,\N,\N,\N,\N,\N,\N,5
3870,200,22,24,18,5,\N,R,18,0,8,\N,\N,\N,\N,\N,\N,23
3871,200,64,21,16,13,\N,R,19,0,3,\N,\N,\N,\N,\N,\N,4
3872,200,63,21,17,6,\N,R,20,0,1,\N,\N,\N,\N,\N,\N,4
3873,200,44,20,11,10,\N,R,21,0,0,\N,\N,\N,\N,\N,\N,8
3874,200,68,25,21,20,\N,R,22,0,0,\N,\N,\N,\N,\N,\N,4
3875,201,57,1,8,1,1,1,1,10,45,1:20:47.984,4847984,\N,\N,\N,\N,1
3876,201,14,1,7,2,2,2,2,6,45,+0.427,4848411,\N,\N,\N,\N,1
3877,201,35,3,1,3,3,3,3,4,45,+2.578,4850562,\N,\N,\N,\N,1
3878,201,71,17,9,5,4,4,4,3,45,+7.185,4855169,\N,\N,\N,\N,1
3879,201,30,6,3,9,5,5,5,2,45,+12.613,4860597,\N,\N,\N,\N,1
3880,201,23,17,10,4,6,6,6,1,45,+29.739,4877723,\N,\N,\N,\N,1
3881,201,21,22,5,8,7,7,7,0,45,+31.027,4879011,\N,\N,\N,\N,1
3882,201,56,6,4,6,8,8,8,0,45,+31.650,4879634,\N,\N,\N,\N,1
3883,201,49,3,2,10,9,9,9,0,45,+32.785,4880769,\N,\N,\N,\N,1
3884,201,55,15,14,11,10,10,10,0,45,+48.372,4896356,\N,\N,\N,\N,1
3885,201,25,22,6,7,11,11,11,0,45,+57.995,4905979,\N,\N,\N,\N,1
3886,201,15,20,12,14,12,12,12,0,44,\N,\N,\N,\N,\N,\N,11
3887,201,68,25,21,15,13,13,13,0,44,\N,\N,\N,\N,\N,\N,11
3888,201,63,21,17,17,14,14,14,0,44,\N,\N,\N,\N,\N,\N,11
3889,201,44,20,11,16,15,15,15,0,44,\N,\N,\N,\N,\N,\N,11
3890,201,74,18,23,21,16,16,16,0,43,\N,\N,\N,\N,\N,\N,12
3891,201,65,15,15,12,\N,R,17,0,37,\N,\N,\N,\N,\N,\N,6
3892,201,75,18,22,20,\N,R,18,0,36,\N,\N,\N,\N,\N,\N,6
3893,201,22,24,18,13,\N,R,19,0,27,\N,\N,\N,\N,\N,\N,6
3894,201,50,24,19,19,\N,R,20,0,24,\N,\N,\N,\N,\N,\N,6
3895,201,64,21,16,18,\N,R,21,0,2,\N,\N,\N,\N,\N,\N,37
3896,202,30,6,3,3,1,1,1,10,77,1:45:25.550,6325550,\N,\N,\N,\N,1
3897,202,14,1,7,2,2,2,2,6,77,+9.433,6334983,\N,\N,\N,\N,1
3898,202,35,3,1,6,3,3,3,4,77,+44.444,6369994,\N,\N,\N,\N,1
3899,202,71,17,9,4,4,4,4,3,77,+55.075,6380625,\N,\N,\N,\N,1
3900,202,49,3,2,7,5,5,5,2,77,+56.510,6382060,\N,\N,\N,\N,1
3901,202,57,1,8,1,6,6,6,1,76,\N,\N,\N,\N,\N,\N,11
3902,202,55,15,14,11,7,7,7,0,76,\N,\N,\N,\N,\N,\N,11
3903,202,21,22,5,8,8,8,8,0,76,\N,\N,\N,\N,\N,\N,11
3904,202,23,17,10,10,9,9,9,0,76,\N,\N,\N,\N,\N,\N,11
3905,202,65,15,15,15,10,10,10,0,76,\N,\N,\N,\N,\N,\N,11
3906,202,64,21,16,12,11,11,11,0,74,\N,\N,\N,\N,\N,\N,13
3907,202,44,20,11,20,12,12,12,0,74,\N,\N,\N,\N,\N,\N,13
3908,202,50,24,19,17,13,13,13,0,74,\N,\N,\N,\N,\N,\N,13
3909,202,68,25,21,18,14,14,14,0,74,\N,\N,\N,\N,\N,\N,13
3910,202,75,18,22,19,15,15,15,0,74,\N,\N,\N,\N,\N,\N,13
3911,202,25,22,6,9,\N,R,16,0,69,\N,\N,\N,\N,\N,\N,6
3912,202,22,24,18,14,\N,R,17,0,54,\N,\N,\N,\N,\N,\N,6
3913,202,15,20,12,16,\N,R,18,0,28,\N,\N,\N,\N,\N,\N,5
3914,202,63,21,17,13,\N,R,19,0,18,\N,\N,\N,\N,\N,\N,6
3915,202,56,6,4,5,\N,R,20,0,13,\N,\N,\N,\N,\N,\N,6
3916,202,74,18,23,21,\N,R,21,0,13,\N,\N,\N,\N,\N,\N,5
3917,203,71,17,9,3,1,1,1,10,44,1:43:47.407,6227407,\N,\N,\N,\N,1
3918,203,23,17,10,8,2,2,2,6,44,+0.932,6228339,\N,\N,\N,\N,1
3919,203,55,15,14,10,3,3,3,4,44,+7.240,6234647,\N,\N,\N,\N,1
3920,203,49,3,2,9,4,4,4,3,44,+32.242,6259649,\N,\N,\N,\N,1
3921,203,64,21,16,16,5,5,5,2,44,+51.682,6279089,\N,\N,\N,\N,1
3922,203,15,20,12,13,6,6,6,1,42,\N,\N,\N,\N,\N,\N,12
3923,203,14,1,7,2,7,7,7,0,39,\N,\N,\N,\N,\N,\N,15
3924,203,75,18,22,21,8,8,8,0,39,\N,\N,\N,\N,\N,\N,15
3925,203,21,22,5,7,\N,R,9,0,26,\N,\N,\N,\N,\N,\N,4
3926,203,30,6,3,4,\N,R,10,0,25,\N,\N,\N,\N,\N,\N,4
3927,203,56,6,4,5,\N,R,11,0,25,\N,\N,\N,\N,\N,\N,20
3928,203,74,18,23,22,\N,R,12,0,17,\N,\N,\N,\N,\N,\N,6
3929,203,35,3,1,6,\N,R,13,0,16,\N,\N,\N,\N,\N,\N,20
3930,203,68,25,21,19,\N,R,14,0,10,\N,\N,\N,\N,\N,\N,20
3931,203,50,24,19,17,\N,R,15,0,8,\N,\N,\N,\N,\N,\N,5
3932,203,57,1,8,1,\N,R,16,0,0,\N,\N,\N,\N,\N,\N,4
3933,203,25,22,6,11,\N,R,17,0,0,\N,\N,\N,\N,\N,\N,4
3934,203,65,15,15,12,\N,R,18,0,0,\N,\N,\N,\N,\N,\N,4
3935,203,22,24,18,15,\N,W,19,0,0,\N,\N,\N,\N,\N,\N,4
3936,203,44,20,11,14,\N,W,20,0,0,\N,\N,\N,\N,\N,\N,4
3937,203,63,21,17,18,\N,W,21,0,0,\N,\N,\N,\N,\N,\N,4
3938,203,73,25,20,20,\N,W,22,0,0,\N,\N,\N,\N,\N,\N,4
3939,204,30,6,3,1,1,1,1,10,53,1:17:09.672,4629672,\N,\N,\N,\N,1
3940,204,56,6,4,5,2,2,2,6,53,+37.977,4667649,\N,\N,\N,\N,1
3941,204,23,17,10,6,3,3,3,4,53,+41.152,4670824,\N,\N,\N,\N,1
3942,204,57,1,8,3,4,4,4,3,53,+55.671,4685343,\N,\N,\N,\N,1
3943,204,55,15,14,8,5,5,5,2,53,+61.872,4691544,\N,\N,\N,\N,1
3944,204,71,17,9,14,6,6,6,1,53,+66.688,4696360,\N,\N,\N,\N,1
3945,204,49,3,2,12,7,7,7,0,52,\N,\N,\N,\N,\N,\N,11
3946,204,21,22,5,11,8,8,8,0,52,\N,\N,\N,\N,\N,\N,11
3947,204,68,25,21,19,9,9,9,0,52,\N,\N,\N,\N,\N,\N,11
3948,204,22,24,18,13,10,10,10,0,52,\N,\N,\N,\N,\N,\N,11
3949,204,74,18,23,22,11,11,11,0,51,\N,\N,\N,\N,\N,\N,12
3950,204,73,25,20,18,12,12,12,0,51,\N,\N,\N,\N,\N,\N,12
3951,204,15,20,12,10,13,13,13,0,50,\N,\N,\N,\N,\N,\N,13
3952,204,50,24,19,17,\N,R,14,0,39,\N,\N,\N,\N,\N,\N,6
3953,204,35,3,1,2,\N,R,15,0,37,\N,\N,\N,\N,\N,\N,20
3954,204,63,21,17,16,\N,R,16,0,32,\N,\N,\N,\N,\N,\N,37
3955,204,25,22,6,7,\N,R,17,0,24,\N,\N,\N,\N,\N,\N,6
3956,204,14,1,7,4,\N,R,18,0,16,\N,\N,\N,\N,\N,\N,5
3957,204,44,20,11,9,\N,R,19,0,15,\N,\N,\N,\N,\N,\N,76
3958,204,75,18,22,21,\N,R,20,0,13,\N,\N,\N,\N,\N,\N,5
3959,204,65,15,15,15,\N,R,21,0,12,\N,\N,\N,\N,\N,\N,20
3960,204,64,21,16,20,\N,R,22,0,10,\N,\N,\N,\N,\N,\N,20
3961,205,57,1,8,3,1,1,1,10,67,1:32:14.789,5534789,\N,\N,\N,\N,1
3962,205,30,6,3,1,2,2,2,6,67,+2.212,5537001,\N,\N,\N,\N,1
3963,205,14,1,7,5,3,3,3,4,67,+34.164,5568953,\N,\N,\N,\N,1
3964,205,56,6,4,2,4,4,4,3,67,+58.183,5592972,\N,\N,\N,\N,1
3965,205,49,3,2,7,5,5,5,2,67,+60.248,5595037,\N,\N,\N,\N,1
3966,205,21,22,5,4,6,6,6,1,67,+61.360,5596149,\N,\N,\N,\N,1
3967,205,25,22,6,8,7,7,7,0,67,+64.790,5599579,\N,\N,\N,\N,1
3968,205,35,3,1,9,8,8,8,0,66,\N,\N,\N,\N,\N,\N,11
3969,205,71,17,9,10,9,9,9,0,66,\N,\N,\N,\N,\N,\N,11
3970,205,55,15,14,11,10,10,10,0,66,\N,\N,\N,\N,\N,\N,11
3971,205,22,24,18,12,11,11,11,0,65,\N,\N,\N,\N,\N,\N,12
3972,205,44,20,11,15,12,12,12,0,65,\N,\N,\N,\N,\N,\N,12
3973,205,50,24,19,18,13,13,13,0,65,\N,\N,\N,\N,\N,\N,12
3974,205,63,21,17,16,14,14,14,0,65,\N,\N,\N,\N,\N,\N,12
3975,205,75,18,22,20,15,15,15,0,65,\N,\N,\N,\N,\N,\N,12
3976,205,68,25,21,19,16,16,16,0,65,\N,\N,\N,\N,\N,\N,12
3977,205,74,18,23,21,\N,R,17,0,56,\N,\N,\N,\N,\N,\N,5
3978,205,23,17,10,6,\N,R,18,0,53,\N,\N,\N,\N,\N,\N,23
3979,205,65,15,15,13,\N,R,19,0,37,\N,\N,\N,\N,\N,\N,5
3980,205,73,25,20,22,\N,R,20,0,36,\N,\N,\N,\N,\N,\N,5
3981,205,15,20,12,14,\N,R,21,0,6,\N,\N,\N,\N,\N,\N,7
3982,205,64,21,16,17,\N,R,22,0,6,\N,\N,\N,\N,\N,\N,9
3983,206,57,1,8,2,1,1,1,10,51,1:27:22.535,5242535,\N,\N,\N,\N,1
3984,206,56,6,4,4,2,2,2,6,51,+6.491,5249026,\N,\N,\N,\N,1
3985,206,14,1,7,3,3,3,3,4,51,+27.662,5270197,\N,\N,\N,\N,1
3986,206,71,17,9,8,4,4,4,3,51,+73.491,5316026,\N,\N,\N,\N,1
3987,206,49,3,2,5,5,5,5,2,51,+73.857,5316392,\N,\N,\N,\N,1
3988,206,35,3,1,6,6,6,6,1,51,+75.867,5318402,\N,\N,\N,\N,1
3989,206,55,15,14,12,7,7,7,0,51,+96.053,5338588,\N,\N,\N,\N,1
3990,206,21,22,5,10,8,8,8,0,51,+101.301,5343836,\N,\N,\N,\N,1
3991,206,25,22,6,9,9,9,9,0,50,\N,\N,\N,\N,\N,\N,11
3992,206,65,15,15,11,10,10,10,0,50,\N,\N,\N,\N,\N,\N,11
3993,206,44,20,11,13,11,11,11,0,50,\N,\N,\N,\N,\N,\N,11
3994,206,15,20,12,14,12,12,12,0,48,\N,\N,\N,\N,\N,\N,13
3995,206,75,18,22,20,\N,R,13,0,40,\N,\N,\N,\N,\N,\N,37
3996,206,30,6,3,1,\N,R,14,0,31,\N,\N,\N,\N,\N,\N,27
3997,206,68,25,21,17,\N,R,15,0,28,\N,\N,\N,\N,\N,\N,4
3998,206,74,18,23,21,\N,R,16,0,28,\N,\N,\N,\N,\N,\N,4
3999,206,22,24,18,16,\N,R,17,0,25,\N,\N,\N,\N,\N,\N,9
4000,206,50,24,19,19,\N,R,18,0,21,\N,\N,\N,\N,\N,\N,6
4001,206,63,21,17,15,\N,R,19,0,14,\N,\N,\N,\N,\N,\N,9
4002,206,23,17,10,7,\N,R,20,0,13,\N,\N,\N,\N,\N,\N,5
4003,206,64,21,16,18,\N,R,21,0,2,\N,\N,\N,\N,\N,\N,20
4004,206,73,25,20,0,\N,F,22,0,0,\N,\N,\N,\N,\N,\N,81
4005,207,14,1,10,4,1,1,1,10,58,1:30:28.718,5428718,\N,\N,\N,\N,1
4006,207,30,6,5,3,2,2,2,6,58,+20.046,5448764,\N,\N,\N,\N,1
4007,207,57,1,9,6,3,3,3,4,58,+22.177,5450895,\N,\N,\N,\N,1
4008,207,77,22,8,10,4,4,4,3,58,+22.841,5451559,\N,\N,\N,\N,1
4009,207,44,20,14,9,5,5,5,2,58,+60.308,5489026,\N,\N,\N,\N,1
4010,207,78,15,17,13,6,6,6,1,58,+96.040,5524758,\N,\N,\N,\N,1
4011,207,75,20,15,16,7,7,7,0,56,\N,\N,\N,\N,\N,\N,12
4012,207,49,3,4,2,8,8,8,0,55,\N,\N,\N,\N,\N,\N,23
4013,207,15,18,21,17,9,9,9,0,55,\N,\N,\N,\N,\N,\N,13
4014,207,64,21,2,22,10,10,10,0,54,\N,\N,\N,\N,\N,\N,14
4015,207,22,24,22,11,\N,R,11,0,49,\N,\N,\N,\N,\N,\N,5
4016,207,63,25,19,18,\N,R,12,0,42,\N,\N,\N,\N,\N,\N,5
4017,207,76,24,23,19,\N,R,13,0,36,\N,\N,\N,\N,\N,\N,22
4018,207,55,22,7,8,\N,R,14,0,34,\N,\N,\N,\N,\N,\N,74
4019,207,79,18,20,15,\N,R,15,0,32,\N,\N,\N,\N,\N,\N,10
4020,207,21,17,12,14,\N,R,16,0,14,\N,\N,\N,\N,\N,\N,20
4021,207,50,25,18,21,\N,R,17,0,2,\N,\N,\N,\N,\N,\N,20
4022,207,23,17,11,12,\N,R,18,0,1,\N,\N,\N,\N,\N,\N,6
4023,207,35,3,3,1,\N,R,19,0,0,\N,\N,\N,\N,\N,\N,4
4024,207,56,6,6,5,\N,R,20,0,0,\N,\N,\N,\N,\N,\N,4
4025,207,65,15,16,7,\N,R,21,0,0,\N,\N,\N,\N,\N,\N,4
4026,207,71,21,1,20,\N,W,22,0,0,\N,\N,\N,\N,\N,\N,37
4027,207,80,26,24,23,\N,F,23,0,0,\N,\N,\N,\N,\N,\N,81
4028,207,73,26,25,24,\N,F,24,0,0,\N,\N,\N,\N,\N,\N,81
4029,208,35,3,3,1,1,1,1,10,72,1:36:06.990,5766990,\N,\N,\N,\N,1
4030,208,77,22,8,3,2,2,2,6,72,+4.190,5771180,\N,\N,\N,\N,1
4031,208,44,20,14,5,3,3,3,4,72,+15.870,5782860,\N,\N,\N,\N,1
4032,208,57,1,9,4,4,4,4,3,72,+33.033,5800023,\N,\N,\N,\N,1
4033,208,30,6,5,2,5,5,5,2,72,+33.731,5800721,\N,\N,\N,\N,1
4034,208,55,22,7,6,6,6,6,1,72,+34.020,5801010,\N,\N,\N,\N,1
4035,208,65,15,16,13,7,7,7,0,72,+50.912,5817902,\N,\N,\N,\N,1
4036,208,21,17,12,7,8,8,8,0,72,+0.639,5767629,\N,\N,\N,\N,1
4037,208,49,3,4,8,9,9,9,0,72,+15.402,5782392,\N,\N,\N,\N,1
4038,208,14,1,10,12,10,10,10,0,71,\N,\N,\N,\N,\N,\N,11
4039,208,78,15,17,19,11,11,11,0,71,\N,\N,\N,\N,\N,\N,11
4040,208,15,18,21,17,12,12,12,0,71,\N,\N,\N,\N,\N,\N,11
4041,208,63,25,19,22,13,13,13,0,71,\N,\N,\N,\N,\N,\N,11
4042,208,75,20,15,15,14,14,14,0,71,\N,\N,\N,\N,\N,\N,11
4043,208,50,25,18,21,15,15,15,0,70,\N,\N,\N,\N,\N,\N,12
4044,208,56,6,6,14,16,16,16,0,70,\N,\N,\N,\N,\N,\N,12
4045,208,71,21,1,9,17,17,17,0,68,\N,\N,\N,\N,\N,\N,5
4046,208,79,18,20,18,18,18,18,0,67,\N,\N,\N,\N,\N,\N,15
4047,208,23,17,11,10,\N,R,19,0,52,\N,\N,\N,\N,\N,\N,10
4048,208,22,24,22,11,\N,R,20,0,16,\N,\N,\N,\N,\N,\N,22
4049,208,64,21,2,16,\N,R,21,0,15,\N,\N,\N,\N,\N,\N,22
4050,208,76,24,23,20,\N,R,22,0,0,\N,\N,\N,\N,\N,\N,3
4051,209,35,3,3,1,1,1,1,10,72,1:52:01.715,6721715,\N,\N,\N,\N,1
4052,209,56,6,6,7,2,2,2,6,72,+0.979,6722694,\N,\N,\N,\N,1
4053,209,23,17,11,6,3,3,3,4,72,+12.089,6733804,\N,\N,\N,\N,1
4054,209,65,15,16,8,4,4,4,3,72,+29.919,6751634,\N,\N,\N,\N,1
4055,209,57,1,9,17,5,5,5,2,72,+30.351,6752066,\N,\N,\N,\N,1
4056,209,77,22,8,12,6,6,6,1,72,+31.393,6753108,\N,\N,\N,\N,1
4057,209,55,22,7,11,7,7,7,0,72,+46.359,6768074,\N,\N,\N,\N,1
4058,209,63,25,19,19,8,8,8,0,71,\N,\N,\N,\N,\N,\N,11
4059,209,15,18,21,18,9,9,9,0,71,\N,\N,\N,\N,\N,\N,11
4060,209,76,24,23,15,10,10,10,0,66,\N,\N,\N,\N,\N,\N,5
4061,209,78,15,17,14,\N,R,11,0,63,\N,\N,\N,\N,\N,\N,20
4062,209,64,21,2,22,\N,R,12,0,50,\N,\N,\N,\N,\N,\N,5
4063,209,75,20,15,20,\N,R,13,0,49,\N,\N,\N,\N,\N,\N,5
4064,209,50,25,18,16,\N,R,14,0,43,\N,\N,\N,\N,\N,\N,5
4065,209,79,18,20,21,\N,R,15,0,37,\N,\N,\N,\N,\N,\N,20
4066,209,71,21,1,13,\N,R,16,0,33,\N,\N,\N,\N,\N,\N,5
4067,209,21,17,12,9,\N,R,17,0,24,\N,\N,\N,\N,\N,\N,4
4068,209,22,24,22,5,\N,R,18,0,24,\N,\N,\N,\N,\N,\N,9
4069,209,44,20,14,3,\N,R,19,0,18,\N,\N,\N,\N,\N,\N,10
4070,209,49,3,4,2,\N,R,20,0,5,\N,\N,\N,\N,\N,\N,8
4071,209,30,6,5,4,\N,R,21,0,0,\N,\N,\N,\N,\N,\N,4
4072,209,14,1,10,10,\N,R,22,0,0,\N,\N,\N,\N,\N,\N,4
4073,210,49,3,4,2,1,1,1,10,62,1:31:00.673,5460673,\N,\N,\N,\N,1
4074,210,30,6,5,3,2,2,2,6,62,+1.237,5461910,\N,\N,\N,\N,1
4075,210,56,6,6,9,3,3,3,4,62,+78.343,5539016,\N,\N,\N,\N,1
4076,210,21,17,12,6,4,4,4,3,62,+83.388,5544061,\N,\N,\N,\N,1
4077,210,55,22,7,14,5,5,5,2,61,\N,\N,\N,\N,\N,\N,11
4078,210,57,1,9,8,6,6,6,1,61,\N,\N,\N,\N,\N,\N,11
4079,210,78,15,17,12,7,7,7,0,61,\N,\N,\N,\N,\N,\N,11
4080,210,44,20,14,4,8,8,8,0,61,\N,\N,\N,\N,\N,\N,11
4081,210,63,25,19,19,9,9,9,0,60,\N,\N,\N,\N,\N,\N,12
4082,210,50,25,18,21,10,10,10,0,60,\N,\N,\N,\N,\N,\N,12
4083,210,79,18,20,22,11,11,11,0,59,\N,\N,\N,\N,\N,\N,13
4084,210,64,21,2,17,\N,R,12,0,53,\N,\N,\N,\N,\N,\N,6
4085,210,35,3,3,1,\N,R,13,0,40,\N,\N,\N,\N,\N,\N,6
4086,210,14,1,10,10,\N,R,14,0,38,\N,\N,\N,\N,\N,\N,5
4087,210,22,24,22,13,\N,R,15,0,32,\N,\N,\N,\N,\N,\N,5
4088,210,65,15,16,7,\N,R,16,0,18,\N,\N,\N,\N,\N,\N,10
4089,210,23,17,11,5,\N,R,17,0,17,\N,\N,\N,\N,\N,\N,7
4090,210,75,20,15,18,\N,R,18,0,11,\N,\N,\N,\N,\N,\N,4
4091,210,71,21,1,15,\N,R,19,0,11,\N,\N,\N,\N,\N,\N,4
4092,210,77,22,8,11,\N,R,20,0,4,\N,\N,\N,\N,\N,\N,20
4093,210,76,24,23,16,\N,R,21,0,2,\N,\N,\N,\N,\N,\N,20
4094,210,15,18,21,20,\N,W,22,0,0,\N,\N,\N,\N,\N,\N,6
4095,211,30,6,5,2,1,1,1,10,62,2:00:05.654,7205654,\N,\N,\N,\N,1
4096,211,22,24,22,10,2,2,2,6,62,+53.306,7258960,\N,\N,\N,\N,1
4097,211,56,6,6,15,3,3,3,4,62,+82.108,7287762,\N,\N,\N,\N,1
4098,211,44,20,14,12,4,4,4,3,62,+104.402,7310056,\N,\N,\N,\N,1
4099,211,63,25,19,14,5,5,5,2,61,\N,\N,\N,\N,\N,\N,11
4100,211,21,17,12,4,6,6,6,1,61,\N,\N,\N,\N,\N,\N,11
4101,211,76,24,23,19,7,7,7,0,61,\N,\N,\N,\N,\N,\N,11
4102,211,50,25,18,22,8,8,8,0,60,\N,\N,\N,\N,\N,\N,12
4103,211,77,22,8,17,9,9,9,0,60,\N,\N,\N,\N,\N,\N,12
4104,211,79,18,20,20,10,10,10,0,60,\N,\N,\N,\N,\N,\N,12
4105,211,49,3,4,1,\N,R,11,0,39,\N,\N,\N,\N,\N,\N,20
4106,211,75,20,15,21,\N,R,12,0,36,\N,\N,\N,\N,\N,\N,20
4107,211,78,15,17,11,\N,R,13,0,24,\N,\N,\N,\N,\N,\N,20
4108,211,55,22,7,9,\N,R,14,0,16,\N,\N,\N,\N,\N,\N,20
4109,211,35,3,3,3,\N,R,15,0,16,\N,\N,\N,\N,\N,\N,20
4110,211,23,17,11,6,\N,R,16,0,10,\N,\N,\N,\N,\N,\N,20
4111,211,65,15,16,7,\N,R,17,0,9,\N,\N,\N,\N,\N,\N,20
4112,211,15,18,21,18,\N,R,18,0,7,\N,\N,\N,\N,\N,\N,20
4113,211,14,1,10,5,\N,R,19,0,1,\N,\N,\N,\N,\N,\N,20
4114,211,57,1,9,8,\N,R,20,0,1,\N,\N,\N,\N,\N,\N,4
4115,211,71,21,1,13,\N,R,21,0,1,\N,\N,\N,\N,\N,\N,4
4116,211,64,21,2,16,\N,R,22,0,0,\N,\N,\N,\N,\N,\N,20
4117,212,35,3,3,1,1,1,1,10,64,1:30:35.896,5435896,\N,\N,\N,\N,1
4118,212,44,20,14,12,2,2,2,6,64,+5.804,5441700,\N,\N,\N,\N,1
4119,212,55,22,7,4,3,3,3,4,64,+12.534,5448430,\N,\N,\N,\N,1
4120,212,30,6,5,7,4,4,4,3,64,+17.979,5453875,\N,\N,\N,\N,1
4121,212,65,15,16,10,5,5,5,2,64,+27.986,5463882,\N,\N,\N,\N,1
4122,212,14,1,10,3,6,6,6,1,64,+29.744,5465640,\N,\N,\N,\N,1
4123,212,57,1,9,5,7,7,7,0,64,+48.785,5484681,\N,\N,\N,\N,1
4124,212,49,3,4,2,8,8,8,0,64,+64.139,5500035,\N,\N,\N,\N,1
4125,212,21,17,12,8,9,9,9,0,64,+64.767,5500663,\N,\N,\N,\N,1
4126,212,77,22,8,6,10,10,10,0,64,+65.670,5501566,\N,\N,\N,\N,1
4127,212,50,25,18,19,11,11,11,0,63,\N,\N,\N,\N,\N,\N,11
4128,212,56,6,6,11,12,12,12,0,63,\N,\N,\N,\N,\N,\N,11
4129,212,76,24,23,22,13,13,13,0,63,\N,\N,\N,\N,\N,\N,11
4130,212,81,15,17,13,14,14,14,0,62,\N,\N,\N,\N,\N,\N,12
4131,212,15,18,21,18,15,15,15,0,62,\N,\N,\N,\N,\N,\N,12
4132,212,64,21,2,21,\N,R,16,0,53,\N,\N,\N,\N,\N,\N,5
4133,212,23,17,11,9,\N,R,17,0,50,\N,\N,\N,\N,\N,\N,5
4134,212,22,24,22,17,\N,R,18,0,37,\N,\N,\N,\N,\N,\N,5
4135,212,63,25,19,14,\N,R,19,0,35,\N,\N,\N,\N,\N,\N,29
4136,212,75,20,15,16,\N,R,20,0,34,\N,\N,\N,\N,\N,\N,6
4137,212,71,21,1,15,\N,R,21,0,17,\N,\N,\N,\N,\N,\N,5
4138,212,79,18,20,20,\N,R,22,0,11,\N,\N,\N,\N,\N,\N,6
4139,213,30,6,5,1,1,1,1,10,54,1:17:40.646,4660646,\N,\N,\N,\N,1
4140,213,55,22,7,8,2,2,2,6,54,+2.565,4663211,\N,\N,\N,\N,1
4141,213,21,17,12,6,3,3,3,4,54,+3.219,4663865,\N,\N,\N,\N,1
4142,213,49,3,4,4,4,4,4,3,54,+3.768,4664414,\N,\N,\N,\N,1
4143,213,65,15,16,13,5,5,5,2,54,+4.716,4665362,\N,\N,\N,\N,1
4144,213,75,20,15,19,6,6,6,1,54,+36.701,4697347,\N,\N,\N,\N,1
4145,213,14,1,10,5,7,7,7,0,54,+37.753,4698399,\N,\N,\N,\N,1
4146,213,64,21,2,16,8,8,8,0,53,\N,\N,\N,\N,\N,\N,11
4147,213,71,21,1,15,9,9,9,0,53,\N,\N,\N,\N,\N,\N,11
4148,213,81,15,17,18,10,10,10,0,53,\N,\N,\N,\N,\N,\N,11
4149,213,44,20,14,10,11,11,11,0,51,\N,\N,\N,\N,\N,\N,20
4150,213,63,25,19,17,\N,R,12,0,46,\N,\N,\N,\N,\N,\N,5
4151,213,50,25,18,14,\N,R,13,0,42,\N,\N,\N,\N,\N,\N,6
4152,213,25,22,8,11,\N,R,14,0,35,\N,\N,\N,\N,\N,\N,7
4153,213,22,24,22,3,\N,R,15,0,33,\N,\N,\N,\N,\N,\N,6
4154,213,15,18,21,20,\N,R,16,0,32,\N,\N,\N,\N,\N,\N,5
4155,213,23,17,11,7,\N,R,17,0,14,\N,\N,\N,\N,\N,\N,3
4156,213,79,18,20,22,\N,R,18,0,5,\N,\N,\N,\N,\N,\N,20
4157,213,35,3,3,2,\N,R,19,0,1,\N,\N,\N,\N,\N,\N,3
4158,213,57,1,9,9,\N,R,20,0,0,\N,\N,\N,\N,\N,\N,5
4159,213,56,6,6,12,\N,R,21,0,0,\N,\N,\N,\N,\N,\N,3
4160,213,76,24,23,21,\N,R,22,0,0,\N,\N,\N,\N,\N,\N,20
4161,214,30,6,5,1,1,1,1,10,72,1:38:50.492,5930492,\N,\N,\N,\N,1
4162,214,49,3,4,2,2,2,2,6,72,+23.537,5954029,\N,\N,\N,\N,1
4163,214,56,6,6,5,3,3,3,4,72,+74.801,6005293,\N,\N,\N,\N,1
4164,214,35,3,3,4,4,4,4,3,72,+81.784,6012276,\N,\N,\N,\N,1
4165,214,55,22,7,8,5,5,5,2,72,+82.735,6013227,\N,\N,\N,\N,1
4166,214,23,17,11,3,6,6,6,1,72,+89.871,6020363,\N,\N,\N,\N,1
4167,214,14,1,10,9,7,7,7,0,71,\N,\N,\N,\N,\N,\N,4
4168,214,65,15,16,14,8,8,8,0,71,\N,\N,\N,\N,\N,\N,11
4169,214,21,17,12,11,9,9,9,0,71,\N,\N,\N,\N,\N,\N,11
4170,214,15,20,14,6,10,10,10,0,70,\N,\N,\N,\N,\N,\N,12
4171,214,79,18,20,21,11,11,11,0,70,\N,\N,\N,\N,\N,\N,12
4172,214,71,21,1,17,12,12,12,0,69,\N,\N,\N,\N,\N,\N,13
4173,214,63,25,19,19,\N,R,13,0,61,\N,\N,\N,\N,\N,\N,10
4174,214,25,22,8,7,\N,R,14,0,60,\N,\N,\N,\N,\N,\N,20
4175,214,64,21,2,16,\N,R,15,0,58,\N,\N,\N,\N,\N,\N,20
4176,214,82,15,17,20,\N,R,16,0,40,\N,\N,\N,\N,\N,\N,20
4177,214,22,24,22,13,\N,R,17,0,36,\N,\N,\N,\N,\N,\N,5
4178,214,76,24,23,15,\N,R,18,0,33,\N,\N,\N,\N,\N,\N,23
4179,214,57,1,9,10,\N,R,19,0,18,\N,\N,\N,\N,\N,\N,5
4180,214,50,25,18,18,\N,R,20,0,15,\N,\N,\N,\N,\N,\N,20
4181,214,75,20,15,12,\N,R,21,0,7,\N,\N,\N,\N,\N,\N,20
4182,214,58,18,21,22,\N,R,22,0,5,\N,\N,\N,\N,\N,\N,5
4183,215,35,3,3,1,1,1,1,10,59,1:28:01.665,5281665,\N,\N,\N,\N,1
4184,215,55,22,7,11,2,2,2,6,59,+10.205,5291870,\N,\N,\N,\N,1
4185,215,25,22,8,8,3,3,3,4,59,+11.296,5292961,\N,\N,\N,\N,1
4186,215,14,1,10,6,4,4,4,3,59,+31.229,5312894,\N,\N,\N,\N,1
4187,215,23,17,11,5,5,5,5,2,59,+31.880,5313545,\N,\N,\N,\N,1
4188,215,71,21,1,12,6,6,6,1,59,+73.552,5355217,\N,\N,\N,\N,1
4189,215,21,17,12,10,7,7,7,0,58,\N,\N,\N,\N,\N,\N,11
4190,215,15,20,14,13,8,8,8,0,58,\N,\N,\N,\N,\N,\N,11
4191,215,82,15,17,14,9,9,9,0,58,\N,\N,\N,\N,\N,\N,11
4192,215,58,18,21,21,10,10,10,0,58,\N,\N,\N,\N,\N,\N,11
4193,215,75,20,15,15,11,11,11,0,57,\N,\N,\N,\N,\N,\N,5
4194,215,57,1,9,3,\N,R,12,0,52,\N,\N,\N,\N,\N,\N,5
4195,215,76,24,23,16,\N,R,13,0,50,\N,\N,\N,\N,\N,\N,5
4196,215,50,25,18,20,\N,R,14,0,45,\N,\N,\N,\N,\N,\N,5
4197,215,56,6,6,7,\N,R,15,0,44,\N,\N,\N,\N,\N,\N,86
4198,215,63,25,19,18,\N,R,16,0,44,\N,\N,\N,\N,\N,\N,5
4199,215,65,15,16,9,\N,R,17,0,42,\N,\N,\N,\N,\N,\N,10
4200,215,30,6,5,4,\N,R,18,0,38,\N,\N,\N,\N,\N,\N,36
4201,215,22,24,22,22,\N,R,19,0,37,\N,\N,\N,\N,\N,\N,5
4202,215,64,21,2,17,\N,R,20,0,29,\N,\N,\N,\N,\N,\N,5
4203,215,49,3,4,2,\N,R,21,0,0,\N,\N,\N,\N,\N,\N,4
4204,215,79,18,20,19,\N,R,22,0,0,\N,\N,\N,\N,\N,\N,20
4205,216,77,22,8,1,1,1,1,10,45,1:20:59.046,4859046,\N,\N,\N,\N,1
4206,216,30,6,5,4,2,2,2,6,45,+17.527,4876573,\N,\N,\N,\N,1
4207,216,57,1,9,3,3,3,3,4,45,+24.770,4883816,\N,\N,\N,\N,1
4208,216,15,20,14,11,4,4,4,3,45,+27.165,4886211,\N,\N,\N,\N,1
4209,216,23,17,11,7,5,5,5,2,45,+29.995,4889041,\N,\N,\N,\N,1
4210,216,55,22,7,6,6,6,6,1,45,+34.717,4893763,\N,\N,\N,\N,1
4211,216,75,20,15,17,7,7,7,0,45,+79.722,4938768,\N,\N,\N,\N,1
4212,216,71,21,1,13,8,8,8,0,44,\N,\N,\N,\N,\N,\N,11
4213,216,82,15,17,18,9,9,9,0,44,\N,\N,\N,\N,\N,\N,11
4214,216,50,25,18,20,10,10,10,0,44,\N,\N,\N,\N,\N,\N,11
4215,216,21,17,12,2,11,11,11,0,40,\N,\N,\N,\N,\N,\N,15
4216,216,22,24,22,12,\N,R,12,0,33,\N,\N,\N,\N,\N,\N,5
4217,216,63,25,19,19,\N,R,13,0,33,\N,\N,\N,\N,\N,\N,8
4218,216,35,3,3,9,\N,R,14,0,33,\N,\N,\N,\N,\N,\N,20
4219,216,76,24,23,15,\N,R,15,0,27,\N,\N,\N,\N,\N,\N,5
4220,216,79,18,20,22,\N,R,16,0,23,\N,\N,\N,\N,\N,\N,60
4221,216,65,15,16,14,\N,R,17,0,8,\N,\N,\N,\N,\N,\N,3
4222,216,64,21,2,16,\N,R,18,0,8,\N,\N,\N,\N,\N,\N,3
4223,216,14,1,10,8,\N,R,19,0,1,\N,\N,\N,\N,\N,\N,7
4224,216,49,3,4,5,\N,R,20,0,1,\N,\N,\N,\N,\N,\N,4
4225,216,56,6,6,10,\N,R,21,0,1,\N,\N,\N,\N,\N,\N,4
4226,216,58,18,21,21,\N,R,22,0,0,\N,\N,\N,\N,\N,\N,6
4227,217,35,3,3,2,1,1,1,10,77,1:45:47.149,6347149,\N,\N,\N,\N,1
4228,217,71,21,1,3,2,2,2,6,77,+9.079,6356228,\N,\N,\N,\N,1
4229,217,65,15,16,10,3,3,3,4,77,+20.445,6367594,\N,\N,\N,\N,1
4230,217,30,6,5,1,4,4,4,3,77,+30.501,6377650,\N,\N,\N,\N,1
4231,217,23,17,11,14,5,5,5,2,77,+30.715,6377864,\N,\N,\N,\N,1
4232,217,75,20,15,16,6,6,6,1,77,+41.512,6388661,\N,\N,\N,\N,1
4233,217,15,20,14,12,7,7,7,0,77,+75.552,6422701,\N,\N,\N,\N,1
4234,217,77,22,8,7,8,8,8,0,77,+76.409,6423558,\N,\N,\N,\N,1
4235,217,56,6,6,5,9,9,9,0,76,\N,\N,\N,\N,\N,\N,20
4236,217,79,18,20,20,10,10,10,0,76,\N,\N,\N,\N,\N,\N,11
4237,217,55,22,7,9,11,11,11,0,76,\N,\N,\N,\N,\N,\N,11
4238,217,58,18,21,22,12,12,12,0,75,\N,\N,\N,\N,\N,\N,12
4239,217,63,25,19,21,13,13,13,0,75,\N,\N,\N,\N,\N,\N,12
4240,217,14,1,10,8,\N,R,14,0,65,\N,\N,\N,\N,\N,\N,10
4241,217,50,25,18,18,\N,R,15,0,61,\N,\N,\N,\N,\N,\N,6
4242,217,64,21,2,19,\N,R,16,0,53,\N,\N,\N,\N,\N,\N,10
4243,217,21,17,12,13,\N,R,17,0,42,\N,\N,\N,\N,\N,\N,20
4244,217,49,3,4,6,\N,R,18,0,29,\N,\N,\N,\N,\N,\N,74
4245,217,22,24,22,11,\N,R,19,0,29,\N,\N,\N,\N,\N,\N,5
4246,217,57,1,9,4,\N,R,20,0,12,\N,\N,\N,\N,\N,\N,9
4247,217,81,15,17,15,\N,R,21,0,7,\N,\N,\N,\N,\N,\N,5
4248,217,76,24,23,17,\N,R,22,0,5,\N,\N,\N,\N,\N,\N,3
4249,218,30,6,5,3,1,1,1,10,44,1:33:46.717,5626717,\N,\N,\N,\N,1
4250,218,21,17,12,4,2,2,2,6,44,+26.753,5653470,\N,\N,\N,\N,1
4251,218,49,3,4,7,3,3,3,4,44,+32.147,5658864,\N,\N,\N,\N,1
4252,218,65,15,16,11,4,4,4,3,44,+39.025,5665742,\N,\N,\N,\N,1
4253,218,35,3,3,1,5,5,5,2,44,+42.103,5668820,\N,\N,\N,\N,1
4254,218,77,22,8,15,6,6,6,1,44,+63.741,5690458,\N,\N,\N,\N,1
4255,218,64,21,2,8,7,7,7,0,44,+85.931,5712648,\N,\N,\N,\N,1
4256,218,55,22,7,2,8,8,8,0,44,+102.008,5728725,\N,\N,\N,\N,1
4257,218,81,15,17,13,9,9,9,0,44,+102.582,5729299,\N,\N,\N,\N,1
4258,218,56,6,6,17,10,10,10,0,43,\N,\N,\N,\N,\N,\N,11
4259,218,63,25,19,19,11,11,11,0,43,\N,\N,\N,\N,\N,\N,11
4260,218,76,24,23,18,12,12,12,0,43,\N,\N,\N,\N,\N,\N,11
4261,218,71,21,1,9,13,13,13,0,42,\N,\N,\N,\N,\N,\N,12
4262,218,79,18,20,20,14,14,14,0,42,\N,\N,\N,\N,\N,\N,12
4263,218,15,20,14,14,15,15,15,0,42,\N,\N,\N,\N,\N,\N,12
4264,218,57,1,9,5,\N,D,16,0,44,\N,\N,\N,\N,\N,\N,2
4265,218,50,25,18,21,\N,R,17,0,25,\N,\N,\N,\N,\N,\N,20
4266,218,23,17,11,6,\N,R,18,0,21,\N,\N,\N,\N,\N,\N,20
4267,218,14,1,10,10,\N,R,19,0,19,\N,\N,\N,\N,\N,\N,20
4268,218,58,18,21,22,\N,R,20,0,18,\N,\N,\N,\N,\N,\N,20
4269,218,22,24,22,12,\N,R,21,0,8,\N,\N,\N,\N,\N,\N,38
4270,218,75,20,15,16,\N,R,22,0,5,\N,\N,\N,\N,\N,\N,10
4271,219,14,1,10,6,1,1,1,10,53,1:17:04.609,4624609,\N,\N,\N,\N,1
4272,219,55,22,7,1,2,2,2,6,53,+1.937,4626546,\N,\N,\N,\N,1
4273,219,49,3,4,2,3,3,3,4,53,+4.343,4628952,\N,\N,\N,\N,1
4274,219,21,17,12,3,4,4,4,3,53,+5.871,4630480,\N,\N,\N,\N,1
4275,219,35,3,3,4,5,5,5,2,53,+6.416,4631025,\N,\N,\N,\N,1
4276,219,30,6,5,9,6,6,6,1,53,+11.481,4636090,\N,\N,\N,\N,1
4277,219,77,22,8,7,7,7,7,0,53,+12.471,4637080,\N,\N,\N,\N,1
4278,219,56,6,6,10,8,8,8,0,53,+17.639,4642248,\N,\N,\N,\N,1
4279,219,57,1,9,5,9,9,9,0,53,+49.373,4673982,\N,\N,\N,\N,1
4280,219,15,20,14,16,10,10,10,0,53,+62.706,4687315,\N,\N,\N,\N,1
4281,219,75,20,15,15,11,11,11,0,53,+63.327,4687936,\N,\N,\N,\N,1
4282,219,81,15,17,18,12,12,12,0,52,\N,\N,\N,\N,\N,\N,11
4283,219,22,24,22,11,13,13,13,0,52,\N,\N,\N,\N,\N,\N,11
4284,219,58,18,21,22,14,14,14,0,50,\N,\N,\N,\N,\N,\N,13
4285,219,71,21,1,14,\N,R,15,0,46,\N,\N,\N,\N,\N,\N,5
4286,219,23,17,11,8,\N,R,16,0,39,\N,\N,\N,\N,\N,\N,4
4287,219,65,15,16,12,\N,R,17,0,38,\N,\N,\N,\N,\N,\N,4
4288,219,63,25,19,19,\N,R,18,0,33,\N,\N,\N,\N,\N,\N,5
4289,219,76,24,23,13,\N,R,19,0,31,\N,\N,\N,\N,\N,\N,7
4290,219,50,25,18,20,\N,R,20,0,12,\N,\N,\N,\N,\N,\N,6
4291,219,79,18,20,21,\N,R,21,0,8,\N,\N,\N,\N,\N,\N,20
4292,219,64,21,2,17,\N,R,22,0,4,\N,\N,\N,\N,\N,\N,22
4293,220,35,3,3,1,1,1,1,10,71,1:27:35.999,5255999,\N,\N,\N,\N,1
4294,220,14,1,10,10,2,2,2,6,71,+2.909,5258908,\N,\N,\N,\N,1
4295,220,49,3,4,4,3,3,3,4,71,+3.962,5259961,\N,\N,\N,\N,1
4296,220,21,17,12,14,4,4,4,3,71,+12.127,5268126,\N,\N,\N,\N,1
4297,220,23,17,11,11,5,5,5,2,71,+31.859,5287858,\N,\N,\N,\N,1
4298,220,30,6,5,9,6,6,6,1,71,+33.410,5289409,\N,\N,\N,\N,1
4299,220,71,21,1,7,7,7,7,0,71,+37.207,5293206,\N,\N,\N,\N,1
4300,220,65,15,16,12,8,8,8,0,71,+49.057,5305056,\N,\N,\N,\N,1
4301,220,81,15,17,13,9,9,9,0,71,+66.455,5322454,\N,\N,\N,\N,1
4302,220,77,22,8,18,10,10,10,0,70,\N,\N,\N,\N,\N,\N,11
4303,220,79,18,20,19,11,11,11,0,69,\N,\N,\N,\N,\N,\N,12
4304,220,50,25,18,20,12,12,12,0,69,\N,\N,\N,\N,\N,\N,12
4305,220,64,21,2,17,13,13,13,0,67,\N,\N,\N,\N,\N,\N,14
4306,220,22,24,22,5,14,14,14,0,64,\N,\N,\N,\N,\N,\N,20
4307,220,15,20,14,3,\N,R,15,0,58,\N,\N,\N,\N,\N,\N,5
4308,220,76,24,23,6,\N,R,16,0,58,\N,\N,\N,\N,\N,\N,5
4309,220,75,20,15,16,\N,R,17,0,57,\N,\N,\N,\N,\N,\N,5
4310,220,63,25,19,21,\N,R,18,0,48,\N,\N,\N,\N,\N,\N,6
4311,220,56,6,6,8,\N,R,19,0,38,\N,\N,\N,\N,\N,\N,4
4312,220,55,22,7,15,\N,R,20,0,37,\N,\N,\N,\N,\N,\N,4
4313,220,57,1,9,2,\N,R,21,0,1,\N,\N,\N,\N,\N,\N,5
4314,220,58,18,21,0,\N,E,22,0,0,\N,\N,\N,\N,\N,\N,92
4315,221,35,3,3,2,1,1,1,10,67,1:31:27.843,5487843,\N,\N,\N,\N,1
4316,221,55,22,7,10,2,2,2,6,67,+11.770,5499613,\N,\N,\N,\N,1
4317,221,49,3,4,3,3,3,3,4,67,+13.480,5501323,\N,\N,\N,\N,1
4318,221,77,22,8,7,4,4,4,3,67,+16.416,5504259,\N,\N,\N,\N,1
4319,221,64,21,2,15,5,5,5,2,67,+43.147,5530990,\N,\N,\N,\N,1
4320,221,44,20,14,11,6,6,6,1,67,+43.750,5531593,\N,\N,\N,\N,1
4321,221,65,15,16,16,7,7,7,0,67,+44.354,5532197,\N,\N,\N,\N,1
4322,221,71,21,1,13,8,8,8,0,67,+44.777,5532620,\N,\N,\N,\N,1
4323,221,81,15,17,19,9,9,9,0,66,\N,\N,\N,\N,\N,\N,11
4324,221,63,25,19,20,10,10,10,0,66,\N,\N,\N,\N,\N,\N,11
4325,221,50,25,18,21,\N,R,11,0,50,\N,\N,\N,\N,\N,\N,20
4326,221,57,1,9,1,\N,R,12,0,43,\N,\N,\N,\N,\N,\N,5
4327,221,22,24,22,9,\N,R,13,0,43,\N,\N,\N,\N,\N,\N,6
4328,221,14,1,10,6,\N,R,14,0,42,\N,\N,\N,\N,\N,\N,5
4329,221,76,24,23,12,\N,R,15,0,40,\N,\N,\N,\N,\N,\N,86
4330,221,56,6,6,14,\N,R,16,0,22,\N,\N,\N,\N,\N,\N,5
4331,221,75,20,15,17,\N,R,17,0,16,\N,\N,\N,\N,\N,\N,5
4332,221,30,6,5,5,\N,R,18,0,2,\N,\N,\N,\N,\N,\N,22
4333,221,58,18,21,18,\N,R,19,0,1,\N,\N,\N,\N,\N,\N,5
4334,221,79,18,20,22,\N,R,20,0,1,\N,\N,\N,\N,\N,\N,4
4335,221,21,17,12,4,\N,R,21,0,0,\N,\N,\N,\N,\N,\N,4
4336,221,23,17,11,8,\N,R,22,0,0,\N,\N,\N,\N,\N,\N,4
4337,222,30,6,5,2,1,1,1,10,53,1:29:48.446,5388446,\N,\N,\N,\N,1
4338,222,49,3,4,6,2,2,2,6,53,+1.378,5389824,\N,\N,\N,\N,1
4339,222,56,6,6,3,3,3,3,4,53,+26.384,5414830,\N,\N,\N,\N,1
4340,222,57,1,9,4,4,4,4,3,53,+27.129,5415575,\N,\N,\N,\N,1
4341,222,55,22,7,7,5,5,5,2,53,+40.403,5428849,\N,\N,\N,\N,1
4342,222,65,15,16,8,6,6,6,1,53,+41.630,5430076,\N,\N,\N,\N,1
4343,222,21,17,12,9,7,7,7,0,53,+56.825,5445271,\N,\N,\N,\N,1
4344,222,77,22,8,5,8,8,8,0,53,+60.429,5448875,\N,\N,\N,\N,1
4345,222,23,17,11,13,9,9,9,0,53,+82.036,5470482,\N,\N,\N,\N,1
4346,222,14,1,10,11,10,10,10,0,52,\N,\N,\N,\N,\N,\N,5
4347,222,71,21,1,17,11,11,11,0,52,\N,\N,\N,\N,\N,\N,11
4348,222,64,21,2,16,12,12,12,0,52,\N,\N,\N,\N,\N,\N,11
4349,222,50,25,18,21,13,13,13,0,52,\N,\N,\N,\N,\N,\N,11
4350,222,35,3,3,1,\N,D,14,0,53,\N,\N,\N,\N,\N,\N,2
4351,222,58,18,21,20,\N,R,15,0,46,\N,\N,\N,\N,\N,\N,6
4352,222,63,25,19,22,\N,R,16,0,46,\N,\N,\N,\N,\N,\N,5
4353,222,44,20,14,10,\N,R,17,0,36,\N,\N,\N,\N,\N,\N,5
4354,222,75,20,15,15,\N,R,18,0,22,\N,\N,\N,\N,\N,\N,67
4355,222,79,18,20,19,\N,R,19,0,8,\N,\N,\N,\N,\N,\N,5
4356,222,22,24,22,12,\N,R,20,0,6,\N,\N,\N,\N,\N,\N,20
4357,222,76,24,23,14,\N,R,21,0,3,\N,\N,\N,\N,\N,\N,20
4358,222,81,15,17,0,\N,W,22,0,0,\N,\N,\N,\N,\N,\N,82
4359,223,57,1,9,5,1,1,1,10,69,1:38:57.771,5937771,\N,\N,\N,\N,1
4360,223,14,1,10,6,2,2,2,6,69,+1.654,5939425,\N,\N,\N,\N,1
4361,223,35,3,3,1,3,3,3,4,69,+1.803,5939574,\N,\N,\N,\N,1
4362,223,77,22,8,8,4,4,4,3,69,+1.919,5939690,\N,\N,\N,\N,1
4363,223,56,6,6,7,5,5,5,2,69,+3.789,5941560,\N,\N,\N,\N,1
4364,223,49,3,4,3,6,6,6,1,69,+4.537,5942308,\N,\N,\N,\N,1
4365,223,44,20,14,9,7,7,7,0,69,+67.145,6004916,\N,\N,\N,\N,1
4366,223,65,15,16,14,8,8,8,0,69,+72.961,6010732,\N,\N,\N,\N,1
4367,223,76,24,23,11,9,9,9,0,69,+77.487,6015258,\N,\N,\N,\N,1
4368,223,75,20,15,15,10,10,10,0,69,+78.215,6015986,\N,\N,\N,\N,1
4369,223,21,17,12,17,11,11,11,0,68,\N,\N,\N,\N,\N,\N,11
4370,223,63,25,19,21,12,12,12,0,68,\N,\N,\N,\N,\N,\N,11
4371,223,55,22,7,10,13,13,13,0,68,\N,\N,\N,\N,\N,\N,11
4372,223,82,15,17,18,14,14,14,0,68,\N,\N,\N,\N,\N,\N,11
4373,223,58,18,21,20,15,15,15,0,68,\N,\N,\N,\N,\N,\N,11
4374,223,50,25,18,22,16,16,16,0,68,\N,\N,\N,\N,\N,\N,11
4375,223,79,18,20,19,17,17,17,0,68,\N,\N,\N,\N,\N,\N,11
4376,223,30,6,5,2,\N,R,18,0,47,\N,\N,\N,\N,\N,\N,4
4377,223,71,21,1,4,\N,R,19,0,47,\N,\N,\N,\N,\N,\N,6
4378,223,23,17,11,16,\N,R,20,0,44,\N,\N,\N,\N,\N,\N,47
4379,223,22,24,22,12,\N,R,21,0,30,\N,\N,\N,\N,\N,\N,6
4380,223,64,21,2,13,\N,R,22,0,11,\N,\N,\N,\N,\N,\N,20
4381,224,71,3,5,2,1,1,1,10,58,1:32:50.491,5570491,\N,\N,\N,\N,1
4382,224,35,3,6,1,2,2,2,6,58,+38.020,5608511,\N,\N,\N,\N,1
4383,224,56,6,2,3,3,3,3,4,58,+62.571,5633062,\N,\N,\N,\N,1
4384,224,77,22,4,7,4,4,4,3,58,+77.037,5647528,\N,\N,\N,\N,1
4385,224,57,1,7,5,5,5,5,2,58,+95.071,5665562,\N,\N,\N,\N,1
4386,224,63,25,19,10,6,6,6,1,57,\N,\N,\N,\N,\N,\N,11
4387,224,44,27,9,11,7,7,7,0,57,\N,\N,\N,\N,\N,\N,11
4388,224,49,15,15,9,8,8,8,0,57,\N,\N,\N,\N,\N,\N,11
4389,224,73,29,16,18,9,9,9,0,56,\N,\N,\N,\N,\N,\N,12
4390,224,64,27,10,20,10,10,10,0,56,\N,\N,\N,\N,\N,\N,12
4391,224,79,25,18,15,11,11,11,0,55,\N,\N,\N,\N,\N,\N,13
4392,224,83,18,20,17,\N,R,12,0,42,\N,\N,\N,\N,\N,\N,93
4393,224,30,6,1,4,\N,R,13,0,32,\N,\N,\N,\N,\N,\N,23
4394,224,21,18,21,16,\N,R,14,0,32,\N,\N,\N,\N,\N,\N,8
4395,224,22,17,11,8,\N,R,15,0,29,\N,\N,\N,\N,\N,\N,5
4396,224,14,1,8,13,\N,R,16,0,24,\N,\N,\N,\N,\N,\N,37
4397,224,50,29,17,12,\N,R,17,0,15,\N,\N,\N,\N,\N,\N,5
4398,224,55,22,3,6,\N,R,18,0,9,\N,\N,\N,\N,\N,\N,4
4399,224,84,17,12,19,\N,R,19,0,1,\N,\N,\N,\N,\N,\N,4
4400,224,65,15,14,14,\N,R,20,0,0,\N,\N,\N,\N,\N,\N,4
4401,224,69,28,22,21,\N,F,21,0,0,\N,\N,\N,\N,\N,\N,77
4402,224,85,28,23,22,\N,F,22,0,0,\N,\N,\N,\N,\N,\N,77
4403,225,71,3,5,1,1,1,1,10,71,1:49:52.976,6592976,\N,\N,\N,\N,1
4404,225,55,22,3,5,2,2,2,6,71,+17.982,6610958,\N,\N,\N,\N,1
4405,225,30,6,1,4,3,3,3,4,70,\N,\N,\N,\N,\N,\N,11
4406,225,57,1,7,7,4,4,4,3,70,\N,\N,\N,\N,\N,\N,11
4407,225,63,25,19,11,5,5,5,2,70,\N,\N,\N,\N,\N,\N,11
4408,225,44,27,9,15,6,6,6,1,70,\N,\N,\N,\N,\N,\N,11
4409,225,56,6,2,10,7,7,7,0,70,\N,\N,\N,\N,\N,\N,11
4410,225,64,27,10,22,8,8,8,0,69,\N,\N,\N,\N,\N,\N,12
4411,225,79,25,18,16,9,9,9,0,69,\N,\N,\N,\N,\N,\N,12
4412,225,83,18,20,18,10,10,10,0,68,\N,\N,\N,\N,\N,\N,13
4413,225,69,28,22,19,11,11,11,0,67,\N,\N,\N,\N,\N,\N,14
4414,225,84,17,12,6,12,12,12,0,64,\N,\N,\N,\N,\N,\N,20
4415,225,22,17,11,2,\N,R,13,0,59,\N,\N,\N,\N,\N,\N,20
4416,225,49,15,15,9,\N,R,14,0,36,\N,\N,\N,\N,\N,\N,5
4417,225,14,1,8,14,\N,R,15,0,29,\N,\N,\N,\N,\N,\N,20
4418,225,65,15,14,12,\N,R,16,0,28,\N,\N,\N,\N,\N,\N,5
4419,225,35,3,6,3,\N,R,17,0,26,\N,\N,\N,\N,\N,\N,20
4420,225,77,22,4,8,\N,R,18,0,26,\N,\N,\N,\N,\N,\N,9
4421,225,85,28,23,20,\N,R,19,0,26,\N,\N,\N,\N,\N,\N,20
4422,225,73,29,16,17,\N,R,20,0,24,\N,\N,\N,\N,\N,\N,20
4423,225,50,29,17,13,\N,R,21,0,19,\N,\N,\N,\N,\N,\N,5
4424,225,58,18,21,21,\N,R,22,0,0,\N,\N,\N,\N,\N,\N,20
4425,226,71,3,5,1,1,1,1,10,72,1:54:55.322,6895322,\N,\N,\N,\N,1
4426,226,35,3,6,3,2,2,2,6,72,+12.167,6907489,\N,\N,\N,\N,1
4427,226,55,22,3,4,3,3,3,4,72,+14.754,6910076,\N,\N,\N,\N,1
4428,226,22,17,11,6,4,4,4,3,72,+55.131,6950453,\N,\N,\N,\N,1
4429,226,56,6,2,10,5,5,5,2,72,+64.991,6960313,\N,\N,\N,\N,1
4430,226,50,29,17,7,6,6,6,1,72,+68.913,6964235,\N,\N,\N,\N,1
4431,226,14,1,8,9,7,7,7,0,72,+73.400,6968722,\N,\N,\N,\N,1
4432,226,44,27,9,12,8,8,8,0,72,+74.295,6969617,\N,\N,\N,\N,1
4433,226,65,15,14,17,9,9,9,0,71,\N,\N,\N,\N,\N,\N,11
4434,226,85,28,23,22,10,10,10,0,69,\N,\N,\N,\N,\N,\N,13
4435,226,77,22,4,5,\N,R,11,0,56,\N,\N,\N,\N,\N,\N,22
4436,226,30,6,1,2,\N,R,12,0,46,\N,\N,\N,\N,\N,\N,41
4437,226,83,18,20,19,\N,R,13,0,39,\N,\N,\N,\N,\N,\N,7
4438,226,63,25,19,16,\N,R,14,0,36,\N,\N,\N,\N,\N,\N,37
4439,226,84,17,12,15,\N,R,15,0,34,\N,\N,\N,\N,\N,\N,4
4440,226,58,18,21,14,\N,R,16,0,33,\N,\N,\N,\N,\N,\N,4
4441,226,49,15,15,11,\N,R,17,0,32,\N,\N,\N,\N,\N,\N,20
4442,226,64,27,10,18,\N,R,18,0,29,\N,\N,\N,\N,\N,\N,42
4443,226,79,25,18,13,\N,R,19,0,28,\N,\N,\N,\N,\N,\N,7
4444,226,73,29,16,20,\N,R,20,0,24,\N,\N,\N,\N,\N,\N,94
4445,226,69,28,22,21,\N,R,21,0,24,\N,\N,\N,\N,\N,\N,4
4446,226,57,1,7,8,\N,R,22,0,19,\N,\N,\N,\N,\N,\N,37
4447,227,35,3,6,2,1,1,1,10,67,1:33:26.473,5606473,\N,\N,\N,\N,1
4448,227,30,6,1,3,2,2,2,6,67,+0.762,5607235,\N,\N,\N,\N,1
4449,227,14,1,8,6,3,3,3,4,67,+32.834,5639307,\N,\N,\N,\N,1
4450,227,71,3,5,1,4,4,4,3,67,+33.511,5639984,\N,\N,\N,\N,1
4451,227,22,17,11,5,5,5,5,2,67,+33.713,5640186,\N,\N,\N,\N,1
4452,227,84,17,12,11,6,6,6,1,67,+55.567,5662040,\N,\N,\N,\N,1
4453,227,65,15,14,12,7,7,7,0,67,+78.027,5684500,\N,\N,\N,\N,1
4454,227,57,1,7,9,8,8,8,0,67,+78.438,5684911,\N,\N,\N,\N,1
4455,227,77,22,4,8,9,9,9,0,67,+81.061,5687534,\N,\N,\N,\N,1
4456,227,64,27,10,17,10,10,10,0,66,\N,\N,\N,\N,\N,\N,11
4457,227,73,29,16,20,11,11,11,0,65,\N,\N,\N,\N,\N,\N,12
4458,227,83,18,20,19,12,12,12,0,65,\N,\N,\N,\N,\N,\N,12
4459,227,21,18,21,18,13,13,13,0,65,\N,\N,\N,\N,\N,\N,12
4460,227,63,25,19,14,\N,D,14,0,66,\N,\N,\N,\N,\N,\N,2
4461,227,79,25,18,16,\N,D,15,0,65,\N,\N,\N,\N,\N,\N,2
4462,227,49,15,15,10,\N,R,16,0,59,\N,\N,\N,\N,\N,\N,23
4463,227,50,29,17,13,\N,R,17,0,38,\N,\N,\N,\N,\N,\N,5
4464,227,44,27,9,15,\N,R,18,0,6,\N,\N,\N,\N,\N,\N,4
4465,227,56,6,2,7,\N,R,19,0,6,\N,\N,\N,\N,\N,\N,10
4466,227,55,22,3,4,\N,R,20,0,1,\N,\N,\N,\N,\N,\N,4
4467,227,85,28,23,21,\N,F,21,0,0,\N,\N,\N,\N,\N,\N,77
4468,227,69,28,22,22,\N,F,22,0,0,\N,\N,\N,\N,\N,\N,77
4469,228,71,3,5,2,1,1,1,10,63,1:35:26.156,5726156,\N,\N,\N,\N,1
4470,228,30,6,1,1,2,2,2,6,63,+16.460,5742616,\N,\N,\N,\N,1
4471,228,77,22,4,7,3,3,3,4,63,+46.891,5773047,\N,\N,\N,\N,1
4472,228,56,6,2,6,4,4,4,3,63,+61.583,5787739,\N,\N,\N,\N,1
4473,228,22,17,11,9,5,5,5,2,63,+78.490,5804646,\N,\N,\N,\N,1
4474,228,55,22,3,5,6,6,6,1,62,\N,\N,\N,\N,\N,\N,11
4475,228,64,27,10,17,7,7,7,0,62,\N,\N,\N,\N,\N,\N,11
4476,228,57,1,7,11,8,8,8,0,61,\N,\N,\N,\N,\N,\N,5
4477,228,83,18,20,18,9,9,9,0,61,\N,\N,\N,\N,\N,\N,12
4478,228,69,28,22,21,10,10,10,0,59,\N,\N,\N,\N,\N,\N,14
4479,228,35,3,6,3,11,11,11,0,57,\N,\N,\N,\N,\N,\N,22
4480,228,44,27,9,13,\N,R,12,0,54,\N,\N,\N,\N,\N,\N,5
4481,228,79,25,18,16,\N,R,13,0,45,\N,\N,\N,\N,\N,\N,20
4482,228,14,1,8,4,\N,R,14,0,44,\N,\N,\N,\N,\N,\N,9
4483,228,73,29,16,20,\N,R,15,0,40,\N,\N,\N,\N,\N,\N,5
4484,228,50,29,17,14,\N,R,16,0,38,\N,\N,\N,\N,\N,\N,9
4485,228,84,17,12,12,\N,R,17,0,36,\N,\N,\N,\N,\N,\N,20
4486,228,49,15,15,10,\N,R,18,0,32,\N,\N,\N,\N,\N,\N,23
4487,228,21,18,21,19,\N,R,19,0,30,\N,\N,\N,\N,\N,\N,5
4488,228,65,15,14,15,\N,R,20,0,25,\N,\N,\N,\N,\N,\N,10
4489,228,63,25,19,8,\N,R,21,0,23,\N,\N,\N,\N,\N,\N,5
4490,228,85,28,23,22,\N,F,22,0,0,\N,\N,\N,\N,\N,\N,77
4491,229,44,27,9,14,1,1,1,10,75,2:00:45.629,7245629,\N,\N,\N,\N,1
4492,229,14,1,8,5,2,2,2,6,75,+4.828,7250457,\N,\N,\N,\N,1
4493,229,65,15,14,13,3,3,3,4,75,+37.503,7283132,\N,\N,\N,\N,1
4494,229,49,15,15,9,4,4,4,3,74,\N,\N,\N,\N,\N,\N,54
4495,229,63,25,19,11,5,5,5,2,70,\N,\N,\N,\N,\N,\N,4
4496,229,57,1,7,8,6,6,6,1,70,\N,\N,\N,\N,\N,\N,4
4497,229,56,6,2,7,7,7,7,0,68,\N,\N,\N,\N,\N,\N,4
4498,229,35,3,6,10,\N,R,8,0,66,\N,\N,\N,\N,\N,\N,4
4499,229,55,22,3,3,\N,R,9,0,60,\N,\N,\N,\N,\N,\N,22
4500,229,69,28,22,21,\N,R,10,0,60,\N,\N,\N,\N,\N,\N,4
4501,229,71,3,5,2,\N,R,11,0,40,\N,\N,\N,\N,\N,\N,5
4502,229,84,17,12,16,\N,R,12,0,30,\N,\N,\N,\N,\N,\N,20
4503,229,77,22,4,4,\N,R,13,0,9,\N,\N,\N,\N,\N,\N,6
4504,229,64,27,10,17,\N,R,14,0,5,\N,\N,\N,\N,\N,\N,7
4505,229,73,29,16,20,\N,R,15,0,3,\N,\N,\N,\N,\N,\N,20
4506,229,79,25,18,15,\N,R,16,0,2,\N,\N,\N,\N,\N,\N,20
4507,229,30,6,1,1,\N,R,17,0,0,\N,\N,\N,\N,\N,\N,20
4508,229,22,17,11,6,\N,R,18,0,0,\N,\N,\N,\N,\N,\N,20
4509,229,83,18,20,19,\N,R,19,0,0,\N,\N,\N,\N,\N,\N,4
4510,229,21,18,21,18,\N,R,20,0,0,\N,\N,\N,\N,\N,\N,4
4511,229,50,29,17,12,\N,R,21,0,0,\N,\N,\N,\N,\N,\N,20
4512,229,85,28,23,22,\N,F,22,0,0,\N,\N,\N,\N,\N,\N,82
4513,230,30,6,1,3,1,1,1,10,65,1:59:49.307,7189307,\N,\N,\N,\N,1
4514,230,55,22,3,4,2,2,2,6,65,+45.302,7234609,\N,\N,\N,\N,1
4515,230,35,3,6,2,3,3,3,4,65,+48.388,7237695,\N,\N,\N,\N,1
4516,230,49,15,15,11,4,4,4,3,64,\N,\N,\N,\N,\N,\N,11
4517,230,57,1,7,10,5,5,5,2,64,\N,\N,\N,\N,\N,\N,11
4518,230,64,27,10,17,6,6,6,1,63,\N,\N,\N,\N,\N,\N,12
4519,230,50,29,17,13,\N,R,7,0,47,\N,\N,\N,\N,\N,\N,20
4520,230,22,17,11,7,\N,R,8,0,45,\N,\N,\N,\N,\N,\N,24
4521,230,77,22,4,5,\N,R,9,0,44,\N,\N,\N,\N,\N,\N,20
4522,230,65,15,14,9,\N,R,10,0,20,\N,\N,\N,\N,\N,\N,20
4523,230,84,17,12,15,\N,R,11,0,17,\N,\N,\N,\N,\N,\N,24
4524,230,63,25,19,12,\N,D,12,0,16,\N,\N,\N,\N,\N,\N,2
4525,230,71,3,5,1,\N,R,13,0,10,\N,\N,\N,\N,\N,\N,20
4526,230,79,25,18,16,\N,R,14,0,8,\N,\N,\N,\N,\N,\N,10
4527,230,56,6,2,6,\N,R,15,0,1,\N,\N,\N,\N,\N,\N,20
4528,230,44,27,9,8,\N,R,16,0,1,\N,\N,\N,\N,\N,\N,4
4529,230,21,18,21,19,\N,R,17,0,1,\N,\N,\N,\N,\N,\N,4
4530,230,14,1,8,14,\N,R,18,0,0,\N,\N,\N,\N,\N,\N,4
4531,230,73,29,16,20,\N,R,19,0,0,\N,\N,\N,\N,\N,\N,4
4532,230,83,18,20,18,\N,R,20,0,0,\N,\N,\N,\N,\N,\N,4
4533,230,69,28,22,21,\N,F,21,0,0,\N,\N,\N,\N,\N,\N,77
4534,230,85,28,23,22,\N,F,22,0,0,\N,\N,\N,\N,\N,\N,77
4535,231,71,3,5,1,1,1,1,10,69,1:36:03.465,5763465,\N,\N,\N,\N,1
4536,231,35,3,6,2,2,2,2,6,69,+4.183,5767648,\N,\N,\N,\N,1
4537,231,55,22,3,4,3,3,3,4,69,+54.656,5818121,\N,\N,\N,\N,1
4538,231,14,1,8,10,4,4,4,3,69,+63.673,5827138,\N,\N,\N,\N,1
4539,231,57,1,7,6,5,5,5,2,68,\N,\N,\N,\N,\N,\N,11
4540,231,84,17,12,9,6,6,6,1,68,\N,\N,\N,\N,\N,\N,11
4541,231,65,15,14,15,7,7,7,0,68,\N,\N,\N,\N,\N,\N,11
4542,231,21,18,21,16,8,8,8,0,67,\N,\N,\N,\N,\N,\N,12
4543,231,83,18,20,19,\N,R,9,0,44,\N,\N,\N,\N,\N,\N,4
4544,231,69,28,22,20,\N,R,10,0,44,\N,\N,\N,\N,\N,\N,6
4545,231,77,22,4,7,\N,R,11,0,42,\N,\N,\N,\N,\N,\N,20
4546,231,30,6,1,3,\N,R,12,0,41,\N,\N,\N,\N,\N,\N,86
4547,231,44,27,9,11,\N,R,13,0,39,\N,\N,\N,\N,\N,\N,5
4548,231,63,25,19,14,\N,R,14,0,39,\N,\N,\N,\N,\N,\N,5
4549,231,64,27,10,18,\N,R,15,0,38,\N,\N,\N,\N,\N,\N,5
4550,231,22,17,11,8,\N,R,16,0,22,\N,\N,\N,\N,\N,\N,8
4551,231,85,28,23,22,\N,R,17,0,22,\N,\N,\N,\N,\N,\N,10
4552,231,49,15,15,12,\N,R,18,0,19,\N,\N,\N,\N,\N,\N,6
4553,231,50,29,17,13,\N,R,19,0,10,\N,\N,\N,\N,\N,\N,5
4554,231,73,29,16,21,\N,R,20,0,6,\N,\N,\N,\N,\N,\N,4
4555,231,79,25,18,17,\N,R,21,0,6,\N,\N,\N,\N,\N,\N,4
4556,231,56,6,2,5,\N,R,22,0,1,\N,\N,\N,\N,\N,\N,22
4557,232,71,3,5,2,1,1,1,10,72,1:36:28.795,5788795,\N,\N,\N,\N,1
4558,232,35,3,6,6,2,2,2,6,72,+8.127,5796922,\N,\N,\N,\N,1
4559,232,55,22,3,3,3,3,3,4,72,+46.442,5835237,\N,\N,\N,\N,1
4560,232,77,22,4,4,4,4,4,3,72,+46.859,5835654,\N,\N,\N,\N,1
4561,232,57,1,7,5,5,5,5,2,72,+62.774,5851569,\N,\N,\N,\N,1
4562,232,14,1,8,7,6,6,6,1,71,\N,\N,\N,\N,\N,\N,11
4563,232,44,27,9,9,7,7,7,0,71,\N,\N,\N,\N,\N,\N,11
4564,232,84,17,12,8,8,8,8,0,71,\N,\N,\N,\N,\N,\N,11
4565,232,22,17,11,10,9,9,9,0,71,\N,\N,\N,\N,\N,\N,11
4566,232,63,25,19,13,10,10,10,0,70,\N,\N,\N,\N,\N,\N,12
4567,232,73,29,16,19,11,11,11,0,69,\N,\N,\N,\N,\N,\N,13
4568,232,83,18,20,18,12,12,12,0,69,\N,\N,\N,\N,\N,\N,13
4569,232,65,15,14,16,\N,D,13,0,70,\N,\N,\N,\N,\N,\N,2
4570,232,49,15,15,12,\N,R,14,0,56,\N,\N,\N,\N,\N,\N,37
4571,232,79,25,18,14,\N,R,15,0,33,\N,\N,\N,\N,\N,\N,5
4572,232,69,28,22,20,\N,R,16,0,29,\N,\N,\N,\N,\N,\N,69
4573,232,64,27,10,11,\N,R,17,0,28,\N,\N,\N,\N,\N,\N,5
4574,232,50,29,17,15,\N,R,18,0,10,\N,\N,\N,\N,\N,\N,38
4575,232,56,6,2,22,\N,R,19,0,5,\N,\N,\N,\N,\N,\N,6
4576,232,21,18,21,17,\N,R,20,0,2,\N,\N,\N,\N,\N,\N,48
4577,232,85,28,23,21,\N,R,21,0,2,\N,\N,\N,\N,\N,\N,10
4578,232,30,6,1,1,\N,W,22,0,0,\N,\N,\N,\N,\N,\N,5
4579,233,35,3,6,2,1,1,1,10,61,1:33:00.874,5580874,\N,\N,\N,\N,1
4580,233,77,22,4,7,2,2,2,6,61,+19.026,5599900,\N,\N,\N,\N,1
4581,233,57,1,7,4,3,3,3,4,61,+50.830,5631704,\N,\N,\N,\N,1
4582,233,22,17,11,6,4,4,4,3,61,+66.716,5647590,\N,\N,\N,\N,1
4583,233,14,1,8,9,5,5,5,2,61,+82.507,5663381,\N,\N,\N,\N,1
4584,233,84,17,12,8,6,6,6,1,60,\N,\N,\N,\N,\N,\N,11
4585,233,63,25,19,14,7,7,7,0,60,\N,\N,\N,\N,\N,\N,11
4586,233,49,15,15,11,8,8,8,0,60,\N,\N,\N,\N,\N,\N,11
4587,233,65,15,14,13,9,9,9,0,60,\N,\N,\N,\N,\N,\N,11
4588,233,50,29,17,15,10,10,10,0,60,\N,\N,\N,\N,\N,\N,11
4589,233,21,18,21,18,11,11,11,0,59,\N,\N,\N,\N,\N,\N,12
4590,233,55,22,3,5,\N,R,12,0,44,\N,\N,\N,\N,\N,\N,23
4591,233,44,27,9,16,\N,R,13,0,40,\N,\N,\N,\N,\N,\N,64
4592,233,64,27,10,17,\N,R,14,0,38,\N,\N,\N,\N,\N,\N,5
4593,233,71,3,5,1,\N,R,15,0,26,\N,\N,\N,\N,\N,\N,36
4594,233,83,18,20,19,\N,R,16,0,21,\N,\N,\N,\N,\N,\N,6
4595,233,73,29,16,20,\N,R,17,0,13,\N,\N,\N,\N,\N,\N,10
4596,233,79,25,18,12,\N,R,18,0,12,\N,\N,\N,\N,\N,\N,5
4597,233,56,6,2,10,\N,R,19,0,5,\N,\N,\N,\N,\N,\N,24
4598,233,30,6,1,3,\N,R,20,0,3,\N,\N,\N,\N,\N,\N,9
4599,233,85,28,23,21,\N,F,21,0,0,\N,\N,\N,\N,\N,\N,81
4600,233,69,28,22,22,\N,F,22,0,0,\N,\N,\N,\N,\N,\N,81
4601,234,71,3,5,1,1,1,1,10,45,1:21:43.417,4903417,\N,\N,\N,\N,1
4602,234,55,22,3,5,2,2,2,6,45,+11.452,4914869,\N,\N,\N,\N,1
4603,234,35,3,6,6,3,3,3,4,45,+33.926,4937343,\N,\N,\N,\N,1
4604,234,30,6,1,3,4,4,4,3,45,+41.517,4944934,\N,\N,\N,\N,1
4605,234,14,1,8,7,5,5,5,2,45,+42.196,4945613,\N,\N,\N,\N,1
4606,234,22,17,11,9,6,6,6,1,45,+102.099,5005516,\N,\N,\N,\N,1
4607,234,44,27,9,12,7,7,7,0,45,+103.912,5007329,\N,\N,\N,\N,1
4608,234,49,15,15,13,8,8,8,0,44,\N,\N,\N,\N,\N,\N,11
4609,234,63,25,19,15,9,9,9,0,44,\N,\N,\N,\N,\N,\N,11
4610,234,84,17,12,10,10,10,10,0,44,\N,\N,\N,\N,\N,\N,11
4611,234,73,29,16,19,11,11,11,0,44,\N,\N,\N,\N,\N,\N,11
4612,234,83,18,20,18,12,12,12,0,43,\N,\N,\N,\N,\N,\N,12
4613,234,77,22,4,2,13,13,13,0,42,\N,\N,\N,\N,\N,\N,5
4614,234,56,6,2,8,\N,R,14,0,34,\N,\N,\N,\N,\N,\N,5
4615,234,65,15,14,14,\N,R,15,0,25,\N,\N,\N,\N,\N,\N,76
4616,234,64,27,10,11,\N,R,16,0,19,\N,\N,\N,\N,\N,\N,5
4617,234,79,25,18,16,\N,R,17,0,19,\N,\N,\N,\N,\N,\N,20
4618,234,57,1,7,4,\N,R,18,0,13,\N,\N,\N,\N,\N,\N,6
4619,234,50,29,17,17,\N,R,19,0,0,\N,\N,\N,\N,\N,\N,4
4620,234,86,18,21,0,\N,F,20,0,0,\N,\N,\N,\N,\N,\N,81
4621,235,35,3,6,3,1,1,1,10,77,1:46:21.134,6381134,\N,\N,\N,\N,1
4622,235,71,3,5,2,2,2,2,6,77,+0.771,6381905,\N,\N,\N,\N,1
4623,235,55,22,3,5,3,3,3,4,77,+84.212,6465346,\N,\N,\N,\N,1
4624,235,57,1,7,7,4,4,4,3,76,\N,\N,\N,\N,\N,\N,11
4625,235,44,27,9,11,5,5,5,2,76,\N,\N,\N,\N,\N,\N,11
4626,235,22,17,11,13,6,6,6,1,75,\N,\N,\N,\N,\N,\N,12
4627,235,79,25,18,14,7,7,7,0,74,\N,\N,\N,\N,\N,\N,13
4628,235,73,29,16,18,8,8,8,0,74,\N,\N,\N,\N,\N,\N,13
4629,235,30,6,1,1,9,9,9,0,70,\N,\N,\N,\N,\N,\N,37
4630,235,86,18,21,20,10,10,10,0,69,\N,\N,\N,\N,\N,\N,20
4631,235,77,22,4,6,\N,R,11,0,64,\N,\N,\N,\N,\N,\N,5
4632,235,49,15,15,10,\N,R,12,0,50,\N,\N,\N,\N,\N,\N,10
4633,235,65,15,14,8,\N,R,13,0,35,\N,\N,\N,\N,\N,\N,5
4634,235,56,6,2,4,\N,R,14,0,31,\N,\N,\N,\N,\N,\N,6
4635,235,83,18,20,19,\N,R,15,0,24,\N,\N,\N,\N,\N,\N,22
4636,235,14,1,8,9,\N,R,16,0,23,\N,\N,\N,\N,\N,\N,5
4637,235,50,29,17,17,\N,R,17,0,10,\N,\N,\N,\N,\N,\N,20
4638,235,84,17,12,12,\N,R,18,0,5,\N,\N,\N,\N,\N,\N,20
4639,235,64,27,10,15,\N,R,19,0,1,\N,\N,\N,\N,\N,\N,4
4640,235,63,25,19,16,\N,R,20,0,0,\N,\N,\N,\N,\N,\N,4
4641,236,30,6,1,3,1,1,1,10,44,1:28:15.125,5295125,\N,\N,\N,\N,1
4642,236,35,3,6,1,2,2,2,6,44,+5.602,5300727,\N,\N,\N,\N,1
4643,236,57,1,7,6,3,3,3,4,44,+15.710,5310835,\N,\N,\N,\N,1
4644,236,55,22,3,7,4,4,4,3,44,+19.125,5314250,\N,\N,\N,\N,1
4645,236,71,3,5,2,5,5,5,2,44,+29.179,5324304,\N,\N,\N,\N,1
4646,236,77,22,4,5,6,6,6,1,44,+29.896,5325021,\N,\N,\N,\N,1
4647,236,63,25,19,13,7,7,7,0,44,+60.754,5355879,\N,\N,\N,\N,1
4648,236,79,25,18,17,8,8,8,0,44,+100.227,5395352,\N,\N,\N,\N,1
4649,236,73,29,16,18,9,9,9,0,43,\N,\N,\N,\N,\N,\N,11
4650,236,83,18,20,19,10,10,10,0,43,\N,\N,\N,\N,\N,\N,11
4651,236,14,1,8,4,\N,R,11,0,37,\N,\N,\N,\N,\N,\N,20
4652,236,84,17,12,8,\N,R,12,0,34,\N,\N,\N,\N,\N,\N,5
4653,236,56,6,2,9,\N,R,13,0,29,\N,\N,\N,\N,\N,\N,6
4654,236,22,17,11,10,\N,R,14,0,29,\N,\N,\N,\N,\N,\N,22
4655,236,64,27,10,15,\N,R,15,0,22,\N,\N,\N,\N,\N,\N,10
4656,236,50,29,17,16,\N,R,16,0,11,\N,\N,\N,\N,\N,\N,3
4657,236,49,15,15,11,\N,R,17,0,0,\N,\N,\N,\N,\N,\N,4
4658,236,65,15,14,12,\N,R,18,0,0,\N,\N,\N,\N,\N,\N,4
4659,236,44,27,9,14,\N,R,19,0,0,\N,\N,\N,\N,\N,\N,4
4660,236,86,18,21,0,\N,F,20,0,0,\N,\N,\N,\N,\N,\N,81
4661,237,30,6,1,3,1,1,1,10,53,1:17:43.632,4663632,\N,\N,\N,\N,1
4662,237,55,22,3,6,2,2,2,6,53,+18.265,4681897,\N,\N,\N,\N,1
4663,237,57,1,7,4,3,3,3,4,53,+66.635,4730267,\N,\N,\N,\N,1
4664,237,84,17,12,9,4,4,4,3,53,+85.217,4748849,\N,\N,\N,\N,1
4665,237,22,17,11,10,5,5,5,2,53,+85.475,4749107,\N,\N,\N,\N,1
4666,237,64,27,10,14,6,6,6,1,52,\N,\N,\N,\N,\N,\N,11
4667,237,35,3,6,2,7,7,7,0,52,\N,\N,\N,\N,\N,\N,11
4668,237,50,29,17,15,8,8,8,0,52,\N,\N,\N,\N,\N,\N,11
4669,237,65,15,14,12,9,9,9,0,51,\N,\N,\N,\N,\N,\N,5
4670,237,79,25,18,16,10,10,10,0,51,\N,\N,\N,\N,\N,\N,12
4671,237,73,29,16,19,\N,R,11,0,36,\N,\N,\N,\N,\N,\N,20
4672,237,56,6,2,7,\N,R,12,0,23,\N,\N,\N,\N,\N,\N,20
4673,237,83,18,20,18,\N,R,13,0,12,\N,\N,\N,\N,\N,\N,5
4674,237,63,25,19,17,\N,R,14,0,9,\N,\N,\N,\N,\N,\N,5
4675,237,49,15,15,13,\N,R,15,0,7,\N,\N,\N,\N,\N,\N,20
4676,237,71,3,5,1,\N,R,16,0,5,\N,\N,\N,\N,\N,\N,20
4677,237,86,18,21,20,\N,R,17,0,5,\N,\N,\N,\N,\N,\N,5
4678,237,77,22,4,8,\N,R,18,0,4,\N,\N,\N,\N,\N,\N,9
4679,237,44,27,9,11,\N,R,19,0,2,\N,\N,\N,\N,\N,\N,20
4680,237,14,1,8,5,\N,R,20,0,1,\N,\N,\N,\N,\N,\N,20
4681,238,35,3,6,2,1,1,1,10,70,1:40:22.915,6022915,\N,\N,\N,\N,1
4682,238,71,3,5,1,2,2,2,6,70,+19.966,6042881,\N,\N,\N,\N,1
4683,238,30,6,1,4,3,3,3,4,70,+53.765,6076680,\N,\N,\N,\N,1
4684,238,55,22,3,3,4,4,4,3,70,+55.109,6078024,\N,\N,\N,\N,1
4685,238,56,6,2,6,5,5,5,2,70,+87.389,6110304,\N,\N,\N,\N,1
4686,238,77,22,4,5,6,6,6,1,70,+93.141,6116056,\N,\N,\N,\N,1
4687,238,49,15,15,11,7,7,7,0,69,\N,\N,\N,\N,\N,\N,11
4688,238,65,15,14,12,8,8,8,0,69,\N,\N,\N,\N,\N,\N,11
4689,238,84,17,12,10,9,9,9,0,69,\N,\N,\N,\N,\N,\N,11
4690,238,44,27,9,15,10,10,10,0,69,\N,\N,\N,\N,\N,\N,11
4691,238,63,25,19,13,11,11,11,0,69,\N,\N,\N,\N,\N,\N,11
4692,238,79,25,18,14,12,12,12,0,68,\N,\N,\N,\N,\N,\N,12
4693,238,14,1,8,8,13,13,13,0,68,\N,\N,\N,\N,\N,\N,12
4694,238,73,29,16,17,14,14,14,0,67,\N,\N,\N,\N,\N,\N,13
4695,238,86,18,21,20,15,15,15,0,65,\N,\N,\N,\N,\N,\N,15
4696,238,83,18,20,19,16,16,16,0,65,\N,\N,\N,\N,\N,\N,15
4697,238,57,1,7,7,\N,R,17,0,52,\N,\N,\N,\N,\N,\N,4
4698,238,50,29,17,16,\N,R,18,0,47,\N,\N,\N,\N,\N,\N,5
4699,238,64,27,10,18,\N,R,19,0,46,\N,\N,\N,\N,\N,\N,4
4700,238,22,17,11,9,\N,R,20,0,41,\N,\N,\N,\N,\N,\N,20
4701,239,71,3,5,2,1,1,1,10,52,1:32:33.791,5553791,\N,\N,\N,\N,1
4702,239,30,6,1,3,2,2,2,6,52,+1.883,5555674,\N,\N,\N,\N,1
4703,239,57,1,7,5,3,3,3,4,52,+3.212,5557003,\N,\N,\N,\N,1
4704,239,77,22,4,4,4,4,4,3,52,+26.526,5580317,\N,\N,\N,\N,1
4705,239,84,17,12,10,5,5,5,2,52,+67.120,5620911,\N,\N,\N,\N,1
4706,239,49,15,15,7,6,6,6,1,52,+81.186,5634977,\N,\N,\N,\N,1
4707,239,44,27,9,12,7,7,7,0,52,+84.510,5638301,\N,\N,\N,\N,1
4708,239,14,1,8,8,8,8,8,0,52,+85.233,5639024,\N,\N,\N,\N,1
4709,239,22,17,11,11,9,9,9,0,52,+101.065,5654856,\N,\N,\N,\N,1
4710,239,65,15,14,13,10,10,10,0,52,+101.799,5655590,\N,\N,\N,\N,1
4711,239,50,29,17,17,11,11,11,0,51,\N,\N,\N,\N,\N,\N,11
4712,239,83,18,20,18,12,12,12,0,50,\N,\N,\N,\N,\N,\N,12
4713,239,73,29,16,19,13,13,13,0,50,\N,\N,\N,\N,\N,\N,12
4714,239,56,6,2,6,\N,R,14,0,39,\N,\N,\N,\N,\N,\N,4
4715,239,79,25,18,14,\N,R,15,0,37,\N,\N,\N,\N,\N,\N,5
4716,239,35,3,6,1,\N,R,16,0,36,\N,\N,\N,\N,\N,\N,36
4717,239,63,25,19,15,\N,R,17,0,20,\N,\N,\N,\N,\N,\N,5
4718,239,64,27,10,16,\N,R,18,0,13,\N,\N,\N,\N,\N,\N,20
4719,239,55,22,3,9,\N,R,19,0,0,\N,\N,\N,\N,\N,\N,20
4720,239,86,18,21,20,\N,F,20,0,0,\N,\N,\N,\N,\N,\N,81
4721,240,30,22,1,2,1,1,1,10,71,1:38:34.154,5914154,\N,\N,\N,\N,1
4722,240,14,3,6,3,2,2,2,6,71,+11.060,5925214,\N,\N,\N,\N,1
4723,240,77,6,28,5,3,3,3,4,70,\N,\N,\N,\N,\N,\N,11
4724,240,57,1,8,7,4,4,4,3,70,\N,\N,\N,\N,\N,\N,11
4725,240,55,6,27,6,5,5,5,2,70,\N,\N,\N,\N,\N,\N,11
4726,240,87,1,7,9,6,6,6,1,70,\N,\N,\N,\N,\N,\N,11
4727,240,63,25,4,12,7,7,7,0,69,\N,\N,\N,\N,\N,\N,12
4728,240,88,27,25,15,8,8,8,0,69,\N,\N,\N,\N,\N,\N,12
4729,240,85,30,17,22,9,9,9,0,65,\N,\N,\N,\N,\N,\N,16
4730,240,64,28,21,25,10,10,10,0,64,\N,\N,\N,\N,\N,\N,17
4731,240,81,29,9,13,\N,R,11,0,62,\N,\N,\N,\N,\N,\N,5
4732,240,89,29,10,21,\N,R,12,0,48,\N,\N,\N,\N,\N,\N,5
4733,240,69,18,24,18,\N,R,13,0,47,\N,\N,\N,\N,\N,\N,5
4734,240,90,28,22,23,\N,R,14,0,47,\N,\N,\N,\N,\N,\N,20
4735,240,91,15,29,19,\N,R,15,0,41,\N,\N,\N,\N,\N,\N,10
4736,240,71,3,5,1,\N,R,16,0,30,\N,\N,\N,\N,\N,\N,6
4737,240,65,22,2,4,\N,R,17,0,30,\N,\N,\N,\N,\N,\N,4
4738,240,92,30,16,20,\N,R,18,0,23,\N,\N,\N,\N,\N,\N,6
4739,240,22,17,14,16,\N,R,19,0,16,\N,\N,\N,\N,\N,\N,6
4740,240,50,31,12,24,\N,R,20,0,16,\N,\N,\N,\N,\N,\N,6
4741,240,79,25,3,11,\N,R,21,0,15,\N,\N,\N,\N,\N,\N,20
4742,240,56,17,15,8,\N,R,22,0,15,\N,\N,\N,\N,\N,\N,8
4743,240,93,31,11,26,\N,R,23,0,12,\N,\N,\N,\N,\N,\N,38
4744,240,49,15,30,14,\N,R,24,0,10,\N,\N,\N,\N,\N,\N,10
4745,240,44,27,26,10,\N,R,25,0,0,\N,\N,\N,\N,\N,\N,4
4746,240,94,18,23,17,\N,R,26,0,0,\N,\N,\N,\N,\N,\N,6
4747,241,71,3,5,2,1,1,1,10,72,1:53:14.532,6794532,\N,\N,\N,\N,1
4748,241,55,6,27,6,2,2,2,6,72,+6.407,6800939,\N,\N,\N,\N,1
4749,241,30,22,1,3,3,3,3,4,72,+33.376,6827908,\N,\N,\N,\N,1
4750,241,65,22,2,11,4,4,4,3,71,\N,\N,\N,\N,\N,\N,11
4751,241,49,15,30,9,5,5,5,2,70,\N,\N,\N,\N,\N,\N,12
4752,241,77,6,28,8,6,6,6,1,70,\N,\N,\N,\N,\N,\N,12
4753,241,44,27,26,18,7,7,7,0,70,\N,\N,\N,\N,\N,\N,12
4754,241,79,25,3,15,8,8,8,0,69,\N,\N,\N,\N,\N,\N,13
4755,241,93,31,11,20,9,9,9,0,68,\N,\N,\N,\N,\N,\N,14
4756,241,64,28,21,25,\N,N,10,0,63,\N,\N,\N,\N,\N,\N,62
4757,241,90,28,22,24,\N,N,11,0,63,\N,\N,\N,\N,\N,\N,62
4758,241,63,25,4,7,\N,R,12,0,48,\N,\N,\N,\N,\N,\N,4
4759,241,88,27,25,19,\N,R,13,0,47,\N,\N,\N,\N,\N,\N,4
4760,241,94,18,23,16,\N,R,14,0,44,\N,\N,\N,\N,\N,\N,20
4761,241,81,29,9,12,\N,R,15,0,43,\N,\N,\N,\N,\N,\N,10
4762,241,89,29,10,26,\N,R,16,0,40,\N,\N,\N,\N,\N,\N,20
4763,241,22,17,14,10,\N,R,17,0,33,\N,\N,\N,\N,\N,\N,51
4764,241,50,31,12,14,\N,R,18,0,23,\N,\N,\N,\N,\N,\N,6
4765,241,14,3,6,1,\N,R,19,0,16,\N,\N,\N,\N,\N,\N,10
4766,241,87,1,7,17,\N,R,20,0,9,\N,\N,\N,\N,\N,\N,44
4767,241,56,17,15,4,\N,R,21,0,6,\N,\N,\N,\N,\N,\N,5
4768,241,85,30,17,22,\N,R,22,0,1,\N,\N,\N,\N,\N,\N,4
4769,241,57,1,8,5,\N,R,23,0,0,\N,\N,\N,\N,\N,\N,4
4770,241,92,30,16,23,\N,R,24,0,0,\N,\N,\N,\N,\N,\N,4
4771,241,91,15,29,21,\N,R,25,0,0,\N,\N,\N,\N,\N,\N,4
4772,241,69,18,24,13,\N,R,26,0,0,\N,\N,\N,\N,\N,\N,4
4773,242,71,3,5,4,1,1,1,10,63,1:41:42.522,6102522,\N,\N,\N,\N,1
4774,242,55,6,27,5,2,2,2,6,63,+18.510,6121032,\N,\N,\N,\N,1
4775,242,77,6,28,2,3,3,3,4,63,+43.116,6145638,\N,\N,\N,\N,1
4776,242,14,3,6,3,4,4,4,3,63,+51.890,6154412,\N,\N,\N,\N,1
4777,242,57,1,8,6,5,5,5,2,62,\N,\N,\N,\N,\N,\N,11
4778,242,49,15,30,14,6,6,6,1,62,\N,\N,\N,\N,\N,\N,11
4779,242,65,22,2,8,7,7,7,0,61,\N,\N,\N,\N,\N,\N,12
4780,242,56,17,15,7,8,8,8,0,61,\N,\N,\N,\N,\N,\N,12
4781,242,44,27,26,12,9,9,9,0,61,\N,\N,\N,\N,\N,\N,12
4782,242,95,1,7,9,10,10,10,0,61,\N,\N,\N,\N,\N,\N,12
4783,242,88,27,25,16,11,11,11,0,60,\N,\N,\N,\N,\N,\N,13
4784,242,94,18,23,18,12,12,12,0,59,\N,\N,\N,\N,\N,\N,14
4785,242,81,29,9,11,13,13,13,0,59,\N,\N,\N,\N,\N,\N,14
4786,242,69,18,24,20,14,14,14,0,59,\N,\N,\N,\N,\N,\N,14
4787,242,64,28,21,26,\N,N,15,0,56,\N,\N,\N,\N,\N,\N,62
4788,242,90,28,22,25,\N,N,16,0,56,\N,\N,\N,\N,\N,\N,62
4789,242,91,15,29,21,\N,R,17,0,43,\N,\N,\N,\N,\N,\N,36
4790,242,92,30,16,22,\N,R,18,0,36,\N,\N,\N,\N,\N,\N,6
4791,242,93,31,11,23,\N,R,19,0,35,\N,\N,\N,\N,\N,\N,22
4792,242,22,17,14,10,\N,R,20,0,31,\N,\N,\N,\N,\N,\N,7
4793,242,79,25,3,15,\N,R,21,0,23,\N,\N,\N,\N,\N,\N,20
4794,242,63,25,4,13,\N,R,22,0,19,\N,\N,\N,\N,\N,\N,5
4795,242,85,30,17,24,\N,R,23,0,15,\N,\N,\N,\N,\N,\N,6
4796,242,50,31,12,17,\N,R,24,0,14,\N,\N,\N,\N,\N,\N,6
4797,242,89,29,10,19,\N,R,25,0,12,\N,\N,\N,\N,\N,\N,20
4798,242,30,22,1,1,\N,R,26,0,10,\N,\N,\N,\N,\N,\N,20
4799,243,30,22,1,1,1,1,1,10,65,1:34:20.507,5660507,\N,\N,\N,\N,1
4800,243,65,22,2,7,2,2,2,6,65,+51.988,5712495,\N,\N,\N,\N,1
4801,243,77,6,28,3,3,3,3,4,65,+1:05.237,5725744,\N,\N,\N,\N,1
4802,243,71,3,5,5,4,4,4,3,65,+2:01.749,5782256,\N,\N,\N,\N,1
4803,243,56,17,15,6,5,5,5,2,64,\N,\N,\N,\N,\N,\N,11
4804,243,44,27,26,15,6,6,6,1,64,\N,\N,\N,\N,\N,\N,11
4805,243,22,17,14,8,7,7,7,0,64,\N,\N,\N,\N,\N,\N,11
4806,243,49,15,30,12,8,8,8,0,64,\N,\N,\N,\N,\N,\N,11
4807,243,84,27,25,11,9,9,9,0,64,\N,\N,\N,\N,\N,\N,11
4808,243,63,25,4,13,10,10,10,0,64,\N,\N,\N,\N,\N,\N,11
4809,243,81,29,9,14,11,11,11,0,63,\N,\N,\N,\N,\N,\N,12
4810,243,50,31,12,16,12,12,12,0,63,\N,\N,\N,\N,\N,\N,12
4811,243,91,15,29,20,13,13,13,0,63,\N,\N,\N,\N,\N,\N,12
4812,243,94,18,23,19,14,14,14,0,62,\N,\N,\N,\N,\N,\N,13
4813,243,93,31,11,22,15,15,15,0,61,\N,\N,\N,\N,\N,\N,14
4814,243,79,25,3,17,\N,R,16,0,56,\N,\N,\N,\N,\N,\N,5
4815,243,14,3,6,4,\N,R,17,0,54,\N,\N,\N,\N,\N,\N,6
4816,243,57,1,8,9,\N,R,18,0,53,\N,\N,\N,\N,\N,\N,69
4817,243,89,29,10,18,\N,R,19,0,43,\N,\N,\N,\N,\N,\N,7
4818,243,92,30,16,24,\N,R,20,0,43,\N,\N,\N,\N,\N,\N,42
4819,243,90,28,22,25,\N,R,21,0,39,\N,\N,\N,\N,\N,\N,25
4820,243,55,6,27,2,\N,R,22,0,25,\N,\N,\N,\N,\N,\N,5
4821,243,69,18,24,21,\N,R,23,0,21,\N,\N,\N,\N,\N,\N,6
4822,243,95,1,7,10,\N,R,24,0,18,\N,\N,\N,\N,\N,\N,64
4823,243,64,28,21,26,\N,R,25,0,17,\N,\N,\N,\N,\N,\N,6
4824,243,85,30,17,23,\N,W,26,0,0,\N,\N,\N,\N,\N,\N,54
4825,244,30,22,1,2,1,1,1,10,78,1:53:11.258,6791258,\N,\N,\N,\N,1
4826,244,71,3,5,1,2,2,2,6,78,+34.817,6826075,\N,\N,\N,\N,1
4827,244,77,6,28,4,3,3,3,4,78,+1:11.447,6862705,\N,\N,\N,\N,1
4828,244,65,22,2,7,4,4,4,3,77,\N,\N,\N,\N,\N,\N,11
4829,244,87,1,7,10,5,5,5,2,77,\N,\N,\N,\N,\N,\N,11
4830,244,49,15,30,14,6,6,6,1,76,\N,\N,\N,\N,\N,\N,12
4831,244,94,18,23,18,7,7,7,0,76,\N,\N,\N,\N,\N,\N,12
4832,244,96,15,29,19,8,8,8,0,74,\N,\N,\N,\N,\N,\N,14
4833,244,81,29,9,13,9,9,9,0,74,\N,\N,\N,\N,\N,\N,14
4834,244,64,28,21,22,10,10,10,0,72,\N,\N,\N,\N,\N,\N,16
4835,244,69,18,24,16,\N,R,11,0,68,\N,\N,\N,\N,\N,\N,22
4836,244,44,27,26,12,\N,R,12,0,65,\N,\N,\N,\N,\N,\N,20
4837,244,63,25,4,17,\N,R,13,0,63,\N,\N,\N,\N,\N,\N,6
4838,244,22,17,14,11,\N,R,14,0,60,\N,\N,\N,\N,\N,\N,37
4839,244,92,30,16,21,\N,R,15,0,42,\N,\N,\N,\N,\N,\N,6
4840,244,55,6,27,5,\N,R,16,0,41,\N,\N,\N,\N,\N,\N,20
4841,244,84,27,25,8,\N,R,17,0,40,\N,\N,\N,\N,\N,\N,20
4842,244,89,29,10,26,\N,R,18,0,27,\N,\N,\N,\N,\N,\N,6
4843,244,79,25,3,15,\N,R,19,0,26,\N,\N,\N,\N,\N,\N,20
4844,244,85,30,17,25,\N,D,20,0,23,\N,\N,\N,\N,\N,\N,2
4845,244,56,17,15,9,\N,R,21,0,22,\N,\N,\N,\N,\N,\N,20
4846,244,14,3,6,3,\N,R,22,0,16,\N,\N,\N,\N,\N,\N,6
4847,244,90,28,22,24,\N,R,23,0,9,\N,\N,\N,\N,\N,\N,23
4848,244,57,1,8,6,\N,R,24,0,8,\N,\N,\N,\N,\N,\N,5
4849,244,50,31,12,23,\N,W,25,0,0,\N,\N,\N,\N,\N,\N,6
4850,244,93,31,11,20,\N,W,26,0,0,\N,\N,\N,\N,\N,\N,54
4851,245,55,6,27,5,1,1,1,10,68,1:44:54.171,6294171,\N,\N,\N,\N,1
4852,245,22,17,14,9,2,2,2,6,68,+31.687,6325858,\N,\N,\N,\N,1
4853,245,56,17,15,8,3,3,3,4,68,+33.270,6327441,\N,\N,\N,\N,1
4854,245,44,27,26,11,4,4,4,3,68,+36.506,6330677,\N,\N,\N,\N,1
4855,245,30,22,1,1,5,5,5,2,68,+37.060,6331231,\N,\N,\N,\N,1
4856,245,81,29,9,13,6,6,6,1,67,\N,\N,\N,\N,\N,\N,11
4857,245,63,25,4,15,7,7,7,0,67,\N,\N,\N,\N,\N,\N,11
4858,245,69,18,24,19,8,8,8,0,67,\N,\N,\N,\N,\N,\N,11
4859,245,89,29,10,22,9,9,9,0,66,\N,\N,\N,\N,\N,\N,12
4860,245,84,27,25,14,10,10,10,0,61,\N,\N,\N,\N,\N,\N,4
4861,245,77,6,28,4,11,11,11,0,61,\N,\N,\N,\N,\N,\N,4
4862,245,94,18,23,17,\N,R,12,0,60,\N,\N,\N,\N,\N,\N,37
4863,245,90,28,22,23,\N,R,13,0,54,\N,\N,\N,\N,\N,\N,69
4864,245,71,3,5,2,\N,R,14,0,50,\N,\N,\N,\N,\N,\N,6
4865,245,87,1,7,10,\N,R,15,0,47,\N,\N,\N,\N,\N,\N,5
4866,245,79,25,3,16,\N,R,16,0,42,\N,\N,\N,\N,\N,\N,5
4867,245,92,30,16,20,\N,R,17,0,36,\N,\N,\N,\N,\N,\N,84
4868,245,49,15,30,12,\N,R,18,0,26,\N,\N,\N,\N,\N,\N,5
4869,245,64,28,21,24,\N,R,19,0,26,\N,\N,\N,\N,\N,\N,6
4870,245,96,15,29,18,\N,R,20,0,19,\N,\N,\N,\N,\N,\N,20
4871,245,85,30,17,21,\N,R,21,0,5,\N,\N,\N,\N,\N,\N,6
4872,245,14,3,6,3,\N,R,22,0,1,\N,\N,\N,\N,\N,\N,20
4873,245,65,22,2,6,\N,R,23,0,0,\N,\N,\N,\N,\N,\N,4
4874,245,57,1,8,7,\N,R,24,0,0,\N,\N,\N,\N,\N,\N,4
4875,246,30,22,1,2,1,1,1,10,72,1:38:28.429,5908429,\N,\N,\N,\N,1
4876,246,71,3,5,1,2,2,2,6,72,+31.309,5939738,\N,\N,\N,\N,1
4877,246,14,3,6,3,3,3,3,4,72,+1:02.826,5971255,\N,\N,\N,\N,1
4878,246,84,27,25,9,4,4,4,3,72,+1:03.293,5971722,\N,\N,\N,\N,1
4879,246,55,6,27,4,5,5,5,2,72,+1:17.869,5986298,\N,\N,\N,\N,1
4880,246,22,17,14,5,6,6,6,1,71,\N,\N,\N,\N,\N,\N,11
4881,246,57,1,8,8,7,7,7,0,71,\N,\N,\N,\N,\N,\N,11
4882,246,44,27,26,6,8,8,8,0,71,\N,\N,\N,\N,\N,\N,11
4883,246,56,17,15,11,9,9,9,0,71,\N,\N,\N,\N,\N,\N,11
4884,246,49,15,30,12,10,10,10,0,71,\N,\N,\N,\N,\N,\N,11
4885,246,87,1,7,13,11,11,11,0,70,\N,\N,\N,\N,\N,\N,12
4886,246,77,6,28,7,12,12,12,0,70,\N,\N,\N,\N,\N,\N,12
4887,246,69,18,24,17,13,13,13,0,69,\N,\N,\N,\N,\N,\N,13
4888,246,81,29,9,16,14,14,14,0,69,\N,\N,\N,\N,\N,\N,13
4889,246,63,25,4,14,15,15,15,0,69,\N,\N,\N,\N,\N,\N,13
4890,246,90,28,22,24,16,16,16,0,66,\N,\N,\N,\N,\N,\N,16
4891,246,85,30,17,21,\N,N,17,0,62,\N,\N,\N,\N,\N,\N,62
4892,246,96,15,29,15,\N,R,18,0,48,\N,\N,\N,\N,\N,\N,6
4893,246,92,30,16,22,\N,R,19,0,24,\N,\N,\N,\N,\N,\N,6
4894,246,94,18,23,20,\N,R,20,0,23,\N,\N,\N,\N,\N,\N,6
4895,246,65,22,2,10,\N,R,21,0,2,\N,\N,\N,\N,\N,\N,20
4896,246,89,29,10,18,\N,R,22,0,0,\N,\N,\N,\N,\N,\N,4
4897,246,79,25,3,19,\N,R,23,0,0,\N,\N,\N,\N,\N,\N,4
4898,246,64,28,21,23,\N,R,24,0,0,\N,\N,\N,\N,\N,\N,20
4899,247,65,22,2,5,1,1,1,10,61,1:34:35.093,5675093,\N,\N,\N,\N,1
4900,247,55,6,27,6,2,2,2,6,61,+16.479,5691572,\N,\N,\N,\N,1
4901,247,14,3,6,3,3,3,3,4,61,+23.888,5698981,\N,\N,\N,\N,1
4902,247,44,27,26,13,4,4,4,3,61,+1:33.168,5768261,\N,\N,\N,\N,1
4903,247,87,1,7,10,5,5,5,2,61,+1:48.172,5783265,\N,\N,\N,\N,1
4904,247,49,15,30,12,6,6,6,1,60,\N,\N,\N,\N,\N,\N,11
4905,247,94,18,23,15,7,7,7,0,60,\N,\N,\N,\N,\N,\N,11
4906,247,63,25,4,23,8,8,8,0,60,\N,\N,\N,\N,\N,\N,11
4907,247,96,15,29,16,9,9,9,0,60,\N,\N,\N,\N,\N,\N,11
4908,247,69,18,24,18,10,10,10,0,60,\N,\N,\N,\N,\N,\N,11
4909,247,22,17,14,9,11,11,11,0,59,\N,\N,\N,\N,\N,\N,4
4910,247,92,30,16,21,12,12,12,0,58,\N,\N,\N,\N,\N,\N,13
4911,247,90,28,22,22,\N,R,13,0,48,\N,\N,\N,\N,\N,\N,5
4912,247,30,22,1,2,\N,R,14,0,45,\N,\N,\N,\N,\N,\N,4
4913,247,71,3,5,1,\N,R,15,0,45,\N,\N,\N,\N,\N,\N,4
4914,247,97,29,9,17,\N,R,16,0,28,\N,\N,\N,\N,\N,\N,20
4915,247,79,25,3,14,\N,R,17,0,22,\N,\N,\N,\N,\N,\N,60
4916,247,85,30,17,24,\N,R,18,0,21,\N,\N,\N,\N,\N,\N,20
4917,247,57,1,8,8,\N,R,19,0,20,\N,\N,\N,\N,\N,\N,10
4918,247,77,6,28,4,\N,R,20,0,20,\N,\N,\N,\N,\N,\N,36
4919,247,84,27,25,11,\N,R,21,0,16,\N,\N,\N,\N,\N,\N,20
4920,247,89,29,10,19,\N,R,22,0,16,\N,\N,\N,\N,\N,\N,20
4921,247,64,28,21,20,\N,R,23,0,13,\N,\N,\N,\N,\N,\N,6
4922,247,56,17,15,7,\N,R,24,0,2,\N,\N,\N,\N,\N,\N,10
4923,248,30,22,1,2,1,1,1,10,45,1:22:56.043,4976043,\N,\N,\N,\N,1
4924,248,14,3,6,3,2,2,2,6,45,+5.988,4982031,\N,\N,\N,\N,1
4925,248,77,6,28,4,3,3,3,4,45,+1:08.097,5044140,\N,\N,\N,\N,1
4926,248,65,22,2,9,4,4,4,3,45,+1:23.436,5059479,\N,\N,\N,\N,1
4927,248,96,15,29,14,5,5,5,2,44,\N,\N,\N,\N,\N,\N,11
4928,248,88,27,25,18,6,6,6,1,44,\N,\N,\N,\N,\N,\N,11
4929,248,79,25,3,17,7,7,7,0,44,\N,\N,\N,\N,\N,\N,11
4930,248,85,30,17,23,8,8,8,0,42,\N,\N,\N,\N,\N,\N,13
4931,248,56,17,15,6,9,9,9,0,41,\N,\N,\N,\N,\N,\N,14
4932,248,57,1,8,7,\N,R,10,0,33,\N,\N,\N,\N,\N,\N,5
4933,248,49,15,30,11,\N,R,11,0,32,\N,\N,\N,\N,\N,\N,5
4934,248,69,18,24,16,\N,R,12,0,28,\N,\N,\N,\N,\N,\N,44
4935,248,86,30,16,24,\N,R,13,0,27,\N,\N,\N,\N,\N,\N,6
4936,248,90,28,22,22,\N,R,14,0,27,\N,\N,\N,\N,\N,\N,86
4937,248,22,17,14,5,\N,R,15,0,20,\N,\N,\N,\N,\N,\N,5
4938,248,87,1,7,8,\N,R,16,0,17,\N,\N,\N,\N,\N,\N,5
4939,248,44,27,26,12,\N,R,17,0,13,\N,\N,\N,\N,\N,\N,47
4940,248,55,6,27,10,\N,R,18,0,12,\N,\N,\N,\N,\N,\N,5
4941,248,94,18,23,20,\N,R,19,0,11,\N,\N,\N,\N,\N,\N,5
4942,248,89,29,10,19,\N,R,20,0,9,\N,\N,\N,\N,\N,\N,6
4943,248,64,28,21,21,\N,R,21,0,8,\N,\N,\N,\N,\N,\N,23
4944,248,71,3,5,1,\N,R,22,0,1,\N,\N,\N,\N,\N,\N,20
4945,248,63,25,4,13,\N,R,23,0,0,\N,\N,\N,\N,\N,\N,8
4946,248,97,29,9,15,\N,R,24,0,0,\N,\N,\N,\N,\N,\N,6
4947,249,71,3,5,1,1,1,1,10,77,1:46:25.721,6385721,\N,\N,\N,\N,1
4948,249,14,3,6,2,2,2,2,6,77,+33.398,6419119,\N,\N,\N,\N,1
4949,249,77,6,28,4,3,3,3,4,76,\N,\N,\N,\N,\N,\N,11
4950,249,65,22,2,9,4,4,4,3,76,\N,\N,\N,\N,\N,\N,11
4951,249,49,15,30,11,5,5,5,2,76,\N,\N,\N,\N,\N,\N,11
4952,249,44,27,26,10,6,6,6,1,76,\N,\N,\N,\N,\N,\N,11
4953,249,22,17,14,14,7,7,7,0,76,\N,\N,\N,\N,\N,\N,11
4954,249,69,18,24,12,8,8,8,0,75,\N,\N,\N,\N,\N,\N,12
4955,249,83,18,23,15,9,9,9,0,74,\N,\N,\N,\N,\N,\N,13
4956,249,96,15,29,19,10,10,10,0,74,\N,\N,\N,\N,\N,\N,13
4957,249,30,22,1,3,11,11,11,0,73,\N,\N,\N,\N,\N,\N,5
4958,249,85,30,17,22,12,12,12,0,73,\N,\N,\N,\N,\N,\N,14
4959,249,56,17,15,7,\N,R,13,0,70,\N,\N,\N,\N,\N,\N,8
4960,249,84,27,25,8,\N,R,14,0,67,\N,\N,\N,\N,\N,\N,5
4961,249,63,25,4,16,\N,R,15,0,58,\N,\N,\N,\N,\N,\N,37
4962,249,87,1,7,13,\N,R,16,0,54,\N,\N,\N,\N,\N,\N,95
4963,249,79,25,3,17,\N,R,17,0,46,\N,\N,\N,\N,\N,\N,20
4964,249,97,29,9,20,\N,R,18,0,45,\N,\N,\N,\N,\N,\N,23
4965,249,55,6,27,6,\N,R,19,0,42,\N,\N,\N,\N,\N,\N,23
4966,249,64,28,21,23,\N,R,20,0,32,\N,\N,\N,\N,\N,\N,5
4967,249,89,29,10,18,\N,R,21,0,13,\N,\N,\N,\N,\N,\N,5
4968,249,90,28,22,21,\N,R,22,0,8,\N,\N,\N,\N,\N,\N,6
4969,249,86,30,16,24,\N,R,23,0,5,\N,\N,\N,\N,\N,\N,20
4970,249,57,1,8,5,\N,R,24,0,3,\N,\N,\N,\N,\N,\N,5
4971,250,30,22,1,16,1,1,1,10,44,1:36:47.875,5807875,\N,\N,\N,\N,1
4972,250,71,3,5,8,2,2,2,6,44,+19.493,5827368,\N,\N,\N,\N,1
4973,250,84,27,25,13,3,3,3,4,44,+24.998,5832873,\N,\N,\N,\N,1
4974,250,49,15,30,10,4,4,4,3,44,+26.972,5834847,\N,\N,\N,\N,1
4975,250,87,1,7,6,5,5,5,2,44,+33.772,5841647,\N,\N,\N,\N,1
4976,250,22,17,14,12,6,6,6,1,44,+39.674,5847549,\N,\N,\N,\N,1
4977,250,65,22,2,4,7,7,7,0,44,+54.043,5861918,\N,\N,\N,\N,1
4978,250,63,25,4,11,8,8,8,0,44,+54.548,5862423,\N,\N,\N,\N,1
4979,250,44,27,26,9,9,9,9,0,44,+1:06.170,5874045,\N,\N,\N,\N,1
4980,250,83,18,23,17,10,10,10,0,44,+1:19.789,5887664,\N,\N,\N,\N,1
4981,250,96,15,29,14,11,11,11,0,43,\N,\N,\N,\N,\N,\N,11
4982,250,89,29,10,18,12,12,12,0,43,\N,\N,\N,\N,\N,\N,11
4983,250,64,28,21,24,13,13,13,0,42,\N,\N,\N,\N,\N,\N,12
4984,250,90,28,22,22,14,14,14,0,42,\N,\N,\N,\N,\N,\N,12
4985,250,79,25,3,15,\N,R,15,0,28,\N,\N,\N,\N,\N,\N,20
4986,250,86,30,16,23,\N,R,16,0,27,\N,\N,\N,\N,\N,\N,6
4987,250,69,18,24,19,\N,R,17,0,23,\N,\N,\N,\N,\N,\N,20
4988,250,77,6,28,1,\N,R,18,0,22,\N,\N,\N,\N,\N,\N,10
4989,250,56,17,15,7,\N,R,19,0,21,\N,\N,\N,\N,\N,\N,42
4990,250,97,29,9,20,\N,R,20,0,20,\N,\N,\N,\N,\N,\N,20
4991,250,85,30,17,21,\N,R,21,0,18,\N,\N,\N,\N,\N,\N,60
4992,250,14,3,6,5,\N,R,22,0,13,\N,\N,\N,\N,\N,\N,6
4993,250,55,6,27,2,\N,R,23,0,4,\N,\N,\N,\N,\N,\N,22
4994,250,57,1,8,3,\N,R,24,0,1,\N,\N,\N,\N,\N,\N,20
4995,251,65,22,2,8,1,1,1,10,53,1:18:27.916,4707916,\N,\N,\N,\N,1
4996,251,57,1,8,7,2,2,2,6,53,+17.779,4725695,\N,\N,\N,\N,1
4997,251,49,15,30,10,3,3,3,4,53,+24.321,4732237,\N,\N,\N,\N,1
4998,251,87,1,7,9,4,4,4,3,53,+28.223,4736139,\N,\N,\N,\N,1
4999,251,63,25,4,16,5,5,5,2,52,\N,\N,\N,\N,\N,\N,11
5000,251,96,15,29,14,6,6,6,1,52,\N,\N,\N,\N,\N,\N,11
5001,251,97,29,9,15,7,7,7,0,52,\N,\N,\N,\N,\N,\N,11
5002,251,89,29,10,20,8,8,8,0,52,\N,\N,\N,\N,\N,\N,11
5003,251,64,28,21,23,9,9,9,0,50,\N,\N,\N,\N,\N,\N,13
5004,251,79,25,3,17,10,10,10,0,47,\N,\N,\N,\N,\N,\N,16
5005,251,55,6,27,5,\N,R,11,0,45,\N,\N,\N,\N,\N,\N,67
5006,251,22,17,14,6,\N,R,12,0,43,\N,\N,\N,\N,\N,\N,8
5007,251,56,17,15,12,\N,R,13,0,40,\N,\N,\N,\N,\N,\N,5
5008,251,77,6,28,3,\N,R,14,0,32,\N,\N,\N,\N,\N,\N,22
5009,251,69,18,24,18,\N,R,15,0,26,\N,\N,\N,\N,\N,\N,20
5010,251,30,22,1,2,\N,R,16,0,23,\N,\N,\N,\N,\N,\N,4
5011,251,71,3,5,4,\N,R,17,0,23,\N,\N,\N,\N,\N,\N,4
5012,251,44,27,26,13,\N,R,18,0,20,\N,\N,\N,\N,\N,\N,20
5013,251,14,3,6,1,\N,R,19,0,13,\N,\N,\N,\N,\N,\N,20
5014,251,84,27,25,11,\N,R,20,0,10,\N,\N,\N,\N,\N,\N,29
5015,251,86,30,16,24,\N,R,21,0,6,\N,\N,\N,\N,\N,\N,20
5016,251,83,18,23,19,\N,R,22,0,0,\N,\N,\N,\N,\N,\N,7
5017,251,85,30,17,21,\N,R,23,0,0,\N,\N,\N,\N,\N,\N,3
5018,251,90,28,22,22,\N,R,24,0,0,\N,\N,\N,\N,\N,\N,3
5019,252,14,3,6,1,1,1,1,10,71,1:41:52.145,6112145,\N,\N,\N,\N,1
5020,252,30,22,1,3,2,2,2,6,71,+7.248,6119393,\N,\N,\N,\N,1
5021,252,71,3,5,2,3,3,3,4,71,+22.121,6134266,\N,\N,\N,\N,1
5022,252,77,6,28,4,4,4,4,3,71,+1:24.879,6197024,\N,\N,\N,\N,1
5023,252,55,6,27,7,5,5,5,2,71,+1:25.429,6197574,\N,\N,\N,\N,1
5024,252,49,15,30,5,6,6,6,1,70,\N,\N,\N,\N,\N,\N,11
5025,252,65,22,2,6,7,7,7,0,70,\N,\N,\N,\N,\N,\N,11
5026,252,84,27,25,9,8,8,8,0,70,\N,\N,\N,\N,\N,\N,11
5027,252,87,1,7,12,9,9,9,0,70,\N,\N,\N,\N,\N,\N,11
5028,252,56,17,15,10,10,10,10,0,70,\N,\N,\N,\N,\N,\N,11
5029,252,22,17,14,8,11,11,11,0,70,\N,\N,\N,\N,\N,\N,11
5030,252,96,15,29,14,12,12,12,0,70,\N,\N,\N,\N,\N,\N,11
5031,252,63,25,4,15,13,13,13,0,69,\N,\N,\N,\N,\N,\N,12
5032,252,69,18,24,18,14,14,14,0,68,\N,\N,\N,\N,\N,\N,13
5033,252,89,29,10,19,15,15,15,0,68,\N,\N,\N,\N,\N,\N,13
5034,252,64,28,21,22,16,16,16,0,66,\N,\N,\N,\N,\N,\N,15
5035,252,90,28,22,23,17,17,17,0,64,\N,\N,\N,\N,\N,\N,17
5036,252,85,30,17,21,\N,R,18,0,53,\N,\N,\N,\N,\N,\N,6
5037,252,57,1,8,13,\N,R,19,0,44,\N,\N,\N,\N,\N,\N,5
5038,252,98,30,16,24,\N,R,20,0,14,\N,\N,\N,\N,\N,\N,68
5039,252,44,27,26,11,\N,R,21,0,10,\N,\N,\N,\N,\N,\N,20
5040,252,83,18,23,17,\N,R,22,0,7,\N,\N,\N,\N,\N,\N,6
5041,252,79,25,3,16,\N,R,23,0,0,\N,\N,\N,\N,\N,\N,4
5042,252,97,29,9,20,\N,R,24,0,0,\N,\N,\N,\N,\N,\N,6
5043,253,30,22,1,3,1,1,1,10,67,1:39:59.044,5999044,\N,\N,\N,\N,1
5044,253,55,6,27,6,2,2,2,6,67,+2.684,6001728,\N,\N,\N,\N,1
5045,253,14,3,6,1,3,3,3,4,67,+35.382,6034426,\N,\N,\N,\N,1
5046,253,22,17,14,11,4,4,4,3,66,\N,\N,\N,\N,\N,\N,11
5047,253,65,22,2,7,5,5,5,2,66,\N,\N,\N,\N,\N,\N,11
5048,253,56,17,15,5,6,6,6,1,66,\N,\N,\N,\N,\N,\N,11
5049,253,84,27,25,12,7,7,7,0,66,\N,\N,\N,\N,\N,\N,11
5050,253,57,1,8,9,8,8,8,0,65,\N,\N,\N,\N,\N,\N,12
5051,253,83,18,23,16,9,9,9,0,64,\N,\N,\N,\N,\N,\N,13
5052,253,63,25,4,15,10,10,10,0,64,\N,\N,\N,\N,\N,\N,13
5053,253,69,18,24,18,11,11,11,0,64,\N,\N,\N,\N,\N,\N,13
5054,253,97,29,9,17,12,12,12,0,64,\N,\N,\N,\N,\N,\N,13
5055,253,64,28,21,22,13,13,13,0,62,\N,\N,\N,\N,\N,\N,15
5056,253,99,25,3,19,14,14,14,0,61,\N,\N,\N,\N,\N,\N,16
5057,253,98,30,16,24,15,15,15,0,60,\N,\N,\N,\N,\N,\N,17
5058,253,71,3,5,2,\N,R,16,0,58,\N,\N,\N,\N,\N,\N,20
5059,253,85,30,17,20,\N,R,17,0,45,\N,\N,\N,\N,\N,\N,60
5060,253,96,15,29,13,\N,R,18,0,44,\N,\N,\N,\N,\N,\N,4
5061,253,77,6,28,4,\N,R,19,0,40,\N,\N,\N,\N,\N,\N,10
5062,253,90,28,22,23,\N,R,20,0,22,\N,\N,\N,\N,\N,\N,86
5063,253,49,15,30,8,\N,R,21,0,17,\N,\N,\N,\N,\N,\N,20
5064,253,44,27,26,14,\N,R,22,0,14,\N,\N,\N,\N,\N,\N,20
5065,253,87,1,7,10,\N,R,23,0,14,\N,\N,\N,\N,\N,\N,3
5066,253,89,29,10,21,\N,R,24,0,0,\N,\N,\N,\N,\N,\N,10
5067,254,30,22,1,3,1,1,1,10,83,1:48:49.972,6529972,\N,\N,\N,\N,1
5068,254,14,3,6,1,2,2,2,6,83,+14.920,6544892,\N,\N,\N,\N,1
5069,254,71,3,5,2,3,3,3,4,83,+48.333,6578305,\N,\N,\N,\N,1
5070,254,77,6,28,5,4,4,4,3,82,\N,\N,\N,\N,\N,\N,11
5071,254,55,6,27,4,5,5,5,2,82,\N,\N,\N,\N,\N,\N,11
5072,254,65,22,2,7,6,6,6,1,82,\N,\N,\N,\N,\N,\N,11
5073,254,49,15,30,8,7,7,7,0,82,\N,\N,\N,\N,\N,\N,11
5074,254,44,27,26,9,8,8,8,0,81,\N,\N,\N,\N,\N,\N,12
5075,254,87,1,7,10,9,9,9,0,81,\N,\N,\N,\N,\N,\N,12
5076,254,76,1,8,12,10,10,10,0,81,\N,\N,\N,\N,\N,\N,12
5077,254,56,17,15,6,11,11,11,0,81,\N,\N,\N,\N,\N,\N,12
5078,254,63,25,4,18,12,12,12,0,80,\N,\N,\N,\N,\N,\N,13
5079,254,83,18,23,14,13,13,13,0,80,\N,\N,\N,\N,\N,\N,13
5080,254,79,25,3,17,14,14,14,0,80,\N,\N,\N,\N,\N,\N,13
5081,254,69,18,24,16,15,15,15,0,80,\N,\N,\N,\N,\N,\N,13
5082,254,90,28,22,22,16,16,16,0,78,\N,\N,\N,\N,\N,\N,15
5083,254,64,28,21,21,17,17,17,0,77,\N,\N,\N,\N,\N,\N,16
5084,254,22,17,14,11,\N,R,18,0,67,\N,\N,\N,\N,\N,\N,10
5085,254,81,29,9,19,\N,R,19,0,63,\N,\N,\N,\N,\N,\N,5
5086,254,89,29,10,20,\N,R,20,0,38,\N,\N,\N,\N,\N,\N,10
5087,254,85,30,17,23,\N,R,21,0,14,\N,\N,\N,\N,\N,\N,6
5088,254,88,27,25,13,\N,R,22,0,10,\N,\N,\N,\N,\N,\N,20
5089,254,96,15,29,15,\N,R,23,0,7,\N,\N,\N,\N,\N,\N,20
5090,254,92,30,16,24,\N,R,24,0,2,\N,\N,\N,\N,\N,\N,6
5091,255,30,22,1,1,1,1,1,10,53,1:36:52.930,5812930,\N,\N,\N,\N,1
5092,255,57,1,8,3,2,2,2,6,53,+19.337,5832267,\N,\N,\N,\N,1
5093,255,65,22,2,9,3,3,3,4,53,+1:23.804,5896734,\N,\N,\N,\N,1
5094,255,56,17,15,7,4,4,4,3,53,+1:42.136,5915066,\N,\N,\N,\N,1
5095,255,44,27,26,11,5,5,5,2,52,\N,\N,\N,\N,\N,\N,11
5096,255,63,25,4,12,6,6,6,1,52,\N,\N,\N,\N,\N,\N,11
5097,255,87,1,7,23,7,7,7,0,52,\N,\N,\N,\N,\N,\N,11
5098,255,49,15,30,8,8,8,8,0,52,\N,\N,\N,\N,\N,\N,11
5099,255,69,18,24,17,9,9,9,0,51,\N,\N,\N,\N,\N,\N,12
5100,255,91,15,29,15,10,10,10,0,51,\N,\N,\N,\N,\N,\N,12
5101,255,83,18,23,16,11,11,11,0,51,\N,\N,\N,\N,\N,\N,12
5102,255,89,29,10,18,12,12,12,0,51,\N,\N,\N,\N,\N,\N,12
5103,255,71,3,5,4,\N,R,13,0,40,\N,\N,\N,\N,\N,\N,20
5104,255,14,3,6,6,\N,R,14,0,39,\N,\N,\N,\N,\N,\N,20
5105,255,64,28,21,20,\N,R,15,0,32,\N,\N,\N,\N,\N,\N,20
5106,255,55,6,27,2,\N,R,16,0,24,\N,\N,\N,\N,\N,\N,5
5107,255,85,30,17,19,\N,R,17,0,23,\N,\N,\N,\N,\N,\N,20
5108,255,77,6,28,5,\N,R,18,0,16,\N,\N,\N,\N,\N,\N,10
5109,255,22,17,14,10,\N,R,19,0,15,\N,\N,\N,\N,\N,\N,20
5110,255,79,25,3,13,\N,R,20,0,12,\N,\N,\N,\N,\N,\N,20
5111,255,92,30,16,22,\N,R,21,0,6,\N,\N,\N,\N,\N,\N,86
5112,255,90,28,22,21,\N,R,22,0,1,\N,\N,\N,\N,\N,\N,6
5113,255,81,29,9,14,\N,R,23,0,0,\N,\N,\N,\N,\N,\N,20
5114,255,88,27,25,0,\N,W,24,0,0,\N,\N,\N,\N,\N,\N,3
5115,256,71,3,5,1,1,1,1,10,81,1:49:15.946,6555946,\N,\N,\N,\N,1
5116,256,44,27,26,12,2,2,2,6,79,\N,\N,\N,\N,\N,\N,12
5117,256,81,29,9,13,3,3,3,4,79,\N,\N,\N,\N,\N,\N,12
5118,256,87,1,7,10,4,4,4,3,79,\N,\N,\N,\N,\N,\N,12
5119,256,63,25,4,14,5,5,5,2,78,\N,\N,\N,\N,\N,\N,13
5120,256,83,18,23,17,6,6,6,1,78,\N,\N,\N,\N,\N,\N,13
5121,256,64,28,21,21,7,7,7,0,77,\N,\N,\N,\N,\N,\N,14
5122,256,92,30,16,23,8,8,8,0,76,\N,\N,\N,\N,\N,\N,15
5123,256,79,25,3,16,\N,R,9,0,70,\N,\N,\N,\N,\N,\N,5
5124,256,65,22,2,8,\N,R,10,0,69,\N,\N,\N,\N,\N,\N,7
5125,256,56,17,15,9,\N,R,11,0,62,\N,\N,\N,\N,\N,\N,5
5126,256,49,15,30,6,\N,R,12,0,39,\N,\N,\N,\N,\N,\N,6
5127,256,77,6,28,4,\N,R,13,0,34,\N,\N,\N,\N,\N,\N,5
5128,256,84,27,25,11,\N,R,14,0,29,\N,\N,\N,\N,\N,\N,20
5129,256,30,22,1,3,\N,R,15,0,25,\N,\N,\N,\N,\N,\N,4
5130,256,55,6,27,5,\N,R,16,0,23,\N,\N,\N,\N,\N,\N,4
5131,256,90,28,22,20,\N,R,17,0,21,\N,\N,\N,\N,\N,\N,20
5132,256,22,17,14,7,\N,R,18,0,20,\N,\N,\N,\N,\N,\N,20
5133,256,14,3,6,2,\N,R,19,0,19,\N,\N,\N,\N,\N,\N,3
5134,256,89,29,10,19,\N,R,20,0,15,\N,\N,\N,\N,\N,\N,20
5135,256,91,15,29,18,\N,R,21,0,8,\N,\N,\N,\N,\N,\N,68
5136,256,85,30,17,22,\N,R,22,0,2,\N,\N,\N,\N,\N,\N,6
5137,256,69,18,24,15,\N,W,23,0,0,\N,\N,\N,\N,\N,\N,10
5138,256,57,1,8,24,\N,W,24,0,0,\N,\N,\N,\N,\N,\N,73
5139,257,30,22,5,2,1,1,1,10,71,1:35:39.2,5739200,\N,\N,\N,\N,1
5140,257,71,3,0,4,2,2,2,6,70,\N,\N,\N,\N,\N,\N,11
5141,257,55,6,27,3,3,3,3,4,70,\N,\N,\N,\N,\N,\N,11
5142,257,22,17,14,14,4,4,4,3,70,\N,\N,\N,\N,\N,\N,11
5143,257,79,25,3,10,5,5,5,2,69,\N,\N,\N,\N,\N,\N,12
5144,257,91,15,29,7,6,6,6,1,69,\N,\N,\N,\N,\N,\N,12
5145,257,65,32,12,21,7,7,7,0,69,\N,\N,\N,\N,\N,\N,12
5146,257,94,18,23,15,8,8,8,0,69,\N,\N,\N,\N,\N,\N,12
5147,257,100,33,20,13,9,9,9,0,68,\N,\N,\N,\N,\N,\N,13
5148,257,83,32,11,24,10,10,10,0,68,\N,\N,\N,\N,\N,\N,13
5149,257,44,27,26,19,11,11,11,0,68,\N,\N,\N,\N,\N,\N,13
5150,257,101,31,31,26,12,12,12,0,67,\N,\N,\N,\N,\N,\N,14
5151,257,102,3,2,1,\N,R,13,0,55,\N,\N,\N,\N,\N,\N,20
5152,257,84,1,8,18,\N,R,14,0,34,\N,\N,\N,\N,\N,\N,4
5153,257,56,17,15,16,\N,R,15,0,34,\N,\N,\N,\N,\N,\N,4
5154,257,50,22,6,9,\N,R,16,0,34,\N,\N,\N,\N,\N,\N,4
5155,257,103,27,25,20,\N,R,17,0,33,\N,\N,\N,\N,\N,\N,4
5156,257,87,25,4,12,\N,R,18,0,21,\N,\N,\N,\N,\N,\N,20
5157,257,104,29,9,11,\N,R,19,0,21,\N,\N,\N,\N,\N,\N,6
5158,257,49,15,30,5,\N,R,20,0,15,\N,\N,\N,\N,\N,\N,20
5159,257,57,1,7,8,\N,R,21,0,13,\N,\N,\N,\N,\N,\N,5
5160,257,105,18,24,22,\N,R,22,0,7,\N,\N,\N,\N,\N,\N,5
5161,257,81,29,10,6,\N,R,23,0,5,\N,\N,\N,\N,\N,\N,6
5162,257,77,6,28,17,\N,R,24,0,5,\N,\N,\N,\N,\N,\N,5
5163,257,106,33,19,23,\N,R,25,0,2,\N,\N,\N,\N,\N,\N,3
5164,257,92,30,34,25,\N,R,26,0,1,\N,\N,\N,\N,\N,\N,3
5165,257,107,31,32,27,\N,F,27,0,0,\N,\N,\N,\N,\N,\N,81
5166,257,108,30,33,28,\N,F,28,0,0,\N,\N,\N,\N,\N,\N,81
5167,258,30,22,5,2,1,1,1,10,83,1:46:01.693,6361693,\N,\N,\N,\N,1
5168,258,77,6,28,5,2,2,2,6,83,+1:15.300,6436993,\N,\N,\N,\N,1
5169,258,22,17,14,8,3,3,3,4,82,\N,\N,\N,\N,\N,\N,11
5170,258,104,29,9,9,4,4,4,3,82,\N,\N,\N,\N,\N,\N,11
5171,258,49,15,30,11,5,5,5,2,82,\N,\N,\N,\N,\N,\N,11
5172,258,100,33,20,16,6,6,6,1,80,\N,\N,\N,\N,\N,\N,13
5173,258,65,32,12,23,7,7,7,0,80,\N,\N,\N,\N,\N,\N,13
5174,258,83,32,11,24,8,8,8,0,79,\N,\N,\N,\N,\N,\N,14
5175,258,44,27,26,22,9,9,9,0,78,\N,\N,\N,\N,\N,\N,15
5176,258,103,27,25,18,10,10,10,0,78,\N,\N,\N,\N,\N,\N,15
5177,258,107,31,32,26,11,11,11,0,78,\N,\N,\N,\N,\N,\N,15
5178,258,81,29,10,13,\N,R,12,0,69,\N,\N,\N,\N,\N,\N,5
5179,258,91,15,29,19,\N,R,13,0,69,\N,\N,\N,\N,\N,\N,4
5180,258,105,18,24,15,\N,R,14,0,69,\N,\N,\N,\N,\N,\N,4
5181,258,84,1,8,6,\N,R,15,0,67,\N,\N,\N,\N,\N,\N,25
5182,258,94,18,23,17,\N,R,16,0,63,\N,\N,\N,\N,\N,\N,20
5183,258,50,22,6,10,\N,R,17,0,54,\N,\N,\N,\N,\N,\N,20
5184,258,71,3,0,3,\N,R,18,0,49,\N,\N,\N,\N,\N,\N,7
5185,258,88,17,15,20,\N,R,19,0,44,\N,\N,\N,\N,\N,\N,38
5186,258,79,25,3,14,\N,R,20,0,42,\N,\N,\N,\N,\N,\N,5
5187,258,57,1,7,4,\N,R,21,0,19,\N,\N,\N,\N,\N,\N,6
5188,258,106,33,19,21,\N,R,22,0,14,\N,\N,\N,\N,\N,\N,10
5189,258,101,31,31,25,\N,R,23,0,2,\N,\N,\N,\N,\N,\N,10
5190,258,102,3,2,1,\N,R,24,0,0,\N,\N,\N,\N,\N,\N,4
5191,258,78,6,27,7,\N,R,25,0,0,\N,\N,\N,\N,\N,\N,4
5192,258,87,25,4,12,\N,R,26,0,0,\N,\N,\N,\N,\N,\N,4
5193,258,92,30,34,0,\N,F,27,0,0,\N,\N,\N,\N,\N,\N,81
5194,258,108,30,33,0,\N,F,28,0,0,\N,\N,\N,\N,\N,\N,81
5195,259,30,22,5,2,1,1,1,10,58,1:28:28.642,5308642,\N,\N,\N,\N,1
5196,259,78,6,27,6,2,2,2,6,58,+54.942,5363584,\N,\N,\N,\N,1
5197,259,57,1,7,8,3,3,3,4,58,+70.679,5379321,\N,\N,\N,\N,1
5198,259,91,15,29,10,4,4,4,3,58,+73.658,5382300,\N,\N,\N,\N,1
5199,259,79,25,3,9,5,5,5,2,57,\N,\N,\N,\N,\N,\N,11
5200,259,71,3,0,4,6,6,6,1,57,\N,\N,\N,\N,\N,\N,11
5201,259,49,15,30,7,7,7,7,0,57,\N,\N,\N,\N,\N,\N,11
5202,259,84,1,8,13,8,8,8,0,57,\N,\N,\N,\N,\N,\N,11
5203,259,87,25,4,12,9,9,9,0,56,\N,\N,\N,\N,\N,\N,12
5204,259,65,32,12,20,10,10,10,0,56,\N,\N,\N,\N,\N,\N,12
5205,259,44,27,26,19,11,11,11,0,56,\N,\N,\N,\N,\N,\N,12
5206,259,103,27,25,17,12,12,12,0,55,\N,\N,\N,\N,\N,\N,13
5207,259,104,29,9,16,13,13,13,0,54,\N,\N,\N,\N,\N,\N,20
5208,259,110,17,15,21,\N,R,14,0,49,\N,\N,\N,\N,\N,\N,20
5209,259,105,18,24,15,\N,R,15,0,44,\N,\N,\N,\N,\N,\N,36
5210,259,81,29,10,11,\N,R,16,0,40,\N,\N,\N,\N,\N,\N,5
5211,259,94,18,23,14,\N,R,17,0,37,\N,\N,\N,\N,\N,\N,20
5212,259,101,31,31,24,\N,R,18,0,27,\N,\N,\N,\N,\N,\N,20
5213,259,92,30,34,25,\N,R,19,0,23,\N,\N,\N,\N,\N,\N,5
5214,259,106,33,19,23,\N,R,20,0,17,\N,\N,\N,\N,\N,\N,5
5215,259,77,6,28,3,\N,R,21,0,16,\N,\N,\N,\N,\N,\N,22
5216,259,102,3,2,1,\N,R,22,0,5,\N,\N,\N,\N,\N,\N,3
5217,259,100,33,20,18,\N,R,23,0,5,\N,\N,\N,\N,\N,\N,54
5218,259,109,22,6,5,\N,R,24,0,0,\N,\N,\N,\N,\N,\N,4
5219,259,83,32,11,22,\N,R,25,0,0,\N,\N,\N,\N,\N,\N,4
5220,259,107,31,32,0,\N,W,26,0,0,\N,\N,\N,\N,\N,\N,3
5221,259,22,17,14,0,\N,F,27,0,0,\N,\N,\N,\N,\N,\N,82
5222,259,108,30,33,0,\N,F,28,0,0,\N,\N,\N,\N,\N,\N,81
5223,260,30,22,5,1,1,1,1,10,78,1:49:55.3,6595300,\N,\N,\N,\N,1
5224,260,84,1,8,8,2,2,2,6,78,+37.278,6632578,\N,\N,\N,\N,1
5225,260,77,6,28,3,3,3,3,4,78,+1:16.824,6672124,\N,\N,\N,\N,1
5226,260,110,17,15,14,4,4,4,3,77,\N,\N,\N,\N,\N,\N,11
5227,260,55,6,27,5,5,5,5,2,77,\N,\N,\N,\N,\N,\N,11
5228,260,105,18,24,12,6,6,6,1,77,\N,\N,\N,\N,\N,\N,11
5229,260,109,22,6,17,7,7,7,0,77,\N,\N,\N,\N,\N,\N,11
5230,260,106,33,19,18,8,8,8,0,76,\N,\N,\N,\N,\N,\N,12
5231,260,44,27,26,20,9,9,9,0,76,\N,\N,\N,\N,\N,\N,12
5232,260,100,33,20,13,10,10,10,0,75,\N,\N,\N,\N,\N,\N,13
5233,260,83,32,11,19,11,11,11,0,73,\N,\N,\N,\N,\N,\N,15
5234,260,65,32,12,16,\N,R,12,0,68,\N,\N,\N,\N,\N,\N,6
5235,260,108,30,33,24,\N,R,13,0,53,\N,\N,\N,\N,\N,\N,68
5236,260,92,30,34,23,\N,R,14,0,49,\N,\N,\N,\N,\N,\N,6
5237,260,104,29,9,6,\N,R,15,0,47,\N,\N,\N,\N,\N,\N,6
5238,260,101,31,31,22,\N,R,16,0,45,\N,\N,\N,\N,\N,\N,5
5239,260,87,25,4,10,\N,R,17,0,40,\N,\N,\N,\N,\N,\N,5
5240,260,79,25,3,11,\N,R,18,0,38,\N,\N,\N,\N,\N,\N,6
5241,260,103,27,25,21,\N,R,19,0,34,\N,\N,\N,\N,\N,\N,20
5242,260,22,17,14,15,\N,R,20,0,27,\N,\N,\N,\N,\N,\N,10
5243,260,57,1,7,2,\N,R,21,0,0,\N,\N,\N,\N,\N,\N,4
5244,260,71,3,0,4,\N,R,22,0,0,\N,\N,\N,\N,\N,\N,4
5245,260,81,29,10,7,\N,R,23,0,0,\N,\N,\N,\N,\N,\N,4
5246,260,94,18,23,9,\N,R,24,0,0,\N,\N,\N,\N,\N,\N,4
5247,260,49,15,30,0,\N,W,25,0,0,\N,\N,\N,\N,\N,\N,54
5248,260,91,15,29,0,\N,W,26,0,0,\N,\N,\N,\N,\N,\N,82
5249,261,71,3,0,2,1,1,1,10,65,1:36:14.3,5774300,\N,\N,\N,\N,1
5250,261,30,22,5,1,2,2,2,6,65,+24.166,5798466,\N,\N,\N,\N,1
5251,261,87,25,4,11,3,3,3,4,65,+1:26.969,5861269,\N,\N,\N,\N,1
5252,261,55,6,27,6,4,4,4,3,64,\N,\N,\N,\N,\N,\N,11
5253,261,94,18,23,18,5,5,5,2,64,\N,\N,\N,\N,\N,\N,11
5254,261,56,17,15,13,6,6,6,1,64,\N,\N,\N,\N,\N,\N,11
5255,261,44,27,26,19,7,7,7,0,63,\N,\N,\N,\N,\N,\N,12
5256,261,103,27,25,20,8,8,8,0,62,\N,\N,\N,\N,\N,\N,13
5257,261,70,32,11,23,9,9,9,0,62,\N,\N,\N,\N,\N,\N,13
5258,261,101,31,31,24,10,10,10,0,61,\N,\N,\N,\N,\N,\N,14
5259,261,84,1,8,8,11,11,11,0,59,\N,\N,\N,\N,\N,\N,7
5260,261,109,22,6,4,\N,R,12,0,53,\N,\N,\N,\N,\N,\N,5
5261,261,57,1,7,3,\N,R,13,0,48,\N,\N,\N,\N,\N,\N,5
5262,261,65,32,12,22,\N,R,14,0,41,\N,\N,\N,\N,\N,\N,20
5263,261,22,17,14,5,\N,R,15,0,39,\N,\N,\N,\N,\N,\N,20
5264,261,104,29,9,21,\N,R,16,0,35,\N,\N,\N,\N,\N,\N,5
5265,261,14,3,2,9,\N,R,17,0,32,\N,\N,\N,\N,\N,\N,10
5266,261,92,30,34,25,\N,R,18,0,32,\N,\N,\N,\N,\N,\N,41
5267,261,77,6,28,7,\N,R,19,0,27,\N,\N,\N,\N,\N,\N,6
5268,261,81,29,10,15,\N,R,20,0,24,\N,\N,\N,\N,\N,\N,69
5269,261,49,15,30,12,\N,R,21,0,21,\N,\N,\N,\N,\N,\N,6
5270,261,100,33,20,16,\N,R,22,0,19,\N,\N,\N,\N,\N,\N,21
5271,261,79,25,3,10,\N,R,23,0,16,\N,\N,\N,\N,\N,\N,5
5272,261,105,18,24,14,\N,R,24,0,4,\N,\N,\N,\N,\N,\N,5
5273,261,108,30,33,26,\N,R,25,0,2,\N,\N,\N,\N,\N,\N,20
5274,261,106,33,19,17,\N,R,26,0,0,\N,\N,\N,\N,\N,\N,5
5275,261,85,31,32,0,\N,W,27,0,0,\N,\N,\N,\N,\N,\N,82
5276,262,30,22,5,1,1,1,1,10,69,1:44:32.1,6272100,\N,\N,\N,\N,1
5277,262,71,3,0,4,2,2,2,6,69,+39.66,6311760,\N,\N,\N,\N,1
5278,262,55,6,27,2,3,3,3,4,69,+1:13.338,6345438,\N,\N,\N,\N,1
5279,262,77,6,28,3,4,4,4,3,69,+1:15.609,6347709,\N,\N,\N,\N,1
5280,262,14,3,2,5,5,5,5,2,68,\N,\N,\N,\N,\N,\N,11
5281,262,109,22,6,20,6,6,6,1,68,\N,\N,\N,\N,\N,\N,11
5282,262,22,17,14,6,7,7,7,0,68,\N,\N,\N,\N,\N,\N,11
5283,262,65,32,12,17,8,8,8,0,68,\N,\N,\N,\N,\N,\N,11
5284,262,94,18,23,15,9,9,9,0,68,\N,\N,\N,\N,\N,\N,11
5285,262,87,25,4,13,10,10,10,0,67,\N,\N,\N,\N,\N,\N,20
5286,262,105,18,24,18,11,11,11,0,67,\N,\N,\N,\N,\N,\N,12
5287,262,44,27,26,19,12,12,12,0,67,\N,\N,\N,\N,\N,\N,12
5288,262,103,27,25,24,13,13,13,0,66,\N,\N,\N,\N,\N,\N,13
5289,262,101,31,31,25,14,14,14,0,65,\N,\N,\N,\N,\N,\N,14
5290,262,70,32,11,23,15,15,15,0,62,\N,\N,\N,\N,\N,\N,17
5291,262,104,29,9,16,\N,D,16,0,68,\N,\N,\N,\N,\N,\N,2
5292,262,57,1,7,7,\N,R,17,0,61,\N,\N,\N,\N,\N,\N,5
5293,262,106,33,19,22,\N,R,18,0,57,\N,\N,\N,\N,\N,\N,5
5294,262,81,29,10,11,\N,R,19,0,50,\N,\N,\N,\N,\N,\N,7
5295,262,92,30,34,26,\N,R,20,0,47,\N,\N,\N,\N,\N,\N,51
5296,262,100,33,20,21,\N,R,21,0,45,\N,\N,\N,\N,\N,\N,8
5297,262,79,25,3,9,\N,R,22,0,44,\N,\N,\N,\N,\N,\N,3
5298,262,56,17,15,8,\N,R,23,0,40,\N,\N,\N,\N,\N,\N,20
5299,262,110,15,29,14,\N,R,24,0,24,\N,\N,\N,\N,\N,\N,51
5300,262,49,15,30,10,\N,R,25,0,5,\N,\N,\N,\N,\N,\N,20
5301,262,84,1,8,12,\N,R,26,0,3,\N,\N,\N,\N,\N,\N,10
5302,262,108,30,33,0,\N,F,27,0,0,\N,\N,\N,\N,\N,\N,81
5303,263,30,22,5,3,1,1,1,10,72,1:38:36.2,5916200,\N,\N,\N,\N,1
5304,263,71,3,0,1,2,2,2,6,72,+12.642,5928842,\N,\N,\N,\N,1
5305,263,77,6,28,5,3,3,3,4,72,+52.765,5968965,\N,\N,\N,\N,1
5306,263,49,15,30,10,4,4,4,3,71,\N,\N,\N,\N,\N,\N,11
5307,263,94,18,23,16,5,5,5,2,70,\N,\N,\N,\N,\N,\N,12
5308,263,110,15,29,11,6,6,6,1,70,\N,\N,\N,\N,\N,\N,12
5309,263,65,32,12,19,7,7,7,0,70,\N,\N,\N,\N,\N,\N,12
5310,263,104,29,9,18,8,8,8,0,70,\N,\N,\N,\N,\N,\N,12
5311,263,111,31,32,26,9,9,9,0,68,\N,\N,\N,\N,\N,\N,14
5312,263,87,25,4,17,10,10,10,0,67,\N,\N,\N,\N,\N,\N,15
5313,263,100,33,20,20,11,11,11,0,66,\N,\N,\N,\N,\N,\N,5
5314,263,79,25,3,14,\N,R,12,0,53,\N,\N,\N,\N,\N,\N,20
5315,263,57,1,7,9,\N,R,13,0,48,\N,\N,\N,\N,\N,\N,5
5316,263,95,3,2,2,\N,R,14,0,45,\N,\N,\N,\N,\N,\N,6
5317,263,55,6,27,4,\N,R,15,0,41,\N,\N,\N,\N,\N,\N,4
5318,263,22,17,14,7,\N,R,16,0,41,\N,\N,\N,\N,\N,\N,4
5319,263,103,27,25,15,\N,R,17,0,40,\N,\N,\N,\N,\N,\N,6
5320,263,106,33,19,25,\N,R,18,0,36,\N,\N,\N,\N,\N,\N,5
5321,263,84,1,8,12,\N,R,19,0,29,\N,\N,\N,\N,\N,\N,5
5322,263,81,29,10,22,\N,R,20,0,28,\N,\N,\N,\N,\N,\N,4
5323,263,44,27,26,13,\N,R,21,0,28,\N,\N,\N,\N,\N,\N,4
5324,263,101,31,31,24,\N,R,22,0,28,\N,\N,\N,\N,\N,\N,7
5325,263,50,22,6,8,\N,R,23,0,25,\N,\N,\N,\N,\N,\N,20
5326,263,56,17,15,6,\N,R,24,0,24,\N,\N,\N,\N,\N,\N,6
5327,263,105,18,24,21,\N,R,25,0,21,\N,\N,\N,\N,\N,\N,5
5328,263,70,32,11,23,\N,R,26,0,20,\N,\N,\N,\N,\N,\N,5
5329,263,108,30,33,0,\N,F,27,0,0,\N,\N,\N,\N,\N,\N,81
5330,263,92,30,34,0,\N,F,28,0,0,\N,\N,\N,\N,\N,\N,81
5331,264,71,3,0,1,1,1,1,10,60,1:30:03.640,5403640,\N,\N,\N,\N,1
5332,264,55,6,27,4,2,2,2,6,60,+1:08.128,5471768,\N,\N,\N,\N,1
5333,264,57,1,7,5,3,3,3,4,60,+1:40.659,5504299,\N,\N,\N,\N,1
5334,264,22,17,14,6,4,4,4,3,60,+1:41.751,5505391,\N,\N,\N,\N,1
5335,264,14,3,2,7,5,5,5,2,59,\N,\N,\N,\N,\N,\N,11
5336,264,79,25,3,8,6,6,6,1,59,\N,\N,\N,\N,\N,\N,11
5337,264,49,15,30,13,7,7,7,0,59,\N,\N,\N,\N,\N,\N,11
5338,264,50,22,6,10,8,8,8,0,59,\N,\N,\N,\N,\N,\N,11
5339,264,104,29,9,20,9,9,9,0,58,\N,\N,\N,\N,\N,\N,12
5340,264,94,18,23,14,10,10,10,0,58,\N,\N,\N,\N,\N,\N,12
5341,264,65,32,12,21,11,11,11,0,58,\N,\N,\N,\N,\N,\N,12
5342,264,44,27,26,15,12,12,12,0,58,\N,\N,\N,\N,\N,\N,12
5343,264,103,27,25,23,13,13,13,0,58,\N,\N,\N,\N,\N,\N,12
5344,264,106,33,19,24,14,14,14,0,58,\N,\N,\N,\N,\N,\N,12
5345,264,101,31,31,25,15,15,15,0,57,\N,\N,\N,\N,\N,\N,13
5346,264,111,31,32,26,16,16,16,0,57,\N,\N,\N,\N,\N,\N,13
5347,264,30,22,5,2,\N,D,17,0,60,\N,\N,\N,\N,\N,\N,2
5348,264,105,18,24,17,\N,R,18,0,48,\N,\N,\N,\N,\N,\N,5
5349,264,77,6,28,3,\N,R,19,0,32,\N,\N,\N,\N,\N,\N,5
5350,264,87,25,4,11,\N,R,20,0,20,\N,\N,\N,\N,\N,\N,6
5351,264,100,33,20,22,\N,R,21,0,12,\N,\N,\N,\N,\N,\N,5
5352,264,110,15,29,18,\N,R,22,0,11,\N,\N,\N,\N,\N,\N,5
5353,264,81,29,10,16,\N,R,23,0,5,\N,\N,\N,\N,\N,\N,5
5354,264,70,32,11,19,\N,R,24,0,4,\N,\N,\N,\N,\N,\N,5
5355,264,84,1,8,9,\N,R,25,0,0,\N,\N,\N,\N,\N,\N,5
5356,264,56,17,15,12,\N,R,26,0,0,\N,\N,\N,\N,\N,\N,5
5357,264,92,30,34,0,\N,F,27,0,0,\N,\N,\N,\N,\N,\N,81
5358,264,108,30,33,0,\N,F,28,0,0,\N,\N,\N,\N,\N,\N,81
5359,265,77,6,28,1,1,1,1,10,45,1:22:37.2,4957200,\N,\N,\N,\N,1
5360,265,44,27,26,12,2,2,2,6,45,+54.779,5011979,\N,\N,\N,\N,1
5361,265,103,27,25,14,3,3,3,4,45,+1:05.0421,5022621,\N,\N,\N,\N,1
5362,265,104,29,9,17,4,4,4,3,45,+1:21.609,5038809,\N,\N,\N,\N,1
5363,265,81,29,10,16,5,5,5,2,45,+1:30.544,5047744,\N,\N,\N,\N,1
5364,265,100,33,20,22,6,6,6,1,45,+1:45.445,5062645,\N,\N,\N,\N,1
5365,265,106,33,19,24,7,7,7,0,44,\N,\N,\N,\N,\N,\N,11
5366,265,71,3,0,3,8,8,8,0,44,\N,\N,\N,\N,\N,\N,11
5367,265,111,31,32,26,\N,R,9,0,39,\N,\N,\N,\N,\N,\N,5
5368,265,101,31,31,25,\N,R,10,0,37,\N,\N,\N,\N,\N,\N,8
5369,265,30,22,5,4,\N,R,11,0,20,\N,\N,\N,\N,\N,\N,5
5370,265,84,1,8,13,\N,R,12,0,19,\N,\N,\N,\N,\N,\N,5
5371,265,14,3,2,6,\N,R,13,0,17,\N,\N,\N,\N,\N,\N,10
5372,265,50,22,6,19,\N,R,14,0,15,\N,\N,\N,\N,\N,\N,42
5373,265,79,25,3,5,\N,R,15,0,6,\N,\N,\N,\N,\N,\N,37
5374,265,55,6,27,2,\N,R,16,0,1,\N,\N,\N,\N,\N,\N,10
5375,265,87,25,4,7,\N,R,17,0,0,\N,\N,\N,\N,\N,\N,4
5376,265,57,1,7,8,\N,R,18,0,0,\N,\N,\N,\N,\N,\N,4
5377,265,49,15,30,9,\N,R,19,0,0,\N,\N,\N,\N,\N,\N,4
5378,265,56,17,15,10,\N,R,20,0,0,\N,\N,\N,\N,\N,\N,4
5379,265,22,17,14,11,\N,R,21,0,0,\N,\N,\N,\N,\N,\N,4
5380,265,65,32,12,15,\N,R,22,0,0,\N,\N,\N,\N,\N,\N,4
5381,265,110,15,29,18,\N,R,23,0,0,\N,\N,\N,\N,\N,\N,4
5382,265,94,18,23,20,\N,R,24,0,0,\N,\N,\N,\N,\N,\N,4
5383,265,70,32,11,21,\N,R,25,0,0,\N,\N,\N,\N,\N,\N,4
5384,265,105,18,24,23,\N,R,26,0,0,\N,\N,\N,\N,\N,\N,4
5385,265,92,30,34,0,\N,F,27,0,0,\N,\N,\N,\N,\N,\N,81
5386,265,108,30,33,0,\N,F,28,0,0,\N,\N,\N,\N,\N,\N,81
5387,266,30,22,5,1,1,1,1,10,77,1:48:00.185,6480185,\N,\N,\N,\N,1
5388,266,71,3,0,2,2,2,2,6,77,+20.827,6501012,\N,\N,\N,\N,1
5389,266,50,22,6,12,3,3,3,4,77,+1:10.329,6550514,\N,\N,\N,\N,1
5390,266,84,1,8,6,4,4,4,3,76,\N,\N,\N,\N,\N,\N,10
5391,266,87,25,4,11,5,5,5,2,76,\N,\N,\N,\N,\N,\N,11
5392,266,44,27,26,9,6,6,6,1,76,\N,\N,\N,\N,\N,\N,11
5393,266,105,18,24,20,7,7,7,0,75,\N,\N,\N,\N,\N,\N,12
5394,266,100,33,20,21,8,8,8,0,75,\N,\N,\N,\N,\N,\N,12
5395,266,106,33,19,25,9,9,9,0,75,\N,\N,\N,\N,\N,\N,12
5396,266,103,27,25,18,10,10,10,0,75,\N,\N,\N,\N,\N,\N,12
5397,266,101,31,31,23,11,11,11,0,74,\N,\N,\N,\N,\N,\N,13
5398,266,77,6,28,4,12,12,12,0,72,\N,\N,\N,\N,\N,\N,5
5399,266,70,32,11,22,13,13,13,0,72,\N,\N,\N,\N,\N,\N,15
5400,266,104,29,9,16,14,14,14,0,69,\N,\N,\N,\N,\N,\N,7
5401,266,14,3,2,3,\N,R,15,0,59,\N,\N,\N,\N,\N,\N,20
5402,266,55,6,27,13,\N,R,16,0,58,\N,\N,\N,\N,\N,\N,6
5403,266,94,18,23,15,\N,R,17,0,58,\N,\N,\N,\N,\N,\N,20
5404,266,49,15,30,8,\N,R,18,0,39,\N,\N,\N,\N,\N,\N,6
5405,266,65,32,12,24,\N,R,19,0,34,\N,\N,\N,\N,\N,\N,10
5406,266,110,15,29,17,\N,R,20,0,30,\N,\N,\N,\N,\N,\N,4
5407,266,81,29,10,19,\N,R,21,0,30,\N,\N,\N,\N,\N,\N,4
5408,266,112,1,7,14,\N,R,22,0,21,\N,\N,\N,\N,\N,\N,47
5409,266,111,31,32,26,\N,R,23,0,9,\N,\N,\N,\N,\N,\N,64
5410,266,79,25,3,5,\N,R,24,0,0,\N,\N,\N,\N,\N,\N,4
5411,266,56,17,15,7,\N,R,25,0,0,\N,\N,\N,\N,\N,\N,4
5412,266,22,17,14,10,\N,R,26,0,0,\N,\N,\N,\N,\N,\N,4
5413,266,92,30,34,0,\N,F,27,0,0,\N,\N,\N,\N,\N,\N,81
5414,266,108,30,33,0,\N,F,28,0,0,\N,\N,\N,\N,\N,\N,81
5415,267,71,3,0,3,1,1,1,10,44,1:28:47.1,5327100,\N,\N,\N,\N,1
5416,267,57,1,7,8,2,2,2,6,44,+51.381,5378481,\N,\N,\N,\N,1
5417,267,50,22,6,6,3,3,3,4,44,+1:10.453,5397553,\N,\N,\N,\N,1
5418,267,14,3,2,7,4,4,4,3,44,+1:45.787,5432887,\N,\N,\N,\N,1
5419,267,87,25,4,12,5,5,5,2,43,\N,\N,\N,\N,\N,\N,11
5420,267,81,29,10,14,6,6,6,1,43,\N,\N,\N,\N,\N,\N,11
5421,267,44,27,26,17,7,7,7,0,43,\N,\N,\N,\N,\N,\N,11
5422,267,94,18,23,10,8,8,8,0,43,\N,\N,\N,\N,\N,\N,11
5423,267,105,18,24,18,9,9,9,0,43,\N,\N,\N,\N,\N,\N,11
5424,267,103,27,25,16,10,10,10,0,42,\N,\N,\N,\N,\N,\N,12
5425,267,111,31,32,25,11,11,11,0,42,\N,\N,\N,\N,\N,\N,12
5426,267,65,32,12,20,12,12,12,0,41,\N,\N,\N,\N,\N,\N,13
5427,267,56,17,15,4,13,13,13,0,40,\N,\N,\N,\N,\N,\N,91
5428,267,30,22,5,2,\N,D,14,0,44,\N,\N,\N,\N,\N,\N,2
5429,267,104,29,9,24,\N,R,15,0,33,\N,\N,\N,\N,\N,\N,5
5430,267,101,31,31,21,\N,R,16,0,29,\N,\N,\N,\N,\N,\N,36
5431,267,110,15,29,15,\N,R,17,0,27,\N,\N,\N,\N,\N,\N,37
5432,267,84,1,8,13,\N,R,18,0,24,\N,\N,\N,\N,\N,\N,20
5433,267,22,17,14,1,\N,R,19,0,19,\N,\N,\N,\N,\N,\N,20
5434,267,79,25,3,23,\N,R,20,0,18,\N,\N,\N,\N,\N,\N,5
5435,267,113,32,11,26,\N,R,21,0,15,\N,\N,\N,\N,\N,\N,20
5436,267,77,6,28,11,\N,R,22,0,11,\N,\N,\N,\N,\N,\N,5
5437,267,112,33,19,19,\N,R,23,0,11,\N,\N,\N,\N,\N,\N,5
5438,267,49,15,30,9,\N,R,24,0,10,\N,\N,\N,\N,\N,\N,86
5439,267,100,33,20,22,\N,R,25,0,3,\N,\N,\N,\N,\N,\N,5
5440,267,55,6,27,5,\N,R,26,0,2,\N,\N,\N,\N,\N,\N,5
5441,267,92,30,34,0,\N,F,27,0,0,\N,\N,\N,\N,\N,\N,81
5442,267,108,30,33,0,\N,F,28,0,0,\N,\N,\N,\N,\N,\N,81
5443,268,71,3,0,3,1,1,1,10,53,1:18:03.2,4683200,\N,\N,\N,\N,1
5444,268,77,6,28,2,2,2,2,6,53,+4.93,4688130,\N,\N,\N,\N,1
5445,268,57,1,7,7,3,3,3,4,53,+25.64,4708840,\N,\N,\N,\N,1
5446,268,22,17,14,16,4,4,4,3,53,+50.634,4733834,\N,\N,\N,\N,1
5447,268,84,1,8,15,5,5,5,2,53,+1:25.575,4768775,\N,\N,\N,\N,1
5448,268,14,3,2,5,6,6,6,1,52,\N,\N,\N,\N,\N,\N,60
5449,268,103,27,25,12,7,7,7,0,52,\N,\N,\N,\N,\N,\N,11
5450,268,100,33,20,24,8,8,8,0,52,\N,\N,\N,\N,\N,\N,11
5451,268,109,22,5,20,9,9,9,0,52,\N,\N,\N,\N,\N,\N,11
5452,268,44,27,26,6,10,10,10,0,51,\N,\N,\N,\N,\N,\N,12
5453,268,101,31,31,26,\N,R,11,0,46,\N,\N,\N,\N,\N,\N,29
5454,268,79,25,3,14,\N,R,12,0,45,\N,\N,\N,\N,\N,\N,20
5455,268,104,29,9,19,\N,R,13,0,43,\N,\N,\N,\N,\N,\N,5
5456,268,56,17,15,9,\N,R,14,0,41,\N,\N,\N,\N,\N,\N,5
5457,268,87,25,4,21,\N,R,15,0,39,\N,\N,\N,\N,\N,\N,20
5458,268,94,18,23,18,\N,R,16,0,30,\N,\N,\N,\N,\N,\N,20
5459,268,105,18,24,22,\N,R,17,0,28,\N,\N,\N,\N,\N,\N,6
5460,268,49,15,30,11,\N,R,18,0,22,\N,\N,\N,\N,\N,\N,5
5461,268,110,15,29,8,\N,R,19,0,20,\N,\N,\N,\N,\N,\N,5
5462,268,111,31,32,25,\N,R,20,0,20,\N,\N,\N,\N,\N,\N,6
5463,268,114,33,19,23,\N,R,21,0,18,\N,\N,\N,\N,\N,\N,20
5464,268,55,6,27,1,\N,R,22,0,14,\N,\N,\N,\N,\N,\N,6
5465,268,65,32,12,4,\N,R,23,0,13,\N,\N,\N,\N,\N,\N,91
5466,268,50,22,6,10,\N,R,24,0,0,\N,\N,\N,\N,\N,\N,4
5467,268,70,32,11,13,\N,R,25,0,0,\N,\N,\N,\N,\N,\N,4
5468,268,81,29,10,17,\N,R,26,0,0,\N,\N,\N,\N,\N,\N,4
5469,268,92,30,34,0,\N,F,27,0,0,\N,\N,\N,\N,\N,\N,81
5470,268,108,30,33,0,\N,F,28,0,0,\N,\N,\N,\N,\N,\N,81
5471,269,71,3,0,2,1,1,1,10,71,1:45:10.1,6310100,\N,\N,\N,\N,1
5472,269,14,3,2,3,2,2,2,6,71,+0.603,6310703,\N,\N,\N,\N,1
5473,269,57,1,7,4,3,3,3,4,71,+20.193,6330293,\N,\N,\N,\N,1
5474,269,22,17,14,8,4,4,4,3,71,+28.003,6338103,\N,\N,\N,\N,1
5475,269,50,22,6,10,5,5,5,2,71,+29.385,6339485,\N,\N,\N,\N,1
5476,269,84,1,8,7,6,6,6,1,71,+52.702,6362802,\N,\N,\N,\N,1
5477,269,56,17,15,13,7,7,7,0,70,\N,\N,\N,\N,\N,\N,11
5478,269,104,29,9,11,8,8,8,0,70,\N,\N,\N,\N,\N,\N,11
5479,269,81,29,10,16,9,9,9,0,70,\N,\N,\N,\N,\N,\N,11
5480,269,103,27,25,21,10,10,10,0,70,\N,\N,\N,\N,\N,\N,11
5481,269,65,32,12,20,11,11,11,0,70,\N,\N,\N,\N,\N,\N,11
5482,269,94,18,23,18,12,12,12,0,69,\N,\N,\N,\N,\N,\N,12
5483,269,105,18,24,19,13,13,13,0,69,\N,\N,\N,\N,\N,\N,12
5484,269,114,33,19,23,14,14,14,0,69,\N,\N,\N,\N,\N,\N,12
5485,269,111,31,32,26,15,15,15,0,67,\N,\N,\N,\N,\N,\N,14
5486,269,113,32,11,25,16,16,16,0,67,\N,\N,\N,\N,\N,\N,14
5487,269,44,27,26,15,\N,D,17,0,70,\N,\N,\N,\N,\N,\N,2
5488,269,87,25,4,12,\N,R,18,0,61,\N,\N,\N,\N,\N,\N,5
5489,269,109,22,5,14,\N,R,19,0,60,\N,\N,\N,\N,\N,\N,20
5490,269,110,15,29,17,\N,R,20,0,54,\N,\N,\N,\N,\N,\N,20
5491,269,55,6,27,5,\N,R,21,0,38,\N,\N,\N,\N,\N,\N,4
5492,269,101,31,31,24,\N,R,22,0,36,\N,\N,\N,\N,\N,\N,4
5493,269,49,15,30,9,\N,R,23,0,31,\N,\N,\N,\N,\N,\N,24
5494,269,100,33,20,22,\N,R,24,0,27,\N,\N,\N,\N,\N,\N,22
5495,269,79,25,3,6,\N,R,25,0,26,\N,\N,\N,\N,\N,\N,6
5496,269,77,6,28,1,\N,R,26,0,7,\N,\N,\N,\N,\N,\N,6
5497,269,92,30,34,0,\N,F,27,0,0,\N,\N,\N,\N,\N,\N,81
5498,269,108,30,33,0,\N,F,28,0,0,\N,\N,\N,\N,\N,\N,81
5499,270,30,22,5,1,1,1,1,10,69,1:40:27.3,6027300,\N,\N,\N,\N,1
5500,270,71,3,0,2,2,2,2,6,69,+24.689,6051989,\N,\N,\N,\N,1
5501,270,57,1,7,9,3,3,3,4,69,+1:09.648,6096948,\N,\N,\N,\N,1
5502,270,56,17,15,10,4,4,4,3,69,+1:18.446,6105746,\N,\N,\N,\N,1
5503,270,77,6,28,6,5,5,5,2,68,\N,\N,\N,\N,\N,\N,11
5504,270,49,15,30,4,6,6,6,1,68,\N,\N,\N,\N,\N,\N,11
5505,270,79,25,3,13,7,7,7,0,68,\N,\N,\N,\N,\N,\N,11
5506,270,65,27,25,7,8,8,8,0,68,\N,\N,\N,\N,\N,\N,11
5507,270,44,27,26,11,9,9,9,0,68,\N,\N,\N,\N,\N,\N,11
5508,270,55,6,27,16,10,10,10,0,68,\N,\N,\N,\N,\N,\N,11
5509,270,81,29,10,8,11,11,11,0,68,\N,\N,\N,\N,\N,\N,11
5510,270,22,17,14,5,12,12,12,0,68,\N,\N,\N,\N,\N,\N,11
5511,270,87,25,4,14,13,13,13,0,68,\N,\N,\N,\N,\N,\N,11
5512,270,105,18,24,20,14,14,14,0,67,\N,\N,\N,\N,\N,\N,12
5513,270,94,18,23,17,15,15,15,0,67,\N,\N,\N,\N,\N,\N,12
5514,270,70,32,12,21,16,16,16,0,67,\N,\N,\N,\N,\N,\N,12
5515,270,104,29,9,19,17,17,17,0,66,\N,\N,\N,\N,\N,\N,13
5516,270,103,32,11,22,18,18,18,0,66,\N,\N,\N,\N,\N,\N,13
5517,270,93,31,32,26,19,19,19,0,64,\N,\N,\N,\N,\N,\N,15
5518,270,95,3,2,3,\N,R,20,0,47,\N,\N,\N,\N,\N,\N,20
5519,270,101,31,31,25,\N,R,21,0,42,\N,\N,\N,\N,\N,\N,5
5520,270,110,15,29,18,\N,R,22,0,37,\N,\N,\N,\N,\N,\N,37
5521,270,100,33,20,23,\N,R,23,0,37,\N,\N,\N,\N,\N,\N,91
5522,270,50,22,6,12,\N,R,24,0,15,\N,\N,\N,\N,\N,\N,20
5523,270,115,33,19,24,\N,R,25,0,10,\N,\N,\N,\N,\N,\N,6
5524,270,84,1,8,15,\N,R,26,0,8,\N,\N,\N,\N,\N,\N,5
5525,270,92,30,34,0,\N,F,27,0,0,\N,\N,\N,\N,\N,\N,81
5526,270,108,30,33,0,\N,F,28,0,0,\N,\N,\N,\N,\N,\N,81
5527,271,71,3,0,2,1,1,1,10,50,1:55:53.532,6953532,\N,\N,\N,\N,1
5528,271,30,22,5,1,2,2,2,6,50,+3.365,6956897,\N,\N,\N,\N,1
5529,271,55,6,27,7,3,3,3,4,50,+52.045,7005577,\N,\N,\N,\N,1
5530,271,95,3,2,4,4,4,4,3,50,+56.074,7009606,\N,\N,\N,\N,1
5531,271,56,17,15,6,5,5,5,2,50,+1:42.107,7055639,\N,\N,\N,\N,1
5532,271,49,15,30,3,6,6,6,1,50,+1:59.863,7073395,\N,\N,\N,\N,1
5533,271,57,1,7,8,7,7,7,0,50,+2:02.985,7076517,\N,\N,\N,\N,1
5534,271,104,29,9,18,8,8,8,0,49,\N,\N,\N,\N,\N,\N,11
5535,271,100,33,20,22,9,9,9,0,49,\N,\N,\N,\N,\N,\N,11
5536,271,63,32,11,25,10,10,10,0,49,\N,\N,\N,\N,\N,\N,11
5537,271,44,27,26,19,11,11,11,0,49,\N,\N,\N,\N,\N,\N,11
5538,271,101,31,31,24,12,12,12,0,48,\N,\N,\N,\N,\N,\N,12
5539,271,70,32,12,17,13,13,13,0,48,\N,\N,\N,\N,\N,\N,12
5540,271,87,25,4,13,\N,R,14,0,26,\N,\N,\N,\N,\N,\N,5
5541,271,22,17,14,10,\N,R,15,0,16,\N,\N,\N,\N,\N,\N,6
5542,271,84,1,8,9,\N,R,16,0,13,\N,\N,\N,\N,\N,\N,20
5543,271,81,29,10,12,\N,R,17,0,13,\N,\N,\N,\N,\N,\N,20
5544,271,77,6,28,11,\N,R,18,0,10,\N,\N,\N,\N,\N,\N,80
5545,271,116,27,25,20,\N,R,19,0,10,\N,\N,\N,\N,\N,\N,4
5546,271,94,18,23,16,\N,R,20,0,10,\N,\N,\N,\N,\N,\N,4
5547,271,105,18,24,21,\N,R,21,0,10,\N,\N,\N,\N,\N,\N,20
5548,271,65,22,6,5,\N,R,22,0,3,\N,\N,\N,\N,\N,\N,20
5549,271,79,25,3,14,\N,R,23,0,3,\N,\N,\N,\N,\N,\N,20
5550,271,89,31,32,26,\N,R,24,0,3,\N,\N,\N,\N,\N,\N,20
5551,271,109,15,29,15,\N,R,25,0,0,\N,\N,\N,\N,\N,\N,5
5552,271,115,33,19,23,\N,R,26,0,0,\N,\N,\N,\N,\N,\N,20
5553,271,92,30,34,0,\N,F,27,0,0,\N,\N,\N,\N,\N,\N,81
5554,271,108,30,33,0,\N,F,28,0,0,\N,\N,\N,\N,\N,\N,81
5555,272,95,3,2,1,1,1,1,10,81,1:47:51.4,6471400,\N,\N,\N,\N,1
5556,272,77,6,28,11,2,2,2,6,81,+2.511,6473911,\N,\N,\N,\N,1
5557,272,84,1,8,9,3,3,3,4,81,+52.487,6523887,\N,\N,\N,\N,1
5558,272,22,17,14,5,4,4,4,3,81,+1:10.530,6541930,\N,\N,\N,\N,1
5559,272,44,27,26,12,5,5,5,2,80,\N,\N,\N,\N,\N,\N,11
5560,272,55,6,27,8,6,6,6,1,80,\N,\N,\N,\N,\N,\N,11
5561,272,49,15,30,10,7,7,7,0,80,\N,\N,\N,\N,\N,\N,11
5562,272,104,29,9,19,8,8,8,0,80,\N,\N,\N,\N,\N,\N,11
5563,272,94,18,23,18,9,9,9,0,79,\N,\N,\N,\N,\N,\N,12
5564,272,109,15,29,17,10,10,10,0,79,\N,\N,\N,\N,\N,\N,12
5565,272,116,27,25,20,11,11,11,0,79,\N,\N,\N,\N,\N,\N,12
5566,272,57,1,7,4,12,12,12,0,76,\N,\N,\N,\N,\N,\N,23
5567,272,105,18,24,16,\N,R,13,0,69,\N,\N,\N,\N,\N,\N,22
5568,272,87,25,4,13,\N,R,14,0,66,\N,\N,\N,\N,\N,\N,3
5569,272,98,33,20,25,\N,R,15,0,56,\N,\N,\N,\N,\N,\N,6
5570,272,63,32,11,22,\N,R,16,0,49,\N,\N,\N,\N,\N,\N,10
5571,272,101,31,31,24,\N,R,17,0,49,\N,\N,\N,\N,\N,\N,5
5572,272,70,32,12,14,\N,R,18,0,40,\N,\N,\N,\N,\N,\N,37
5573,272,71,3,0,3,\N,R,19,0,35,\N,\N,\N,\N,\N,\N,4
5574,272,30,22,5,2,\N,R,20,0,35,\N,\N,\N,\N,\N,\N,4
5575,272,93,31,32,26,\N,R,21,0,21,\N,\N,\N,\N,\N,\N,6
5576,272,79,25,3,15,\N,R,22,0,19,\N,\N,\N,\N,\N,\N,20
5577,272,115,33,19,23,\N,R,23,0,18,\N,\N,\N,\N,\N,\N,44
5578,272,81,29,10,21,\N,R,24,0,17,\N,\N,\N,\N,\N,\N,44
5579,272,56,17,15,6,\N,R,25,0,15,\N,\N,\N,\N,\N,\N,20
5580,272,65,22,6,7,\N,R,26,0,13,\N,\N,\N,\N,\N,\N,6
5581,272,92,30,34,0,\N,F,27,0,0,\N,\N,\N,\N,\N,\N,81
5582,272,108,30,33,0,\N,F,28,0,0,\N,\N,\N,\N,\N,\N,81
5583,273,117,3,2,1,1,1,1,10,72,1:38:45.082,5925082,\N,\N,\N,\N,1
5584,273,102,1,8,2,2,2,2,6,72,+1:19.824,6004906,\N,\N,\N,\N,1
5585,273,87,27,26,8,3,3,3,4,71,\N,\N,\N,\N,\N,\N,11
5586,273,104,18,23,13,4,4,4,3,71,\N,\N,\N,\N,\N,\N,11
5587,273,109,15,30,6,5,5,5,2,70,\N,\N,\N,\N,\N,\N,12
5588,273,77,6,28,15,6,6,6,1,69,\N,\N,\N,\N,\N,\N,5
5589,273,118,29,9,22,7,7,7,0,69,\N,\N,\N,\N,\N,\N,20
5590,273,84,27,25,12,\N,R,8,0,57,\N,\N,\N,\N,\N,\N,20
5591,273,105,26,21,21,\N,R,9,0,55,\N,\N,\N,\N,\N,\N,25
5592,273,100,33,20,19,\N,R,10,0,51,\N,\N,\N,\N,\N,\N,5
5593,273,119,22,6,7,\N,R,11,0,46,\N,\N,\N,\N,\N,\N,20
5594,273,30,22,5,3,\N,R,12,0,39,\N,\N,\N,\N,\N,\N,20
5595,273,65,32,12,17,\N,R,13,0,38,\N,\N,\N,\N,\N,\N,69
5596,273,91,15,29,10,\N,R,14,0,33,\N,\N,\N,\N,\N,\N,5
5597,273,22,17,14,14,\N,R,15,0,31,\N,\N,\N,\N,\N,\N,6
5598,273,55,6,27,5,\N,R,16,0,30,\N,\N,\N,\N,\N,\N,22
5599,273,112,33,19,11,\N,R,17,0,27,\N,\N,\N,\N,\N,\N,20
5600,273,120,18,24,24,\N,R,18,0,21,\N,\N,\N,\N,\N,\N,4
5601,273,88,29,10,20,\N,R,19,0,21,\N,\N,\N,\N,\N,\N,4
5602,273,69,26,22,26,\N,R,20,0,20,\N,\N,\N,\N,\N,\N,6
5603,273,71,3,0,4,\N,R,21,0,16,\N,\N,\N,\N,\N,\N,4
5604,273,70,32,11,16,\N,R,22,0,16,\N,\N,\N,\N,\N,\N,4
5605,273,121,1,7,9,\N,R,23,0,4,\N,\N,\N,\N,\N,\N,4
5606,273,122,17,15,18,\N,R,24,0,2,\N,\N,\N,\N,\N,\N,20
5607,273,79,25,3,21,\N,R,25,0,1,\N,\N,\N,\N,\N,\N,7
5608,273,110,25,4,23,\N,R,26,0,0,\N,\N,\N,\N,\N,\N,7
5609,274,102,1,8,3,1,1,1,10,71,1:51:15.485,6675485,\N,\N,\N,\N,1
5610,274,71,3,0,2,2,2,2,6,71,+16.625,6692110,\N,\N,\N,\N,1
5611,274,30,22,5,4,3,3,3,4,71,+45.436,6720921,\N,\N,\N,\N,1
5612,274,65,32,12,12,4,4,4,3,71,+46.557,6722042,\N,\N,\N,\N,1
5613,274,87,27,26,10,5,5,5,2,71,+52.127,6727612,\N,\N,\N,\N,1
5614,274,70,32,11,15,6,6,6,1,70,\N,\N,\N,\N,\N,\N,11
5615,274,112,33,19,11,7,7,7,0,70,\N,\N,\N,\N,\N,\N,11
5616,274,55,6,27,9,8,8,8,0,70,\N,\N,\N,\N,\N,\N,11
5617,274,118,29,9,18,9,9,9,0,69,\N,\N,\N,\N,\N,\N,12
5618,274,100,33,20,17,10,10,10,0,69,\N,\N,\N,\N,\N,\N,12
5619,274,105,26,21,25,11,11,11,0,68,\N,\N,\N,\N,\N,\N,13
5620,274,69,26,22,21,12,12,12,0,68,\N,\N,\N,\N,\N,\N,13
5621,274,91,15,29,8,\N,R,13,0,61,\N,\N,\N,\N,\N,\N,5
5622,274,109,15,30,7,\N,R,14,0,52,\N,\N,\N,\N,\N,\N,10
5623,274,110,25,4,23,\N,R,15,0,48,\N,\N,\N,\N,\N,\N,69
5624,274,117,3,2,1,\N,R,16,0,29,\N,\N,\N,\N,\N,\N,4
5625,274,104,18,23,20,\N,R,17,0,28,\N,\N,\N,\N,\N,\N,4
5626,274,88,29,10,19,\N,R,18,0,27,\N,\N,\N,\N,\N,\N,20
5627,274,79,25,3,22,\N,R,19,0,26,\N,\N,\N,\N,\N,\N,20
5628,274,22,17,14,14,\N,R,20,0,13,\N,\N,\N,\N,\N,\N,6
5629,274,119,22,6,6,\N,R,21,0,3,\N,\N,\N,\N,\N,\N,22
5630,274,121,1,7,5,\N,R,22,0,0,\N,\N,\N,\N,\N,\N,4
5631,274,77,6,28,13,\N,R,23,0,0,\N,\N,\N,\N,\N,\N,4
5632,274,84,27,25,16,\N,R,24,0,0,\N,\N,\N,\N,\N,\N,4
5633,274,120,18,24,24,\N,R,25,0,0,\N,\N,\N,\N,\N,\N,4
5634,274,122,17,15,26,\N,F,26,0,0,\N,\N,\N,\N,\N,\N,81
5635,275,102,1,8,4,1,1,1,10,76,1:50:46.570,6646570,\N,\N,\N,\N,1
5636,275,71,3,0,2,2,2,2,6,76,+1:23.199,6729769,\N,\N,\N,\N,1
5637,275,117,3,2,1,3,3,3,4,75,\N,\N,\N,\N,\N,\N,11
5638,275,65,32,12,11,4,4,4,3,75,\N,\N,\N,\N,\N,\N,11
5639,275,119,22,6,10,5,5,5,2,74,\N,\N,\N,\N,\N,\N,12
5640,275,120,18,24,20,6,6,6,1,74,\N,\N,\N,\N,\N,\N,12
5641,275,104,18,23,16,7,7,7,0,73,\N,\N,\N,\N,\N,\N,13
5642,275,70,32,11,13,8,8,8,0,72,\N,\N,\N,\N,\N,\N,14
5643,275,100,33,20,17,9,9,9,0,72,\N,\N,\N,\N,\N,\N,14
5644,275,22,17,14,12,10,10,10,0,70,\N,\N,\N,\N,\N,\N,69
5645,275,105,26,21,24,11,11,11,0,70,\N,\N,\N,\N,\N,\N,16
5646,275,118,29,9,14,\N,R,12,0,66,\N,\N,\N,\N,\N,\N,6
5647,275,123,17,15,19,\N,R,13,0,61,\N,\N,\N,\N,\N,\N,37
5648,275,110,25,4,25,\N,R,14,0,55,\N,\N,\N,\N,\N,\N,6
5649,275,55,6,27,9,\N,R,15,0,36,\N,\N,\N,\N,\N,\N,6
5650,275,88,29,10,23,\N,R,16,0,29,\N,\N,\N,\N,\N,\N,6
5651,275,112,33,19,15,\N,R,17,0,27,\N,\N,\N,\N,\N,\N,4
5652,275,30,22,5,3,\N,R,18,0,22,\N,\N,\N,\N,\N,\N,20
5653,275,87,27,26,21,\N,R,19,0,20,\N,\N,\N,\N,\N,\N,20
5654,275,77,6,28,8,\N,R,20,0,19,\N,\N,\N,\N,\N,\N,22
5655,275,109,15,30,7,\N,R,21,0,13,\N,\N,\N,\N,\N,\N,64
5656,275,79,25,3,18,\N,R,22,0,11,\N,\N,\N,\N,\N,\N,8
5657,275,84,27,25,22,\N,R,23,0,7,\N,\N,\N,\N,\N,\N,20
5658,275,91,15,29,5,\N,R,24,0,0,\N,\N,\N,\N,\N,\N,4
5659,275,121,1,7,6,\N,R,25,0,0,\N,\N,\N,\N,\N,\N,4
5660,275,69,26,22,0,\N,F,26,0,0,\N,\N,\N,\N,\N,\N,81
5661,276,117,3,2,1,1,1,1,10,61,1:33:20.413,5600413,\N,\N,\N,\N,1
5662,276,30,22,5,3,2,2,2,6,61,+32.410,5632823,\N,\N,\N,\N,1
5663,276,84,27,25,10,3,3,3,4,60,\N,\N,\N,\N,\N,\N,11
5664,276,109,15,30,16,4,4,4,3,59,\N,\N,\N,\N,\N,\N,5
5665,276,112,33,19,14,5,5,5,2,59,\N,\N,\N,\N,\N,\N,12
5666,276,120,18,24,25,6,6,6,1,59,\N,\N,\N,\N,\N,\N,12
5667,276,69,26,22,24,7,7,7,0,58,\N,\N,\N,\N,\N,\N,13
5668,276,65,32,12,12,8,8,8,0,57,\N,\N,\N,\N,\N,\N,5
5669,276,88,29,10,21,9,9,9,0,54,\N,\N,\N,\N,\N,\N,17
5670,276,70,32,11,20,\N,R,10,0,53,\N,\N,\N,\N,\N,\N,20
5671,276,91,15,29,5,\N,R,11,0,48,\N,\N,\N,\N,\N,\N,5
5672,276,102,1,8,4,\N,R,12,0,42,\N,\N,\N,\N,\N,\N,9
5673,276,55,6,27,9,\N,R,13,0,40,\N,\N,\N,\N,\N,\N,8
5674,276,104,18,23,23,\N,R,14,0,36,\N,\N,\N,\N,\N,\N,38
5675,276,121,1,7,6,\N,R,15,0,32,\N,\N,\N,\N,\N,\N,20
5676,276,118,29,9,15,\N,R,16,0,29,\N,\N,\N,\N,\N,\N,20
5677,276,79,25,3,22,\N,R,17,0,22,\N,\N,\N,\N,\N,\N,5
5678,276,71,3,0,2,\N,R,18,0,20,\N,\N,\N,\N,\N,\N,23
5679,276,100,33,20,17,\N,R,19,0,18,\N,\N,\N,\N,\N,\N,5
5680,276,110,25,4,18,\N,R,20,0,18,\N,\N,\N,\N,\N,\N,6
5681,276,22,17,14,13,\N,R,21,0,17,\N,\N,\N,\N,\N,\N,20
5682,276,77,6,28,8,\N,R,22,0,8,\N,\N,\N,\N,\N,\N,6
5683,276,123,17,15,19,\N,R,23,0,1,\N,\N,\N,\N,\N,\N,6
5684,276,87,27,26,7,\N,R,24,0,0,\N,\N,\N,\N,\N,\N,20
5685,276,119,22,6,11,\N,R,25,0,0,\N,\N,\N,\N,\N,\N,20
5686,276,105,26,21,0,\N,F,26,0,0,\N,\N,\N,\N,\N,\N,81
5687,277,117,3,2,1,1,1,1,10,65,1:32:27.685,5547685,\N,\N,\N,\N,1
5688,277,102,1,8,3,2,2,2,6,65,+16.873,5564558,\N,\N,\N,\N,1
5689,277,30,22,5,4,3,3,3,4,65,+27.125,5574810,\N,\N,\N,\N,1
5690,277,119,22,6,5,4,4,4,3,64,\N,\N,\N,\N,\N,\N,11
5691,277,121,1,7,7,5,5,5,2,64,\N,\N,\N,\N,\N,\N,11
5692,277,77,6,28,11,6,6,6,1,63,\N,\N,\N,\N,\N,\N,12
5693,277,87,27,26,12,7,7,7,0,63,\N,\N,\N,\N,\N,\N,12
5694,277,104,18,23,20,8,8,8,0,63,\N,\N,\N,\N,\N,\N,12
5695,277,100,33,20,14,9,9,9,0,63,\N,\N,\N,\N,\N,\N,12
5696,277,88,29,10,19,10,10,10,0,63,\N,\N,\N,\N,\N,\N,12
5697,277,123,17,15,21,11,11,11,0,62,\N,\N,\N,\N,\N,\N,13
5698,277,22,17,14,17,12,12,12,0,62,\N,\N,\N,\N,\N,\N,13
5699,277,118,29,9,16,13,13,13,0,62,\N,\N,\N,\N,\N,\N,13
5700,277,70,32,11,15,14,14,14,0,60,\N,\N,\N,\N,\N,\N,5
5701,277,109,15,30,9,\N,R,15,0,53,\N,\N,\N,\N,\N,\N,5
5702,277,69,26,22,22,\N,R,16,0,43,\N,\N,\N,\N,\N,\N,25
5703,277,91,15,29,6,\N,R,17,0,42,\N,\N,\N,\N,\N,\N,69
5704,277,110,25,4,24,\N,D,18,0,42,\N,\N,\N,\N,\N,\N,2
5705,277,71,3,0,2,\N,R,19,0,41,\N,\N,\N,\N,\N,\N,5
5706,277,55,6,27,8,\N,R,20,0,40,\N,\N,\N,\N,\N,\N,5
5707,277,120,18,24,25,\N,R,21,0,37,\N,\N,\N,\N,\N,\N,20
5708,277,112,33,19,13,\N,R,22,0,26,\N,\N,\N,\N,\N,\N,7
5709,277,84,27,25,18,\N,R,23,0,11,\N,\N,\N,\N,\N,\N,27
5710,277,79,25,3,23,\N,R,24,0,11,\N,\N,\N,\N,\N,\N,20
5711,277,65,32,12,10,\N,R,25,0,2,\N,\N,\N,\N,\N,\N,22
5712,277,105,26,21,0,\N,F,26,0,0,\N,\N,\N,\N,\N,\N,81
5713,278,102,1,8,3,1,1,1,10,78,1:52:10.947,6730947,\N,\N,\N,\N,1
5714,278,71,3,0,4,2,2,2,6,78,+52.118,6783065,\N,\N,\N,\N,1
5715,278,55,6,27,5,3,3,3,4,78,+1:03.362,6794309,\N,\N,\N,\N,1
5716,278,117,3,2,1,4,4,4,3,77,\N,\N,\N,\N,\N,\N,11
5717,278,104,18,23,17,5,5,5,2,76,\N,\N,\N,\N,\N,\N,12
5718,278,84,27,25,13,6,6,6,1,76,\N,\N,\N,\N,\N,\N,12
5719,278,70,32,11,20,7,7,7,0,76,\N,\N,\N,\N,\N,\N,12
5720,278,121,1,7,9,8,8,8,0,76,\N,\N,\N,\N,\N,\N,12
5721,278,22,17,14,16,9,9,9,0,76,\N,\N,\N,\N,\N,\N,12
5722,278,110,25,4,19,10,10,10,0,76,\N,\N,\N,\N,\N,\N,12
5723,278,120,18,24,25,11,11,11,0,75,\N,\N,\N,\N,\N,\N,13
5724,278,112,33,19,15,12,12,12,0,75,\N,\N,\N,\N,\N,\N,13
5725,278,91,15,29,8,13,13,13,0,74,\N,\N,\N,\N,\N,\N,14
5726,278,77,6,28,7,14,14,14,0,70,\N,\N,\N,\N,\N,\N,4
5727,278,65,32,12,14,\N,R,15,0,61,\N,\N,\N,\N,\N,\N,6
5728,278,119,22,6,6,\N,R,16,0,53,\N,\N,\N,\N,\N,\N,5
5729,278,100,33,20,10,\N,R,17,0,51,\N,\N,\N,\N,\N,\N,5
5730,278,88,29,10,18,\N,R,18,0,46,\N,\N,\N,\N,\N,\N,20
5731,278,118,29,9,12,\N,R,19,0,43,\N,\N,\N,\N,\N,\N,37
5732,278,30,22,5,2,\N,R,20,0,32,\N,\N,\N,\N,\N,\N,9
5733,278,79,25,3,22,\N,R,21,0,31,\N,\N,\N,\N,\N,\N,5
5734,278,105,26,21,24,\N,R,22,0,28,\N,\N,\N,\N,\N,\N,6
5735,278,109,15,30,11,\N,R,23,0,23,\N,\N,\N,\N,\N,\N,3
5736,278,123,17,15,23,\N,R,24,0,12,\N,\N,\N,\N,\N,\N,22
5737,278,87,27,26,21,\N,R,25,0,3,\N,\N,\N,\N,\N,\N,20
5738,278,69,26,22,0,\N,F,26,0,0,\N,\N,\N,\N,\N,\N,81
5739,279,117,3,2,1,1,1,1,10,69,1:36:41.822,5801822,\N,\N,\N,\N,1
5740,279,30,22,5,3,2,2,2,6,69,+14.527,5816349,\N,\N,\N,\N,1
5741,279,71,3,0,2,3,3,3,4,69,+52.685,5854507,\N,\N,\N,\N,1
5742,279,77,6,28,5,4,4,4,3,68,\N,\N,\N,\N,\N,\N,11
5743,279,84,27,25,7,5,5,5,2,68,\N,\N,\N,\N,\N,\N,11
5744,279,91,15,29,9,6,6,6,1,68,\N,\N,\N,\N,\N,\N,11
5745,279,109,15,30,11,7,7,7,0,68,\N,\N,\N,\N,\N,\N,11
5746,279,100,33,20,13,8,8,8,0,68,\N,\N,\N,\N,\N,\N,11
5747,279,104,18,23,17,9,9,9,0,67,\N,\N,\N,\N,\N,\N,12
5748,279,65,32,12,20,10,10,10,0,67,\N,\N,\N,\N,\N,\N,12
5749,279,70,32,11,21,11,11,11,0,67,\N,\N,\N,\N,\N,\N,12
5750,279,123,17,15,24,12,12,12,0,67,\N,\N,\N,\N,\N,\N,12
5751,279,88,29,10,16,13,13,13,0,66,\N,\N,\N,\N,\N,\N,13
5752,279,121,1,7,12,14,14,14,0,66,\N,\N,\N,\N,\N,\N,13
5753,279,69,26,22,25,15,15,15,0,65,\N,\N,\N,\N,\N,\N,14
5754,279,118,29,9,18,16,16,16,0,65,\N,\N,\N,\N,\N,\N,14
5755,279,79,25,3,22,17,17,17,0,64,\N,\N,\N,\N,\N,\N,15
5756,279,102,1,8,8,18,18,18,0,62,\N,\N,\N,\N,\N,\N,10
5757,279,119,22,6,4,\N,R,19,0,52,\N,\N,\N,\N,\N,\N,68
5758,279,110,25,4,19,\N,R,20,0,45,\N,\N,\N,\N,\N,\N,20
5759,279,120,18,24,23,\N,R,21,0,33,\N,\N,\N,\N,\N,\N,6
5760,279,55,6,27,6,\N,R,22,0,33,\N,\N,\N,\N,\N,\N,5
5761,279,87,27,26,10,\N,R,23,0,13,\N,\N,\N,\N,\N,\N,20
5762,279,22,17,14,14,\N,R,24,0,10,\N,\N,\N,\N,\N,\N,10
5763,279,112,33,19,15,\N,R,25,0,8,\N,\N,\N,\N,\N,\N,5
5764,279,105,26,21,0,\N,F,26,0,0,\N,\N,\N,\N,\N,\N,81
5765,280,117,3,2,2,1,1,1,10,72,1:38:35.241,5915241,\N,\N,\N,\N,1
5766,280,71,3,0,1,2,2,2,6,72,+0.342,5915583,\N,\N,\N,\N,1
5767,280,30,22,5,7,3,3,3,4,72,+21.209,5936450,\N,\N,\N,\N,1
5768,280,102,1,8,5,4,4,4,3,72,+32.405,5947646,\N,\N,\N,\N,1
5769,280,84,27,25,3,5,5,5,2,72,+33.795,5949036,\N,\N,\N,\N,1
5770,280,121,1,7,16,6,6,6,1,71,\N,\N,\N,\N,\N,\N,11
5771,280,22,17,14,8,7,7,7,0,71,\N,\N,\N,\N,\N,\N,11
5772,280,104,18,23,23,8,8,8,0,71,\N,\N,\N,\N,\N,\N,11
5773,280,112,33,19,10,9,9,9,0,70,\N,\N,\N,\N,\N,\N,12
5774,280,119,22,6,12,10,10,10,0,70,\N,\N,\N,\N,\N,\N,12
5775,280,123,17,15,20,11,11,11,0,70,\N,\N,\N,\N,\N,\N,12
5776,280,88,29,10,13,12,12,12,0,70,\N,\N,\N,\N,\N,\N,12
5777,280,118,29,9,15,13,13,13,0,70,\N,\N,\N,\N,\N,\N,12
5778,280,77,6,28,14,14,14,14,0,70,\N,\N,\N,\N,\N,\N,12
5779,280,110,25,4,25,15,15,15,0,68,\N,\N,\N,\N,\N,\N,14
5780,280,100,33,20,9,16,16,16,0,66,\N,\N,\N,\N,\N,\N,6
5781,280,55,6,27,6,\N,R,17,0,47,\N,\N,\N,\N,\N,\N,5
5782,280,69,26,22,22,\N,R,18,0,28,\N,\N,\N,\N,\N,\N,22
5783,280,91,15,29,11,\N,R,19,0,25,\N,\N,\N,\N,\N,\N,6
5784,280,109,15,30,18,\N,R,20,0,22,\N,\N,\N,\N,\N,\N,6
5785,280,87,27,26,4,\N,R,21,0,20,\N,\N,\N,\N,\N,\N,20
5786,280,65,32,12,19,\N,R,22,0,16,\N,\N,\N,\N,\N,\N,20
5787,280,120,18,24,24,\N,R,23,0,16,\N,\N,\N,\N,\N,\N,6
5788,280,79,25,3,24,\N,R,24,0,16,\N,\N,\N,\N,\N,\N,6
5789,280,70,32,11,17,\N,R,25,0,9,\N,\N,\N,\N,\N,\N,22
5790,280,105,26,21,0,\N,F,26,0,0,\N,\N,\N,\N,\N,\N,81
5791,281,117,3,2,1,1,1,1,10,59,1:25:38.189,5138189,\N,\N,\N,\N,1
5792,281,30,22,5,3,2,2,2,6,59,+7.660,5145849,\N,\N,\N,\N,1
5793,281,119,22,6,5,3,3,3,4,59,+1:17.482,5215671,\N,\N,\N,\N,1
5794,281,65,32,12,7,4,4,4,3,59,+1:18.407,5216596,\N,\N,\N,\N,1
5795,281,102,1,8,4,5,5,5,2,58,\N,\N,\N,\N,\N,\N,60
5796,281,118,29,9,8,6,6,6,1,58,\N,\N,\N,\N,\N,\N,11
5797,281,87,27,26,9,7,7,7,0,58,\N,\N,\N,\N,\N,\N,11
5798,281,109,15,30,16,8,8,8,0,58,\N,\N,\N,\N,\N,\N,11
5799,281,55,6,27,12,9,9,9,0,58,\N,\N,\N,\N,\N,\N,11
5800,281,22,17,14,15,10,10,10,0,58,\N,\N,\N,\N,\N,\N,11
5801,281,112,33,19,24,11,11,11,0,57,\N,\N,\N,\N,\N,\N,12
5802,281,104,18,23,19,12,12,12,0,56,\N,\N,\N,\N,\N,\N,6
5803,281,79,25,3,22,13,13,13,0,55,\N,\N,\N,\N,\N,\N,14
5804,281,84,27,25,6,14,14,14,0,53,\N,\N,\N,\N,\N,\N,6
5805,281,110,25,4,21,\N,N,15,0,43,\N,\N,\N,\N,\N,\N,62
5806,281,71,3,0,2,\N,R,16,0,41,\N,\N,\N,\N,\N,\N,5
5807,281,70,32,11,14,\N,R,17,0,41,\N,\N,\N,\N,\N,\N,22
5808,281,123,17,15,23,\N,R,18,0,41,\N,\N,\N,\N,\N,\N,67
5809,281,69,26,22,25,\N,R,19,0,32,\N,\N,\N,\N,\N,\N,10
5810,281,94,18,24,20,\N,R,20,0,31,\N,\N,\N,\N,\N,\N,68
5811,281,91,15,29,18,\N,R,21,0,24,\N,\N,\N,\N,\N,\N,20
5812,281,77,6,28,13,\N,R,22,0,10,\N,\N,\N,\N,\N,\N,22
5813,281,88,29,10,10,\N,R,23,0,8,\N,\N,\N,\N,\N,\N,20
5814,281,121,1,7,11,\N,R,24,0,0,\N,\N,\N,\N,\N,\N,20
5815,281,100,33,20,17,\N,R,25,0,0,\N,\N,\N,\N,\N,\N,86
5816,281,105,26,21,0,\N,F,26,0,0,\N,\N,\N,\N,\N,\N,81
5817,282,117,3,2,1,1,1,1,10,45,1:18:40.885,4720885,\N,\N,\N,\N,1
5818,282,30,22,5,3,2,2,2,6,45,+16.664,4737549,\N,\N,\N,\N,1
5819,282,87,27,26,5,3,3,3,4,45,+59.349,4780234,\N,\N,\N,\N,1
5820,282,102,1,8,4,4,4,4,3,45,+1:08.229,4789114,\N,\N,\N,\N,1
5821,282,119,22,6,7,5,5,5,2,45,+1:31.516,4812401,\N,\N,\N,\N,1
5822,282,77,6,28,9,6,6,6,1,45,+1:34.754,4815639,\N,\N,\N,\N,1
5823,282,55,6,27,10,7,7,7,0,45,+1:35.841,4816726,\N,\N,\N,\N,1
5824,282,84,27,25,6,8,8,8,0,44,\N,\N,\N,\N,\N,\N,11
5825,282,91,15,29,14,9,9,9,0,44,\N,\N,\N,\N,\N,\N,11
5826,282,65,32,12,13,10,10,10,0,44,\N,\N,\N,\N,\N,\N,11
5827,282,104,18,23,20,11,11,11,0,44,\N,\N,\N,\N,\N,\N,11
5828,282,112,33,19,23,12,12,12,0,44,\N,\N,\N,\N,\N,\N,11
5829,282,123,17,15,24,13,13,13,0,44,\N,\N,\N,\N,\N,\N,11
5830,282,94,18,24,22,14,14,14,0,44,\N,\N,\N,\N,\N,\N,11
5831,282,71,3,0,2,15,15,15,0,43,\N,\N,\N,\N,\N,\N,27
5832,282,105,26,21,26,16,16,16,0,43,\N,\N,\N,\N,\N,\N,12
5833,282,118,29,9,11,17,17,17,0,42,\N,\N,\N,\N,\N,\N,13
5834,282,22,17,14,17,\N,R,18,0,34,\N,\N,\N,\N,\N,\N,67
5835,282,79,25,3,21,\N,R,19,0,28,\N,\N,\N,\N,\N,\N,86
5836,282,109,15,30,18,\N,R,20,0,22,\N,\N,\N,\N,\N,\N,20
5837,282,70,32,11,15,\N,R,21,0,19,\N,\N,\N,\N,\N,\N,20
5838,282,88,29,10,8,\N,R,22,0,9,\N,\N,\N,\N,\N,\N,4
5839,282,121,1,7,12,\N,R,23,0,4,\N,\N,\N,\N,\N,\N,4
5840,282,69,26,22,25,\N,R,24,0,4,\N,\N,\N,\N,\N,\N,22
5841,282,110,25,4,19,\N,R,25,0,1,\N,\N,\N,\N,\N,\N,6
5842,282,100,33,20,16,\N,R,26,0,0,\N,\N,\N,\N,\N,\N,6
5843,283,71,3,0,2,1,1,1,10,77,1:47:39.098,6459098,\N,\N,\N,\N,1
5844,283,119,22,6,5,2,2,2,6,77,+1:11.915,6531013,\N,\N,\N,\N,1
5845,283,77,6,28,6,3,3,3,4,77,+1:18.042,6537140,\N,\N,\N,\N,1
5846,283,118,29,9,9,4,4,4,3,76,\N,\N,\N,\N,\N,\N,11
5847,283,84,27,25,13,5,5,5,2,76,\N,\N,\N,\N,\N,\N,11
5848,283,91,15,29,17,6,6,6,1,76,\N,\N,\N,\N,\N,\N,11
5849,283,87,27,26,12,7,7,7,0,76,\N,\N,\N,\N,\N,\N,11
5850,283,112,33,19,19,8,8,8,0,75,\N,\N,\N,\N,\N,\N,12
5851,283,123,17,15,24,9,9,9,0,75,\N,\N,\N,\N,\N,\N,12
5852,283,79,25,3,23,10,10,10,0,73,\N,\N,\N,\N,\N,\N,14
5853,283,110,25,4,22,11,11,11,0,72,\N,\N,\N,\N,\N,\N,15
5854,283,117,3,2,1,12,12,12,0,70,\N,\N,\N,\N,\N,\N,17
5855,283,94,18,24,7,\N,R,13,0,59,\N,\N,\N,\N,\N,\N,3
5856,283,100,33,20,18,\N,R,14,0,54,\N,\N,\N,\N,\N,\N,5
5857,283,70,32,11,21,\N,R,15,0,45,\N,\N,\N,\N,\N,\N,6
5858,283,88,29,10,10,\N,R,16,0,41,\N,\N,\N,\N,\N,\N,20
5859,283,105,26,21,25,\N,R,17,0,39,\N,\N,\N,\N,\N,\N,25
5860,283,65,32,12,20,\N,R,18,0,38,\N,\N,\N,\N,\N,\N,20
5861,283,69,26,22,26,\N,R,19,0,37,\N,\N,\N,\N,\N,\N,20
5862,283,30,22,5,3,\N,R,20,0,26,\N,\N,\N,\N,\N,\N,48
5863,283,104,18,23,14,\N,R,21,0,22,\N,\N,\N,\N,\N,\N,22
5864,283,55,6,27,8,\N,R,22,0,22,\N,\N,\N,\N,\N,\N,20
5865,283,109,15,30,15,\N,R,23,0,18,\N,\N,\N,\N,\N,\N,5
5866,283,102,1,8,4,\N,R,24,0,17,\N,\N,\N,\N,\N,\N,37
5867,283,121,1,7,11,\N,R,25,0,15,\N,\N,\N,\N,\N,\N,37
5868,283,22,17,14,16,\N,R,26,0,0,\N,\N,\N,\N,\N,\N,3
5869,284,71,3,0,2,1,1,1,10,44,1:24:32.124,5072124,\N,\N,\N,\N,1
5870,284,30,22,5,3,2,2,2,6,44,+3.668,5075792,\N,\N,\N,\N,1
5871,284,117,3,2,1,3,3,3,4,44,+14.988,5087112,\N,\N,\N,\N,1
5872,284,102,1,8,5,4,4,4,3,44,+1:39.763,5171887,\N,\N,\N,\N,1
5873,284,65,32,12,10,5,5,5,2,43,\N,\N,\N,\N,\N,\N,11
5874,284,119,22,6,8,6,6,6,1,43,\N,\N,\N,\N,\N,\N,11
5875,284,84,27,25,11,7,7,7,0,43,\N,\N,\N,\N,\N,\N,11
5876,284,121,1,7,14,8,8,8,0,43,\N,\N,\N,\N,\N,\N,11
5877,284,109,15,30,9,9,9,9,0,43,\N,\N,\N,\N,\N,\N,11
5878,284,77,6,28,16,10,10,10,0,42,\N,\N,\N,\N,\N,\N,4
5879,284,87,27,26,15,11,11,11,0,42,\N,\N,\N,\N,\N,\N,4
5880,284,112,33,19,18,12,12,12,0,42,\N,\N,\N,\N,\N,\N,12
5881,284,69,26,22,24,13,13,13,0,42,\N,\N,\N,\N,\N,\N,12
5882,284,105,26,21,25,14,14,14,0,41,\N,\N,\N,\N,\N,\N,13
5883,284,79,25,3,23,15,15,15,0,40,\N,\N,\N,\N,\N,\N,14
5884,284,100,33,20,19,\N,R,16,0,37,\N,\N,\N,\N,\N,\N,48
5885,284,118,29,9,7,\N,R,17,0,28,\N,\N,\N,\N,\N,\N,5
5886,284,91,15,29,12,\N,R,18,0,27,\N,\N,\N,\N,\N,\N,5
5887,284,110,25,4,17,\N,R,19,0,24,\N,\N,\N,\N,\N,\N,5
5888,284,104,18,23,22,\N,R,20,0,15,\N,\N,\N,\N,\N,\N,20
5889,284,94,18,24,21,\N,R,21,0,15,\N,\N,\N,\N,\N,\N,20
5890,284,88,29,10,6,\N,R,22,0,14,\N,\N,\N,\N,\N,\N,6
5891,284,22,17,14,12,\N,R,23,0,11,\N,\N,\N,\N,\N,\N,67
5892,284,55,6,27,4,\N,R,24,0,4,\N,\N,\N,\N,\N,\N,22
5893,284,123,17,15,20,\N,R,25,0,0,\N,\N,\N,\N,\N,\N,6
5894,284,70,32,11,26,\N,W,26,0,0,\N,\N,\N,\N,\N,\N,82
5895,285,71,3,0,2,1,1,1,10,53,1:17:07.509,4627509,\N,\N,\N,\N,1
5896,285,55,6,27,3,2,2,2,6,53,+40.012,4667521,\N,\N,\N,\N,1
5897,285,121,1,7,9,3,3,3,4,52,\N,\N,\N,\N,\N,\N,11
5898,285,91,15,29,15,4,4,4,3,52,\N,\N,\N,\N,\N,\N,11
5899,285,119,22,6,10,5,5,5,2,52,\N,\N,\N,\N,\N,\N,11
5900,285,100,33,20,20,6,6,6,1,52,\N,\N,\N,\N,\N,\N,11
5901,285,94,18,24,22,7,7,7,0,51,\N,\N,\N,\N,\N,\N,12
5902,285,104,18,23,24,8,8,8,0,51,\N,\N,\N,\N,\N,\N,12
5903,285,112,33,19,16,9,9,9,0,51,\N,\N,\N,\N,\N,\N,12
5904,285,69,26,22,25,10,10,10,0,51,\N,\N,\N,\N,\N,\N,12
5905,285,83,32,11,26,11,11,11,0,49,\N,\N,\N,\N,\N,\N,10
5906,285,117,3,2,1,12,12,12,0,48,\N,\N,\N,\N,\N,\N,5
5907,285,110,25,4,18,13,13,13,0,47,\N,\N,\N,\N,\N,\N,51
5908,285,79,25,3,17,14,14,14,0,47,\N,\N,\N,\N,\N,\N,16
5909,285,105,26,21,21,\N,R,15,0,23,\N,\N,\N,\N,\N,\N,22
5910,285,30,22,5,5,\N,R,16,0,21,\N,\N,\N,\N,\N,\N,5
5911,285,87,27,26,14,\N,R,17,0,20,\N,\N,\N,\N,\N,\N,20
5912,285,77,6,28,6,\N,R,18,0,15,\N,\N,\N,\N,\N,\N,22
5913,285,65,32,12,7,\N,R,19,0,14,\N,\N,\N,\N,\N,\N,20
5914,285,84,27,25,12,\N,R,20,0,8,\N,\N,\N,\N,\N,\N,4
5915,285,102,1,8,4,\N,R,21,0,8,\N,\N,\N,\N,\N,\N,4
5916,285,88,29,10,8,\N,R,22,0,0,\N,\N,\N,\N,\N,\N,4
5917,285,118,29,9,11,\N,R,23,0,0,\N,\N,\N,\N,\N,\N,4
5918,285,109,15,30,13,\N,R,24,0,0,\N,\N,\N,\N,\N,\N,4
5919,285,22,17,14,19,\N,R,25,0,0,\N,\N,\N,\N,\N,\N,4
5920,285,124,17,15,23,\N,R,26,0,0,\N,\N,\N,\N,\N,\N,4
5921,286,30,22,5,6,1,1,1,10,71,1:32:46.309,5566309,\N,\N,\N,\N,1
5922,286,117,3,2,2,2,2,2,6,71,+0.982,5567291,\N,\N,\N,\N,1
5923,286,71,3,0,1,3,3,3,4,71,+8.206,5574515,\N,\N,\N,\N,1
5924,286,55,6,27,5,4,4,4,3,71,+1:07.605,5633914,\N,\N,\N,\N,1
5925,286,91,15,29,13,5,5,5,2,70,\N,\N,\N,\N,\N,\N,11
5926,286,84,27,25,11,6,6,6,1,70,\N,\N,\N,\N,\N,\N,11
5927,286,109,15,30,12,7,7,7,0,69,\N,\N,\N,\N,\N,\N,12
5928,286,94,18,24,19,8,8,8,0,69,\N,\N,\N,\N,\N,\N,12
5929,286,104,18,23,24,9,9,9,0,69,\N,\N,\N,\N,\N,\N,12
5930,286,112,33,19,20,10,10,10,0,69,\N,\N,\N,\N,\N,\N,12
5931,286,100,33,20,22,11,11,11,0,68,\N,\N,\N,\N,\N,\N,13
5932,286,110,25,4,17,12,12,12,0,68,\N,\N,\N,\N,\N,\N,13
5933,286,22,17,14,15,13,13,13,0,68,\N,\N,\N,\N,\N,\N,13
5934,286,69,26,22,26,14,14,14,0,68,\N,\N,\N,\N,\N,\N,13
5935,286,118,29,9,9,15,15,15,0,63,\N,\N,\N,\N,\N,\N,3
5936,286,119,22,6,7,16,16,16,0,63,\N,\N,\N,\N,\N,\N,3
5937,286,83,32,11,18,\N,R,17,0,61,\N,\N,\N,\N,\N,\N,20
5938,286,65,32,12,14,\N,R,18,0,60,\N,\N,\N,\N,\N,\N,20
5939,286,87,27,26,10,\N,R,19,0,51,\N,\N,\N,\N,\N,\N,3
5940,286,105,26,21,25,\N,R,20,0,38,\N,\N,\N,\N,\N,\N,6
5941,286,77,6,28,8,\N,R,21,0,35,\N,\N,\N,\N,\N,\N,3
5942,286,57,1,7,3,\N,R,22,0,32,\N,\N,\N,\N,\N,\N,20
5943,286,88,29,10,16,\N,R,23,0,27,\N,\N,\N,\N,\N,\N,6
5944,286,102,1,8,4,\N,R,24,0,19,\N,\N,\N,\N,\N,\N,5
5945,286,79,25,3,21,\N,R,25,0,12,\N,\N,\N,\N,\N,\N,20
5946,286,125,17,15,23,\N,R,26,0,8,\N,\N,\N,\N,\N,\N,5
5947,287,102,1,8,2,1,1,1,10,53,1:40:27.912,6027912,\N,\N,\N,\N,1
5948,287,117,3,2,1,2,2,2,6,53,+11.435,6039347,\N,\N,\N,\N,1
5949,287,57,1,7,3,3,3,3,4,53,+26.129,6054041,\N,\N,\N,\N,1
5950,287,71,3,0,6,4,4,4,3,53,+1:23.538,6111450,\N,\N,\N,\N,1
5951,287,22,17,14,12,5,5,5,2,53,+1:35.101,6123013,\N,\N,\N,\N,1
5952,287,56,17,15,8,6,6,6,1,53,+1:46.421,6134333,\N,\N,\N,\N,1
5953,287,87,27,26,17,7,7,7,0,52,\N,\N,\N,\N,\N,\N,11
5954,287,109,15,30,11,8,8,8,0,52,\N,\N,\N,\N,\N,\N,11
5955,287,84,27,25,15,9,9,9,0,51,\N,\N,\N,\N,\N,\N,4
5956,287,94,18,24,22,10,10,10,0,51,\N,\N,\N,\N,\N,\N,12
5957,287,65,32,12,19,11,11,11,0,51,\N,\N,\N,\N,\N,\N,12
5958,287,126,33,19,23,12,12,12,0,51,\N,\N,\N,\N,\N,\N,12
5959,287,83,32,11,20,13,13,13,0,49,\N,\N,\N,\N,\N,\N,20
5960,287,118,29,9,7,14,14,14,0,48,\N,\N,\N,\N,\N,\N,4
5961,287,119,22,6,10,\N,R,15,0,45,\N,\N,\N,\N,\N,\N,20
5962,287,77,6,28,5,\N,R,16,0,40,\N,\N,\N,\N,\N,\N,5
5963,287,88,29,10,9,\N,R,17,0,28,\N,\N,\N,\N,\N,\N,20
5964,287,111,18,23,13,\N,R,18,0,26,\N,\N,\N,\N,\N,\N,54
5965,287,79,25,3,24,\N,R,19,0,26,\N,\N,\N,\N,\N,\N,5
5966,287,91,15,29,16,\N,R,20,0,25,\N,\N,\N,\N,\N,\N,5
5967,287,100,33,20,21,\N,R,21,0,17,\N,\N,\N,\N,\N,\N,5
5968,287,30,22,5,4,\N,R,22,0,10,\N,\N,\N,\N,\N,\N,4
5969,287,55,6,27,14,\N,R,23,0,7,\N,\N,\N,\N,\N,\N,5
5970,287,110,25,4,18,\N,R,24,0,0,\N,\N,\N,\N,\N,\N,4
5971,288,102,1,8,1,1,1,1,10,79,1:43:27.476,6207476,\N,\N,\N,\N,1
5972,288,117,3,2,2,2,2,2,6,79,+9.259,6216735,\N,\N,\N,\N,1
5973,288,71,3,0,3,3,3,3,4,79,+33.902,6241378,\N,\N,\N,\N,1
5974,288,55,6,27,7,4,4,4,3,78,\N,\N,\N,\N,\N,\N,11
5975,288,77,6,28,6,5,5,5,2,78,\N,\N,\N,\N,\N,\N,11
5976,288,84,27,25,8,6,6,6,1,78,\N,\N,\N,\N,\N,\N,11
5977,288,88,29,10,10,7,7,7,0,78,\N,\N,\N,\N,\N,\N,11
5978,288,119,22,6,9,8,8,8,0,77,\N,\N,\N,\N,\N,\N,69
5979,288,87,27,26,14,9,9,9,0,77,\N,\N,\N,\N,\N,\N,12
5980,288,118,29,9,17,10,10,10,0,77,\N,\N,\N,\N,\N,\N,12
5981,288,22,17,14,13,11,11,11,0,76,\N,\N,\N,\N,\N,\N,13
5982,288,100,33,20,21,12,12,12,0,76,\N,\N,\N,\N,\N,\N,13
5983,288,110,25,4,15,13,13,13,0,75,\N,\N,\N,\N,\N,\N,14
5984,288,126,33,19,24,14,14,14,0,74,\N,\N,\N,\N,\N,\N,15
5985,288,91,15,29,11,15,15,15,0,73,\N,\N,\N,\N,\N,\N,23
5986,288,109,15,30,12,\N,R,16,0,56,\N,\N,\N,\N,\N,\N,3
5987,288,111,18,23,22,\N,R,17,0,34,\N,\N,\N,\N,\N,\N,20
5988,288,57,1,7,5,\N,R,18,0,28,\N,\N,\N,\N,\N,\N,23
5989,288,30,22,5,4,\N,R,19,0,19,\N,\N,\N,\N,\N,\N,5
5990,288,79,25,3,18,\N,R,20,0,11,\N,\N,\N,\N,\N,\N,20
5991,288,56,17,15,19,\N,R,21,0,10,\N,\N,\N,\N,\N,\N,3
5992,288,65,32,12,20,\N,R,22,0,9,\N,\N,\N,\N,\N,\N,22
5993,288,94,18,24,16,\N,R,23,0,5,\N,\N,\N,\N,\N,\N,6
5994,288,83,32,11,23,\N,R,24,0,0,\N,\N,\N,\N,\N,\N,3
5995,289,95,3,5,1,1,1,1,10,72,1:36:45.320,5805320,\N,\N,\N,\N,1
5996,289,119,3,6,4,2,2,2,6,72,+24.360,5829680,\N,\N,\N,\N,1
5997,289,102,1,1,2,3,3,3,4,72,+34.675,5839995,\N,\N,\N,\N,1
5998,289,30,22,19,6,4,4,4,3,72,+47.863,5853183,\N,\N,\N,\N,1
5999,289,77,1,2,3,5,5,5,2,72,+1:13.634,5878954,\N,\N,\N,\N,1
6000,289,65,32,12,11,6,6,6,1,71,\N,\N,\N,\N,\N,\N,11
6001,289,100,27,26,13,7,7,7,0,71,\N,\N,\N,\N,\N,\N,11
6002,289,88,29,10,16,8,8,8,0,70,\N,\N,\N,\N,\N,\N,12
6003,289,57,32,11,21,9,9,9,0,70,\N,\N,\N,\N,\N,\N,12
6004,289,105,29,9,17,10,10,10,0,70,\N,\N,\N,\N,\N,\N,12
6005,289,127,17,33,23,11,11,11,0,70,\N,\N,\N,\N,\N,\N,12
6006,289,79,33,30,18,12,12,12,0,68,\N,\N,\N,\N,\N,\N,14
6007,289,128,34,7,26,13,13,13,0,68,\N,\N,\N,\N,\N,\N,14
6008,289,129,25,3,12,\N,R,14,0,62,\N,\N,\N,\N,\N,\N,5
6009,289,123,27,25,14,\N,R,15,0,60,\N,\N,\N,\N,\N,\N,69
6010,289,94,35,22,25,\N,R,16,0,56,\N,\N,\N,\N,\N,\N,8
6011,289,81,18,24,19,\N,R,17,0,55,\N,\N,\N,\N,\N,\N,5
6012,289,109,35,21,24,\N,R,18,0,44,\N,\N,\N,\N,\N,\N,6
6013,289,104,18,23,20,\N,R,19,0,43,\N,\N,\N,\N,\N,\N,91
6014,289,110,25,4,10,\N,R,20,0,41,\N,\N,\N,\N,\N,\N,5
6015,289,55,6,27,5,\N,R,21,0,40,\N,\N,\N,\N,\N,\N,5
6016,289,122,6,28,9,\N,R,22,0,28,\N,\N,\N,\N,\N,\N,5
6017,289,99,36,15,15,\N,R,23,0,23,\N,\N,\N,\N,\N,\N,5
6018,289,91,37,16,7,\N,R,24,0,13,\N,\N,\N,\N,\N,\N,25
6019,289,92,33,29,22,\N,R,25,0,8,\N,\N,\N,\N,\N,\N,38
6020,289,84,22,20,8,\N,R,26,0,1,\N,\N,\N,\N,\N,\N,8
6021,289,108,37,17,0,\N,F,27,0,0,\N,\N,\N,\N,\N,\N,81
6022,289,130,36,14,0,\N,F,28,0,0,\N,\N,\N,\N,\N,\N,81
6023,289,131,17,32,0,\N,F,29,0,0,\N,\N,\N,\N,\N,\N,81
6024,289,132,34,8,0,\N,F,30,0,0,\N,\N,\N,\N,\N,\N,81
6025,290,95,3,5,1,1,1,1,10,69,1:31:53.587,5513587,\N,\N,\N,\N,1
6026,290,119,3,6,2,2,2,2,6,69,+12.971,5526558,\N,\N,\N,\N,1
6027,290,30,22,19,3,3,3,3,4,69,+21.429,5535016,\N,\N,\N,\N,1
6028,290,77,1,2,5,4,4,4,3,69,+33.347,5546934,\N,\N,\N,\N,1
6029,290,110,25,4,11,5,5,5,2,68,\N,\N,\N,\N,\N,\N,11
6030,290,57,32,11,18,6,6,6,1,68,\N,\N,\N,\N,\N,\N,11
6031,290,65,32,12,12,7,7,7,0,68,\N,\N,\N,\N,\N,\N,11
6032,290,109,35,21,7,8,8,8,0,68,\N,\N,\N,\N,\N,\N,11
6033,290,100,27,26,26,9,9,9,0,67,\N,\N,\N,\N,\N,\N,12
6034,290,123,27,25,22,10,10,10,0,67,\N,\N,\N,\N,\N,\N,12
6035,290,92,33,29,13,11,11,11,0,66,\N,\N,\N,\N,\N,\N,13
6036,290,79,33,30,24,12,12,12,0,66,\N,\N,\N,\N,\N,\N,13
6037,290,105,29,9,25,13,13,13,0,65,\N,\N,\N,\N,\N,\N,14
6038,290,84,22,20,4,\N,R,14,0,47,\N,\N,\N,\N,\N,\N,5
6039,290,99,36,15,14,\N,R,15,0,45,\N,\N,\N,\N,\N,\N,8
6040,290,130,36,14,23,\N,R,16,0,37,\N,\N,\N,\N,\N,\N,20
6041,290,94,35,22,9,\N,R,17,0,36,\N,\N,\N,\N,\N,\N,64
6042,290,55,6,27,10,\N,R,18,0,31,\N,\N,\N,\N,\N,\N,5
6043,290,81,18,24,21,\N,R,19,0,29,\N,\N,\N,\N,\N,\N,20
6044,290,131,17,32,15,\N,R,20,0,17,\N,\N,\N,\N,\N,\N,6
6045,290,129,25,3,16,\N,R,21,0,12,\N,\N,\N,\N,\N,\N,5
6046,290,102,1,1,6,\N,R,22,0,11,\N,\N,\N,\N,\N,\N,7
6047,290,104,18,23,17,\N,R,23,0,2,\N,\N,\N,\N,\N,\N,20
6048,290,127,17,33,8,\N,R,24,0,0,\N,\N,\N,\N,\N,\N,5
6049,290,91,37,16,19,\N,R,25,0,0,\N,\N,\N,\N,\N,\N,4
6050,290,122,6,28,20,\N,R,26,0,0,\N,\N,\N,\N,\N,\N,4
6051,290,88,29,10,0,\N,F,27,0,0,\N,\N,\N,\N,\N,\N,81
6052,290,108,37,17,0,\N,F,28,0,0,\N,\N,\N,\N,\N,\N,81
6053,290,128,34,7,0,\N,F,29,0,0,\N,\N,\N,\N,\N,\N,81
6054,290,132,34,8,0,\N,F,30,0,0,\N,\N,\N,\N,\N,\N,81
6055,291,95,3,5,1,1,1,1,10,71,1:36:51.856,5811856,\N,\N,\N,\N,1
6056,291,119,3,6,2,2,2,2,6,71,+29.330,5841186,\N,\N,\N,\N,1
6057,291,30,22,19,5,3,3,3,4,70,\N,\N,\N,\N,\N,\N,11
6058,291,55,6,27,6,4,4,4,3,70,\N,\N,\N,\N,\N,\N,11
6059,291,122,6,28,11,5,5,5,2,70,\N,\N,\N,\N,\N,\N,11
6060,291,105,29,9,14,6,6,6,1,70,\N,\N,\N,\N,\N,\N,11
6061,291,81,18,24,23,7,7,7,0,69,\N,\N,\N,\N,\N,\N,12
6062,291,109,35,21,16,8,8,8,0,69,\N,\N,\N,\N,\N,\N,12
6063,291,79,33,30,25,9,9,9,0,68,\N,\N,\N,\N,\N,\N,13
6064,291,57,32,11,24,10,10,10,0,67,\N,\N,\N,\N,\N,\N,14
6065,291,99,36,15,19,\N,R,11,0,62,\N,\N,\N,\N,\N,\N,5
6066,291,91,37,16,9,\N,R,12,0,55,\N,\N,\N,\N,\N,\N,8
6067,291,104,18,23,20,\N,R,13,0,54,\N,\N,\N,\N,\N,\N,6
6068,291,129,25,3,17,\N,R,14,0,52,\N,\N,\N,\N,\N,\N,5
6069,291,100,27,26,15,\N,R,15,0,42,\N,\N,\N,\N,\N,\N,6
6070,291,65,32,12,26,\N,R,16,0,36,\N,\N,\N,\N,\N,\N,20
6071,291,123,27,25,10,\N,R,17,0,36,\N,\N,\N,\N,\N,\N,4
6072,291,127,17,33,21,\N,R,18,0,36,\N,\N,\N,\N,\N,\N,6
6073,291,84,22,20,7,\N,R,19,0,30,\N,\N,\N,\N,\N,\N,4
6074,291,94,35,22,8,\N,R,20,0,24,\N,\N,\N,\N,\N,\N,8
6075,291,92,33,29,18,\N,R,21,0,23,\N,\N,\N,\N,\N,\N,22
6076,291,110,25,4,13,\N,R,22,0,21,\N,\N,\N,\N,\N,\N,5
6077,291,102,1,1,3,\N,R,23,0,17,\N,\N,\N,\N,\N,\N,5
6078,291,77,1,2,4,\N,R,24,0,4,\N,\N,\N,\N,\N,\N,10
6079,291,88,29,10,22,\N,R,25,0,2,\N,\N,\N,\N,\N,\N,5
6080,291,131,17,32,12,\N,R,26,0,1,\N,\N,\N,\N,\N,\N,6
6081,291,130,36,14,0,\N,F,27,0,0,\N,\N,\N,\N,\N,\N,81
6082,291,108,37,17,0,\N,F,28,0,0,\N,\N,\N,\N,\N,\N,81
6083,291,128,34,7,0,\N,F,29,0,0,\N,\N,\N,\N,\N,\N,81
6084,291,132,34,8,0,\N,F,30,0,0,\N,\N,\N,\N,\N,\N,81
6085,292,95,3,5,1,1,1,1,10,65,1:56:10.674,6970674,\N,\N,\N,\N,1
6086,292,30,22,19,2,2,2,2,6,65,+23.914,6994588,\N,\N,\N,\N,1
6087,292,55,6,27,8,3,3,3,4,65,+26.462,6997136,\N,\N,\N,\N,1
6088,292,77,1,2,7,4,4,4,3,65,+1:20.647,7051321,\N,\N,\N,\N,1
6089,292,105,29,9,16,5,5,5,2,64,\N,\N,\N,\N,\N,\N,11
6090,292,94,35,22,13,6,6,6,1,63,\N,\N,\N,\N,\N,\N,12
6091,292,88,29,10,19,7,7,7,0,63,\N,\N,\N,\N,\N,\N,12
6092,292,91,37,16,9,8,8,8,0,63,\N,\N,\N,\N,\N,\N,12
6093,292,102,1,1,3,9,9,9,0,62,\N,\N,\N,\N,\N,\N,20
6094,292,122,6,28,5,10,10,10,0,62,\N,\N,\N,\N,\N,\N,20
6095,292,104,18,23,22,11,11,11,0,61,\N,\N,\N,\N,\N,\N,14
6096,292,108,37,17,23,12,12,12,0,61,\N,\N,\N,\N,\N,\N,14
6097,292,109,35,21,12,\N,R,13,0,56,\N,\N,\N,\N,\N,\N,20
6098,292,99,36,15,18,\N,R,14,0,56,\N,\N,\N,\N,\N,\N,20
6099,292,57,32,11,21,\N,R,15,0,56,\N,\N,\N,\N,\N,\N,20
6100,292,100,27,26,10,\N,R,16,0,55,\N,\N,\N,\N,\N,\N,20
6101,292,92,33,29,24,\N,R,17,0,35,\N,\N,\N,\N,\N,\N,5
6102,292,129,25,3,15,\N,R,18,0,30,\N,\N,\N,\N,\N,\N,20
6103,292,81,18,24,25,\N,R,19,0,26,\N,\N,\N,\N,\N,\N,64
6104,292,127,17,33,17,\N,R,20,0,24,\N,\N,\N,\N,\N,\N,20
6105,292,130,36,14,20,\N,R,21,0,22,\N,\N,\N,\N,\N,\N,20
6106,292,119,3,6,4,\N,R,22,0,19,\N,\N,\N,\N,\N,\N,20
6107,292,65,32,12,26,\N,R,23,0,13,\N,\N,\N,\N,\N,\N,20
6108,292,123,27,25,14,\N,R,24,0,11,\N,\N,\N,\N,\N,\N,5
6109,292,84,22,20,6,\N,R,25,0,4,\N,\N,\N,\N,\N,\N,20
6110,292,110,25,4,11,\N,R,26,0,2,\N,\N,\N,\N,\N,\N,5
6111,292,79,33,30,0,\N,F,27,0,0,\N,\N,\N,\N,\N,\N,81
6112,292,128,34,7,0,\N,F,28,0,0,\N,\N,\N,\N,\N,\N,81
6113,292,131,17,32,0,\N,F,29,0,0,\N,\N,\N,\N,\N,\N,81
6114,292,71,34,8,0,\N,F,30,0,0,\N,\N,\N,\N,\N,\N,81
6115,292,90,38,34,0,\N,F,31,0,0,\N,\N,\N,\N,\N,\N,97
6116,292,135,38,35,0,\N,F,32,0,0,\N,\N,\N,\N,\N,\N,97
6117,293,95,3,5,1,1,1,1,10,60,1:28:40.927,5320927,\N,\N,\N,\N,1
6118,293,119,3,6,2,2,2,2,6,60,+9.451,5330378,\N,\N,\N,\N,1
6119,293,102,1,1,3,3,3,3,4,60,+48.984,5369911,\N,\N,\N,\N,1
6120,293,84,22,20,6,4,4,4,3,60,+53.007,5373934,\N,\N,\N,\N,1
6121,293,105,29,9,9,5,5,5,2,59,\N,\N,\N,\N,\N,\N,11
6122,293,94,35,22,15,6,6,6,1,59,\N,\N,\N,\N,\N,\N,11
6123,293,127,17,33,16,7,7,7,0,58,\N,\N,\N,\N,\N,\N,12
6124,293,129,25,3,20,8,8,8,0,58,\N,\N,\N,\N,\N,\N,12
6125,293,100,27,26,13,9,9,9,0,58,\N,\N,\N,\N,\N,\N,12
6126,293,88,29,10,11,10,10,10,0,58,\N,\N,\N,\N,\N,\N,12
6127,293,109,35,21,16,11,11,11,0,57,\N,\N,\N,\N,\N,\N,5
6128,293,91,37,16,12,12,12,12,0,57,\N,\N,\N,\N,\N,\N,13
6129,293,108,37,17,24,13,13,13,0,57,\N,\N,\N,\N,\N,\N,13
6130,293,110,25,4,14,14,14,14,0,55,\N,\N,\N,\N,\N,\N,69
6131,293,79,33,30,17,\N,R,15,0,40,\N,\N,\N,\N,\N,\N,20
6132,293,55,6,27,7,\N,R,16,0,39,\N,\N,\N,\N,\N,\N,4
6133,293,77,1,2,4,\N,R,17,0,39,\N,\N,\N,\N,\N,\N,4
6134,293,92,33,29,19,\N,R,18,0,32,\N,\N,\N,\N,\N,\N,20
6135,293,123,27,25,10,\N,R,19,0,29,\N,\N,\N,\N,\N,\N,5
6136,293,131,17,32,23,\N,R,20,0,25,\N,\N,\N,\N,\N,\N,6
6137,293,81,18,24,21,\N,R,21,0,24,\N,\N,\N,\N,\N,\N,5
6138,293,99,36,15,22,\N,R,22,0,24,\N,\N,\N,\N,\N,\N,5
6139,293,30,22,19,5,\N,R,23,0,20,\N,\N,\N,\N,\N,\N,20
6140,293,122,6,28,8,\N,R,24,0,11,\N,\N,\N,\N,\N,\N,20
6141,293,104,18,23,25,\N,R,25,0,8,\N,\N,\N,\N,\N,\N,6
6142,293,65,32,12,26,\N,R,26,0,8,\N,\N,\N,\N,\N,\N,6
6143,293,57,32,11,0,\N,F,27,0,0,\N,\N,\N,\N,\N,\N,81
6144,293,130,36,14,0,\N,F,28,0,0,\N,\N,\N,\N,\N,\N,81
6145,293,71,34,8,0,\N,F,29,0,0,\N,\N,\N,\N,\N,\N,81
6146,293,128,34,7,0,\N,F,30,0,0,\N,\N,\N,\N,\N,\N,81
6147,293,90,38,34,0,\N,F,31,0,0,\N,\N,\N,\N,\N,\N,97
6148,293,135,38,35,0,\N,F,32,0,0,\N,\N,\N,\N,\N,\N,97
6149,294,102,1,1,3,1,1,1,10,78,1:50:59.372,6659372,\N,\N,\N,\N,1
6150,294,95,3,5,1,2,2,2,6,78,+0.215,6659587,\N,\N,\N,\N,1
6151,294,119,3,6,2,3,3,3,4,78,+31.843,6691215,\N,\N,\N,\N,1
6152,294,30,22,19,6,4,4,4,3,78,+39.294,6698666,\N,\N,\N,\N,1
6153,294,84,22,20,7,5,5,5,2,78,+1:21.347,6740719,\N,\N,\N,\N,1
6154,294,92,33,29,15,6,6,6,1,77,\N,\N,\N,\N,\N,\N,11
6155,294,105,29,9,11,7,7,7,0,77,\N,\N,\N,\N,\N,\N,11
6156,294,104,18,23,17,8,8,8,0,77,\N,\N,\N,\N,\N,\N,11
6157,294,109,35,21,20,9,9,9,0,76,\N,\N,\N,\N,\N,\N,12
6158,294,100,27,26,23,10,10,10,0,76,\N,\N,\N,\N,\N,\N,12
6159,294,88,29,10,19,11,11,11,0,76,\N,\N,\N,\N,\N,\N,12
6160,294,123,27,25,22,12,12,12,0,75,\N,\N,\N,\N,\N,\N,13
6161,294,122,6,28,8,\N,R,13,0,60,\N,\N,\N,\N,\N,\N,20
6162,294,77,1,2,5,\N,R,14,0,32,\N,\N,\N,\N,\N,\N,6
6163,294,57,32,11,14,\N,R,15,0,30,\N,\N,\N,\N,\N,\N,6
6164,294,55,6,27,4,\N,R,16,0,28,\N,\N,\N,\N,\N,\N,6
6165,294,127,17,33,13,\N,R,17,0,18,\N,\N,\N,\N,\N,\N,6
6166,294,65,32,12,9,\N,R,18,0,17,\N,\N,\N,\N,\N,\N,20
6167,294,90,38,34,26,\N,R,19,0,11,\N,\N,\N,\N,\N,\N,5
6168,294,110,25,4,10,\N,R,20,0,9,\N,\N,\N,\N,\N,\N,6
6169,294,99,36,15,25,\N,R,21,0,9,\N,\N,\N,\N,\N,\N,5
6170,294,131,17,32,21,\N,R,22,0,6,\N,\N,\N,\N,\N,\N,20
6171,294,129,25,3,24,\N,R,23,0,4,\N,\N,\N,\N,\N,\N,7
6172,294,91,37,16,16,\N,R,24,0,1,\N,\N,\N,\N,\N,\N,6
6173,294,81,18,24,12,\N,R,25,0,1,\N,\N,\N,\N,\N,\N,6
6174,294,94,35,22,18,\N,R,26,0,0,\N,\N,\N,\N,\N,\N,20
6175,294,128,34,7,0,\N,F,27,0,0,\N,\N,\N,\N,\N,\N,81
6176,294,71,34,8,0,\N,F,28,0,0,\N,\N,\N,\N,\N,\N,81
6177,294,130,36,14,0,\N,F,29,0,0,\N,\N,\N,\N,\N,\N,81
6178,294,108,37,17,0,\N,F,30,0,0,\N,\N,\N,\N,\N,\N,81
6179,294,79,33,30,0,\N,F,31,0,0,\N,\N,\N,\N,\N,\N,97
6180,294,135,38,35,0,\N,F,32,0,0,\N,\N,\N,\N,\N,\N,97
6181,295,77,1,2,4,1,1,1,10,69,1:37:08.299,5828299,\N,\N,\N,\N,1
6182,295,30,22,19,5,2,2,2,6,69,+12.401,5840700,\N,\N,\N,\N,1
6183,295,55,6,27,8,3,3,3,4,69,+1:07.327,5895626,\N,\N,\N,\N,1
6184,295,91,37,16,12,4,4,4,3,68,\N,\N,\N,\N,\N,\N,11
6185,295,110,25,4,14,5,5,5,2,68,\N,\N,\N,\N,\N,\N,11
6186,295,100,27,26,22,6,6,6,1,68,\N,\N,\N,\N,\N,\N,11
6187,295,105,29,9,16,7,7,7,0,68,\N,\N,\N,\N,\N,\N,11
6188,295,94,35,22,15,8,8,8,0,68,\N,\N,\N,\N,\N,\N,11
6189,295,109,35,21,23,9,9,9,0,68,\N,\N,\N,\N,\N,\N,11
6190,295,123,27,25,21,10,10,10,0,67,\N,\N,\N,\N,\N,\N,12
6191,295,81,18,24,13,11,11,11,0,67,\N,\N,\N,\N,\N,\N,12
6192,295,129,25,3,26,12,12,12,0,67,\N,\N,\N,\N,\N,\N,12
6193,295,104,18,23,25,13,13,13,0,65,\N,\N,\N,\N,\N,\N,14
6194,295,108,37,17,20,14,14,14,0,64,\N,\N,\N,\N,\N,\N,15
6195,295,79,33,30,11,\N,R,15,0,61,\N,\N,\N,\N,\N,\N,5
6196,295,84,22,20,7,\N,R,16,0,45,\N,\N,\N,\N,\N,\N,7
6197,295,119,3,6,2,\N,R,17,0,43,\N,\N,\N,\N,\N,\N,6
6198,295,102,1,1,1,\N,R,18,0,37,\N,\N,\N,\N,\N,\N,10
6199,295,131,17,32,17,\N,R,19,0,36,\N,\N,\N,\N,\N,\N,7
6200,295,57,32,11,10,\N,R,20,0,35,\N,\N,\N,\N,\N,\N,6
6201,295,65,32,12,6,\N,R,21,0,34,\N,\N,\N,\N,\N,\N,8
6202,295,122,6,28,9,\N,R,22,0,18,\N,\N,\N,\N,\N,\N,20
6203,295,95,3,5,3,\N,R,23,0,14,\N,\N,\N,\N,\N,\N,20
6204,295,127,17,33,24,\N,R,24,0,14,\N,\N,\N,\N,\N,\N,7
6205,295,92,33,29,19,\N,D,25,0,14,\N,\N,\N,\N,\N,\N,2
6206,295,99,36,15,18,\N,R,26,0,0,\N,\N,\N,\N,\N,\N,7
6207,295,88,29,10,0,\N,F,27,0,0,\N,\N,\N,\N,\N,\N,81
6208,295,128,34,7,0,\N,F,28,0,0,\N,\N,\N,\N,\N,\N,81
6209,295,130,36,14,0,\N,F,29,0,0,\N,\N,\N,\N,\N,\N,81
6210,295,71,34,8,0,\N,F,30,0,0,\N,\N,\N,\N,\N,\N,81
6211,295,90,38,34,0,\N,F,31,0,0,\N,\N,\N,\N,\N,\N,97
6212,296,95,3,5,1,1,1,1,10,69,1:38:08.459,5888459,\N,\N,\N,\N,1
6213,296,119,3,6,2,2,2,2,6,69,+46.447,5934906,\N,\N,\N,\N,1
6214,296,84,22,20,7,3,3,3,4,69,+1:12.579,5961038,\N,\N,\N,\N,1
6215,296,57,32,11,11,4,4,4,3,68,\N,\N,\N,\N,\N,\N,11
6216,296,100,27,26,10,5,5,5,2,68,\N,\N,\N,\N,\N,\N,11
6217,296,65,32,12,12,6,6,6,1,68,\N,\N,\N,\N,\N,\N,11
6218,296,105,29,9,14,7,7,7,0,68,\N,\N,\N,\N,\N,\N,11
6219,296,81,18,24,16,8,8,8,0,68,\N,\N,\N,\N,\N,\N,11
6220,296,109,35,21,17,9,9,9,0,67,\N,\N,\N,\N,\N,\N,12
6221,296,94,35,22,25,10,10,10,0,67,\N,\N,\N,\N,\N,\N,12
6222,296,129,25,3,22,11,11,11,0,66,\N,\N,\N,\N,\N,\N,13
6223,296,55,6,27,6,\N,R,12,0,61,\N,\N,\N,\N,\N,\N,5
6224,296,110,25,4,19,\N,R,13,0,51,\N,\N,\N,\N,\N,\N,20
6225,296,79,33,30,18,\N,R,14,0,41,\N,\N,\N,\N,\N,\N,5
6226,296,123,27,25,9,\N,R,15,0,46,\N,\N,\N,\N,\N,\N,20
6227,296,122,6,28,8,\N,R,16,0,38,\N,\N,\N,\N,\N,\N,5
6228,296,91,37,16,21,\N,R,17,0,33,\N,\N,\N,\N,\N,\N,6
6229,296,131,17,32,20,\N,R,18,0,25,\N,\N,\N,\N,\N,\N,5
6230,296,88,29,10,15,\N,R,19,0,20,\N,\N,\N,\N,\N,\N,20
6231,296,30,22,19,5,\N,R,20,0,17,\N,\N,\N,\N,\N,\N,3
6232,296,77,1,2,4,\N,R,21,0,10,\N,\N,\N,\N,\N,\N,5
6233,296,99,36,15,23,\N,R,22,0,6,\N,\N,\N,\N,\N,\N,37
6234,296,102,1,1,3,\N,R,23,0,0,\N,\N,\N,\N,\N,\N,3
6235,296,92,33,29,13,\N,R,24,0,0,\N,\N,\N,\N,\N,\N,3
6236,296,127,17,33,24,\N,R,25,0,0,\N,\N,\N,\N,\N,\N,3
6237,296,130,36,14,26,\N,R,26,0,0,\N,\N,\N,\N,\N,\N,3
6238,296,108,37,17,0,\N,F,27,0,0,\N,\N,\N,\N,\N,\N,81
6239,296,104,18,23,0,\N,F,28,0,0,\N,\N,\N,\N,\N,\N,81
6240,296,128,34,7,0,\N,F,29,0,0,\N,\N,\N,\N,\N,\N,81
6241,296,71,34,8,0,\N,F,30,0,0,\N,\N,\N,\N,\N,\N,81
6242,297,95,3,5,1,1,1,1,10,59,1:25:42.991,5142991,\N,\N,\N,\N,1
6243,297,119,3,6,2,2,2,2,6,59,+39.094,5182085,\N,\N,\N,\N,1
6244,297,84,22,20,6,3,3,3,4,59,+48.395,5191386,\N,\N,\N,\N,1
6245,297,30,22,19,4,4,4,4,3,59,+53.267,5196258,\N,\N,\N,\N,1
6246,297,77,1,2,5,5,5,5,2,59,+55.795,5198786,\N,\N,\N,\N,1
6247,297,57,32,11,9,6,6,6,1,59,+1:20.138,5223129,\N,\N,\N,\N,1
6248,297,105,29,9,12,7,7,7,0,58,\N,\N,\N,\N,\N,\N,11
6249,297,100,27,26,10,8,8,8,0,58,\N,\N,\N,\N,\N,\N,11
6250,297,122,6,28,14,9,9,9,0,58,\N,\N,\N,\N,\N,\N,11
6251,297,123,27,25,13,10,10,10,0,57,\N,\N,\N,\N,\N,\N,12
6252,297,129,25,3,20,11,11,11,0,57,\N,\N,\N,\N,\N,\N,12
6253,297,88,29,10,17,12,12,12,0,57,\N,\N,\N,\N,\N,\N,12
6254,297,109,35,21,19,13,13,13,0,57,\N,\N,\N,\N,\N,\N,12
6255,297,99,36,15,15,14,14,14,0,57,\N,\N,\N,\N,\N,\N,12
6256,297,94,35,22,22,15,15,15,0,56,\N,\N,\N,\N,\N,\N,13
6257,297,71,34,8,26,16,16,16,0,55,\N,\N,\N,\N,\N,\N,14
6258,297,81,18,24,25,17,17,17,0,53,\N,\N,\N,\N,\N,\N,5
6259,297,102,1,1,3,\N,R,18,0,52,\N,\N,\N,\N,\N,\N,7
6260,297,110,25,4,18,\N,R,19,0,46,\N,\N,\N,\N,\N,\N,20
6261,297,55,6,27,8,\N,R,20,0,43,\N,\N,\N,\N,\N,\N,26
6262,297,131,17,32,23,\N,R,21,0,43,\N,\N,\N,\N,\N,\N,5
6263,297,127,17,33,24,\N,R,22,0,37,\N,\N,\N,\N,\N,\N,5
6264,297,92,33,29,11,\N,R,23,0,32,\N,\N,\N,\N,\N,\N,36
6265,297,65,32,12,7,\N,R,24,0,31,\N,\N,\N,\N,\N,\N,7
6266,297,91,37,16,21,\N,R,25,0,27,\N,\N,\N,\N,\N,\N,6
6267,297,79,33,30,16,\N,R,26,0,27,\N,\N,\N,\N,\N,\N,7
6268,297,70,18,23,0,\N,F,27,0,0,\N,\N,\N,\N,\N,\N,81
6269,297,108,37,17,0,\N,F,28,0,0,\N,\N,\N,\N,\N,\N,81
6270,297,130,36,14,0,\N,F,29,0,0,\N,\N,\N,\N,\N,\N,81
6271,297,128,34,7,0,\N,W,30,0,0,\N,\N,\N,\N,\N,\N,54
6272,297,90,38,34,0,\N,F,31,0,0,\N,\N,\N,\N,\N,\N,97
6273,297,135,38,35,0,\N,F,32,0,0,\N,\N,\N,\N,\N,\N,97
6274,298,95,3,5,1,1,1,1,10,45,1:18:22.032,4702032,\N,\N,\N,\N,1
6275,298,102,1,1,3,2,2,2,6,45,+4.500,4706532,\N,\N,\N,\N,1
6276,298,30,22,19,6,3,3,3,4,45,+34.462,4736494,\N,\N,\N,\N,1
6277,298,84,22,20,9,4,4,4,3,45,+36.959,4738991,\N,\N,\N,\N,1
6278,298,55,6,27,5,5,5,5,2,45,+1:12.607,4774639,\N,\N,\N,\N,1
6279,298,100,27,26,7,6,6,6,1,45,+1:36.498,4798530,\N,\N,\N,\N,1
6280,298,123,27,25,8,7,7,7,0,45,+1:37.180,4799212,\N,\N,\N,\N,1
6281,298,119,3,6,2,8,8,8,0,44,\N,\N,\N,\N,\N,\N,20
6282,298,105,29,9,17,9,9,9,0,44,\N,\N,\N,\N,\N,\N,11
6283,298,109,35,21,21,10,10,10,0,44,\N,\N,\N,\N,\N,\N,11
6284,298,94,35,22,18,11,11,11,0,44,\N,\N,\N,\N,\N,\N,11
6285,298,81,18,24,26,12,12,12,0,44,\N,\N,\N,\N,\N,\N,11
6286,298,108,37,17,22,13,13,13,0,44,\N,\N,\N,\N,\N,\N,11
6287,298,92,33,29,25,14,14,14,0,44,\N,\N,\N,\N,\N,\N,11
6288,298,127,17,33,23,15,15,15,0,43,\N,\N,\N,\N,\N,\N,12
6289,298,91,37,16,10,16,16,16,0,42,\N,\N,\N,\N,\N,\N,13
6290,298,99,36,15,19,\N,R,17,0,33,\N,\N,\N,\N,\N,\N,5
6291,298,110,25,4,20,\N,R,18,0,25,\N,\N,\N,\N,\N,\N,5
6292,298,65,32,12,11,\N,R,19,0,23,\N,\N,\N,\N,\N,\N,5
6293,298,122,6,28,12,\N,R,20,0,21,\N,\N,\N,\N,\N,\N,5
6294,298,57,32,11,13,\N,R,21,0,21,\N,\N,\N,\N,\N,\N,5
6295,298,77,1,2,4,\N,R,22,0,16,\N,\N,\N,\N,\N,\N,10
6296,298,129,25,3,14,\N,R,23,0,8,\N,\N,\N,\N,\N,\N,5
6297,298,79,33,30,16,\N,R,24,0,8,\N,\N,\N,\N,\N,\N,20
6298,298,88,29,10,15,\N,R,25,0,1,\N,\N,\N,\N,\N,\N,20
6299,298,70,18,23,24,\N,R,26,0,1,\N,\N,\N,\N,\N,\N,6
6300,298,131,17,32,0,\N,F,27,0,0,\N,\N,\N,\N,\N,\N,81
6301,298,128,34,7,0,\N,F,28,0,0,\N,\N,\N,\N,\N,\N,81
6302,298,130,36,14,0,\N,F,29,0,0,\N,\N,\N,\N,\N,\N,81
6303,298,71,34,8,0,\N,F,30,0,0,\N,\N,\N,\N,\N,\N,81
6304,298,90,38,34,0,\N,F,31,0,0,\N,\N,\N,\N,\N,\N,97
6305,298,135,38,35,0,\N,E,32,0,0,\N,\N,\N,\N,\N,\N,96
6306,299,102,1,1,3,1,1,1,10,77,1:46:19.216,6379216,\N,\N,\N,\N,1
6307,299,95,3,5,2,2,2,2,6,77,+40.139,6419355,\N,\N,\N,\N,1
6308,299,77,1,2,5,3,3,3,4,77,+50.782,6429998,\N,\N,\N,\N,1
6309,299,57,32,11,16,4,4,4,3,77,+54.313,6433529,\N,\N,\N,\N,1
6310,299,84,22,20,6,5,5,5,2,77,+57.498,6436714,\N,\N,\N,\N,1
6311,299,122,6,28,10,6,6,6,1,76,\N,\N,\N,\N,\N,\N,11
6312,299,105,29,9,7,7,7,7,0,75,\N,\N,\N,\N,\N,\N,12
6313,299,110,25,4,19,8,8,8,0,75,\N,\N,\N,\N,\N,\N,12
6314,299,108,37,17,17,9,9,9,0,74,\N,\N,\N,\N,\N,\N,13
6315,299,127,17,33,21,10,10,10,0,73,\N,\N,\N,\N,\N,\N,14
6316,299,71,34,8,25,11,11,11,0,73,\N,\N,\N,\N,\N,\N,14
6317,299,30,22,19,4,\N,R,12,0,63,\N,\N,\N,\N,\N,\N,41
6318,299,119,3,6,1,\N,R,13,0,55,\N,\N,\N,\N,\N,\N,5
6319,299,94,35,22,26,\N,R,14,0,40,\N,\N,\N,\N,\N,\N,6
6320,299,79,33,30,20,\N,R,15,0,35,\N,\N,\N,\N,\N,\N,5
6321,299,55,6,27,9,\N,R,16,0,14,\N,\N,\N,\N,\N,\N,20
6322,299,92,33,29,15,\N,R,17,0,13,\N,\N,\N,\N,\N,\N,4
6323,299,88,29,10,14,\N,R,18,0,13,\N,\N,\N,\N,\N,\N,4
6324,299,129,25,3,22,\N,R,19,0,13,\N,\N,\N,\N,\N,\N,4
6325,299,91,37,16,23,\N,R,20,0,13,\N,\N,\N,\N,\N,\N,4
6326,299,131,17,32,24,\N,R,21,0,13,\N,\N,\N,\N,\N,\N,4
6327,299,128,36,14,18,\N,R,22,0,2,\N,\N,\N,\N,\N,\N,20
6328,299,123,27,25,8,\N,R,23,0,0,\N,\N,\N,\N,\N,\N,4
6329,299,100,27,26,11,\N,R,24,0,0,\N,\N,\N,\N,\N,\N,4
6330,299,99,36,15,12,\N,R,25,0,0,\N,\N,\N,\N,\N,\N,4
6331,299,65,32,12,13,\N,R,26,0,0,\N,\N,\N,\N,\N,\N,4
6332,299,81,18,24,0,\N,F,27,0,0,\N,\N,\N,\N,\N,\N,81
6333,299,109,35,21,0,\N,F,28,0,0,\N,\N,\N,\N,\N,\N,81
6334,299,70,18,23,0,\N,F,29,0,0,\N,\N,\N,\N,\N,\N,81
6335,299,90,38,34,0,\N,F,30,0,0,\N,\N,\N,\N,\N,\N,81
6336,299,135,38,35,0,\N,F,31,0,0,\N,\N,\N,\N,\N,\N,97
6337,300,30,22,19,3,1,1,1,10,44,1:36:10.721,5770721,\N,\N,\N,\N,1
6338,300,95,3,5,1,2,2,2,6,44,+36.595,5807316,\N,\N,\N,\N,1
6339,300,119,3,6,4,3,3,3,4,44,+43.897,5814618,\N,\N,\N,\N,1
6340,300,84,22,20,9,4,4,4,3,44,+46.059,5816780,\N,\N,\N,\N,1
6341,300,102,1,1,2,5,5,5,2,44,+1:08.369,5839090,\N,\N,\N,\N,1
6342,300,57,32,11,8,6,6,6,1,44,+1:10.030,5840751,\N,\N,\N,\N,1
6343,300,109,35,21,16,7,7,7,0,44,+1:38.237,5868958,\N,\N,\N,\N,1
6344,300,110,25,4,13,8,8,8,0,43,\N,\N,\N,\N,\N,\N,11
6345,300,88,29,10,25,9,9,9,0,43,\N,\N,\N,\N,\N,\N,11
6346,300,128,36,14,15,10,10,10,0,43,\N,\N,\N,\N,\N,\N,11
6347,300,91,37,16,18,11,11,11,0,43,\N,\N,\N,\N,\N,\N,11
6348,300,125,37,17,21,12,12,12,0,43,\N,\N,\N,\N,\N,\N,11
6349,300,65,32,12,10,13,13,13,0,43,\N,\N,\N,\N,\N,\N,5
6350,300,127,17,33,24,14,14,14,0,42,\N,\N,\N,\N,\N,\N,12
6351,300,131,17,32,17,15,15,15,0,42,\N,\N,\N,\N,\N,\N,12
6352,300,81,18,24,23,16,16,16,0,42,\N,\N,\N,\N,\N,\N,12
6353,300,79,33,30,26,17,17,17,0,42,\N,\N,\N,\N,\N,\N,12
6354,300,92,33,29,20,18,18,18,0,40,\N,\N,\N,\N,\N,\N,20
6355,300,123,27,25,7,\N,R,19,0,27,\N,\N,\N,\N,\N,\N,20
6356,300,122,6,28,12,\N,R,20,0,25,\N,\N,\N,\N,\N,\N,5
6357,300,99,36,15,11,\N,R,21,0,25,\N,\N,\N,\N,\N,\N,5
6358,300,105,29,9,14,\N,R,22,0,20,\N,\N,\N,\N,\N,\N,6
6359,300,55,6,27,5,\N,R,23,0,7,\N,\N,\N,\N,\N,\N,29
6360,300,129,25,3,22,\N,R,24,0,1,\N,\N,\N,\N,\N,\N,3
6361,300,77,1,2,6,\N,R,25,0,0,\N,\N,\N,\N,\N,\N,7
6362,300,94,35,22,19,\N,R,26,0,0,\N,\N,\N,\N,\N,\N,20
6363,300,104,18,23,0,\N,F,27,0,0,\N,\N,\N,\N,\N,\N,81
6364,300,90,38,34,0,\N,F,28,0,0,\N,\N,\N,\N,\N,\N,81
6365,300,135,38,35,0,\N,F,29,0,0,\N,\N,\N,\N,\N,\N,81
6366,300,100,27,26,0,\N,W,30,0,0,\N,\N,\N,\N,\N,\N,54
6367,301,102,1,1,2,1,1,1,10,53,1:18:15.349,4695349,\N,\N,\N,\N,1
6368,301,84,22,20,9,2,2,2,6,53,+17.050,4712399,\N,\N,\N,\N,1
6369,301,30,22,19,6,3,3,3,4,53,+24.373,4719722,\N,\N,\N,\N,1
6370,301,77,1,2,5,4,4,4,3,53,+1:25.490,4780839,\N,\N,\N,\N,1
6371,301,119,3,6,4,5,5,5,2,53,+1:33.158,4788507,\N,\N,\N,\N,1
6372,301,110,25,4,21,6,6,6,1,52,\N,\N,\N,\N,\N,\N,11
6373,301,105,29,9,16,7,7,7,0,52,\N,\N,\N,\N,\N,\N,11
6374,301,94,35,22,22,8,8,8,0,52,\N,\N,\N,\N,\N,\N,11
6375,301,79,33,30,23,9,9,9,0,50,\N,\N,\N,\N,\N,\N,7
6376,301,91,37,16,17,10,10,10,0,50,\N,\N,\N,\N,\N,\N,13
6377,301,109,35,21,14,11,11,11,0,47,\N,\N,\N,\N,\N,\N,5
6378,301,127,17,33,26,\N,R,12,0,46,\N,\N,\N,\N,\N,\N,7
6379,301,95,3,5,1,\N,R,13,0,41,\N,\N,\N,\N,\N,\N,10
6380,301,123,27,25,8,\N,R,14,0,41,\N,\N,\N,\N,\N,\N,37
6381,301,100,27,26,15,\N,R,15,0,35,\N,\N,\N,\N,\N,\N,20
6382,301,99,36,15,20,\N,R,16,0,30,\N,\N,\N,\N,\N,\N,6
6383,301,129,25,3,18,\N,R,17,0,26,\N,\N,\N,\N,\N,\N,5
6384,301,65,32,12,13,\N,R,18,0,18,\N,\N,\N,\N,\N,\N,5
6385,301,125,37,17,24,\N,R,19,0,17,\N,\N,\N,\N,\N,\N,5
6386,301,55,6,27,3,\N,R,20,0,12,\N,\N,\N,\N,\N,\N,69
6387,301,122,6,28,7,\N,R,21,0,12,\N,\N,\N,\N,\N,\N,10
6388,301,81,18,24,12,\N,R,22,0,12,\N,\N,\N,\N,\N,\N,5
6389,301,92,33,29,10,\N,R,23,0,11,\N,\N,\N,\N,\N,\N,5
6390,301,57,32,11,11,\N,R,24,0,5,\N,\N,\N,\N,\N,\N,5
6391,301,88,29,10,19,\N,R,25,0,2,\N,\N,\N,\N,\N,\N,22
6392,301,128,36,14,25,\N,R,26,0,0,\N,\N,\N,\N,\N,\N,8
6393,301,104,18,23,0,\N,F,27,0,0,\N,\N,\N,\N,\N,\N,81
6394,301,131,17,32,0,\N,F,28,0,0,\N,\N,\N,\N,\N,\N,81
6395,302,95,3,5,1,1,1,1,10,71,1:34:46.659,5686659,\N,\N,\N,\N,1
6396,302,77,1,2,4,2,2,2,6,71,+37.533,5724192,\N,\N,\N,\N,1
6397,302,102,1,1,3,3,3,3,4,70,\N,\N,\N,\N,\N,\N,11
6398,302,84,22,20,6,4,4,4,3,70,\N,\N,\N,\N,\N,\N,11
6399,302,57,32,11,7,5,5,5,2,70,\N,\N,\N,\N,\N,\N,11
6400,302,105,29,9,8,6,6,6,1,70,\N,\N,\N,\N,\N,\N,11
6401,302,30,22,19,5,7,7,7,0,69,\N,\N,\N,\N,\N,\N,12
6402,302,123,27,25,11,8,8,8,0,69,\N,\N,\N,\N,\N,\N,12
6403,302,110,25,4,12,9,9,9,0,69,\N,\N,\N,\N,\N,\N,12
6404,302,88,29,10,17,10,10,10,0,68,\N,\N,\N,\N,\N,\N,13
6405,302,125,37,17,23,11,11,11,0,68,\N,\N,\N,\N,\N,\N,13
6406,302,104,18,23,26,12,12,12,0,68,\N,\N,\N,\N,\N,\N,13
6407,302,131,17,32,24,13,13,13,0,68,\N,\N,\N,\N,\N,\N,13
6408,302,81,18,24,18,14,14,14,0,68,\N,\N,\N,\N,\N,\N,13
6409,302,109,35,21,19,\N,R,15,0,51,\N,\N,\N,\N,\N,\N,68
6410,302,91,37,16,22,\N,R,16,0,48,\N,\N,\N,\N,\N,\N,6
6411,302,100,27,26,14,\N,R,17,0,47,\N,\N,\N,\N,\N,\N,5
6412,302,79,33,30,25,\N,R,18,0,46,\N,\N,\N,\N,\N,\N,20
6413,302,119,3,6,2,\N,R,19,0,43,\N,\N,\N,\N,\N,\N,4
6414,302,94,35,22,21,\N,R,20,0,43,\N,\N,\N,\N,\N,\N,29
6415,302,122,6,28,16,\N,R,21,0,34,\N,\N,\N,\N,\N,\N,5
6416,302,129,25,3,15,\N,R,22,0,27,\N,\N,\N,\N,\N,\N,6
6417,302,92,33,29,13,\N,R,23,0,25,\N,\N,\N,\N,\N,\N,5
6418,302,127,17,33,20,\N,R,24,0,19,\N,\N,\N,\N,\N,\N,10
6419,302,55,6,27,10,\N,R,25,0,12,\N,\N,\N,\N,\N,\N,20
6420,302,65,32,12,9,\N,R,26,0,2,\N,\N,\N,\N,\N,\N,3
6421,303,119,3,6,2,1,1,1,10,53,1:33:09.533,5589533,\N,\N,\N,\N,1
6422,303,77,1,2,4,2,2,2,6,53,+13.729,5603262,\N,\N,\N,\N,1
6423,303,84,22,20,13,3,3,3,4,53,+1:15.503,5665036,\N,\N,\N,\N,1
6424,303,110,25,4,9,4,4,4,3,52,\N,\N,\N,\N,\N,\N,11
6425,303,55,6,27,15,5,5,5,2,52,\N,\N,\N,\N,\N,\N,11
6426,303,104,18,23,12,6,6,6,1,52,\N,\N,\N,\N,\N,\N,11
6427,303,131,17,32,17,7,7,7,0,52,\N,\N,\N,\N,\N,\N,11
6428,303,88,29,10,16,8,8,8,0,52,\N,\N,\N,\N,\N,\N,11
6429,303,109,35,21,22,9,9,9,0,52,\N,\N,\N,\N,\N,\N,11
6430,303,94,35,22,19,10,10,10,0,52,\N,\N,\N,\N,\N,\N,11
6431,303,79,33,30,20,11,11,11,0,52,\N,\N,\N,\N,\N,\N,11
6432,303,78,6,28,11,12,12,12,0,52,\N,\N,\N,\N,\N,\N,11
6433,303,125,37,17,26,13,13,13,0,51,\N,\N,\N,\N,\N,\N,12
6434,303,81,18,24,14,14,14,14,0,51,\N,\N,\N,\N,\N,\N,12
6435,303,105,29,9,24,15,15,15,0,51,\N,\N,\N,\N,\N,\N,12
6436,303,95,3,5,1,\N,R,16,0,44,\N,\N,\N,\N,\N,\N,5
6437,303,57,32,11,7,\N,R,17,0,44,\N,\N,\N,\N,\N,\N,5
6438,303,92,33,29,18,\N,R,18,0,39,\N,\N,\N,\N,\N,\N,4
6439,303,100,27,26,8,\N,R,19,0,36,\N,\N,\N,\N,\N,\N,5
6440,303,136,37,16,23,\N,R,20,0,27,\N,\N,\N,\N,\N,\N,8
6441,303,127,17,33,25,\N,R,21,0,22,\N,\N,\N,\N,\N,\N,20
6442,303,65,32,12,6,\N,R,22,0,15,\N,\N,\N,\N,\N,\N,6
6443,303,30,22,19,5,\N,R,23,0,13,\N,\N,\N,\N,\N,\N,6
6444,303,129,25,3,21,\N,R,24,0,6,\N,\N,\N,\N,\N,\N,20
6445,303,123,27,25,10,\N,R,25,0,3,\N,\N,\N,\N,\N,\N,6
6446,303,102,1,1,3,\N,R,26,0,2,\N,\N,\N,\N,\N,\N,5
6447,304,77,1,2,4,1,1,1,10,81,1:46:54.786,6414786,\N,\N,\N,\N,1
6448,304,30,22,19,5,2,2,2,6,81,+0.741,6415527,\N,\N,\N,\N,1
6449,304,84,22,20,8,3,3,3,4,81,+54.156,6468942,\N,\N,\N,\N,1
6450,304,55,6,27,6,4,4,4,3,80,\N,\N,\N,\N,\N,\N,11
6451,304,123,27,25,22,5,5,5,2,80,\N,\N,\N,\N,\N,\N,11
6452,304,131,17,32,15,6,6,6,1,80,\N,\N,\N,\N,\N,\N,11
6453,304,57,32,11,10,7,7,7,0,80,\N,\N,\N,\N,\N,\N,11
6454,304,88,29,10,18,8,8,8,0,79,\N,\N,\N,\N,\N,\N,12
6455,304,104,18,23,17,9,9,9,0,79,\N,\N,\N,\N,\N,\N,12
6456,304,81,18,24,16,10,10,10,0,79,\N,\N,\N,\N,\N,\N,12
6457,304,78,6,28,19,11,11,11,0,79,\N,\N,\N,\N,\N,\N,12
6458,304,136,37,16,25,12,12,12,0,78,\N,\N,\N,\N,\N,\N,13
6459,304,65,32,12,12,13,13,13,0,77,\N,\N,\N,\N,\N,\N,14
6460,304,109,35,21,24,\N,R,14,0,70,\N,\N,\N,\N,\N,\N,6
6461,304,125,37,17,23,\N,R,15,0,55,\N,\N,\N,\N,\N,\N,6
6462,304,92,33,29,21,\N,R,16,0,51,\N,\N,\N,\N,\N,\N,69
6463,304,119,3,6,3,\N,R,17,0,50,\N,\N,\N,\N,\N,\N,5
6464,304,79,33,30,26,\N,R,18,0,35,\N,\N,\N,\N,\N,\N,24
6465,304,110,25,4,7,\N,R,19,0,29,\N,\N,\N,\N,\N,\N,5
6466,304,95,3,5,1,\N,R,20,0,18,\N,\N,\N,\N,\N,\N,4
6467,304,102,1,1,2,\N,R,21,0,18,\N,\N,\N,\N,\N,\N,4
6468,304,127,17,33,20,\N,R,22,0,7,\N,\N,\N,\N,\N,\N,20
6469,304,100,27,26,9,\N,R,23,0,4,\N,\N,\N,\N,\N,\N,5
6470,304,105,29,9,11,\N,R,24,0,0,\N,\N,\N,\N,\N,\N,5
6471,304,94,35,22,14,\N,R,25,0,0,\N,\N,\N,\N,\N,\N,3
6472,304,129,25,3,13,\N,R,26,0,0,\N,\N,\N,\N,\N,\N,3
6473,305,102,1,1,1,1,1,1,10,81,2:00:47.828,7247828,\N,\N,\N,\N,1
6474,305,117,6,27,2,2,2,2,6,81,+16.322,7264150,\N,\N,\N,\N,1
6475,305,137,22,20,5,3,3,3,4,81,+1:17.376,7325204,\N,\N,\N,\N,1
6476,305,131,25,4,11,4,4,4,3,81,+1:25.409,7333237,\N,\N,\N,\N,1
6477,305,138,25,3,16,5,5,5,2,80,\N,\N,\N,\N,\N,\N,11
6478,305,88,33,30,21,6,6,6,1,79,\N,\N,\N,\N,\N,\N,12
6479,305,78,40,34,17,7,7,7,0,78,\N,\N,\N,\N,\N,\N,13
6480,305,99,39,17,22,8,8,8,0,77,\N,\N,\N,\N,\N,\N,14
6481,305,94,18,23,15,9,9,9,0,75,\N,\N,\N,\N,\N,\N,5
6482,305,92,17,32,14,10,10,10,0,75,\N,\N,\N,\N,\N,\N,5
6483,305,84,34,7,12,11,11,11,0,73,\N,\N,\N,\N,\N,\N,18
6484,305,55,6,28,6,12,12,12,0,72,\N,\N,\N,\N,\N,\N,6
6485,305,57,32,11,13,13,13,13,0,59,\N,\N,\N,\N,\N,\N,5
6486,305,119,3,6,3,\N,R,14,0,49,\N,\N,\N,\N,\N,\N,6
6487,305,90,22,19,8,\N,R,15,0,49,\N,\N,\N,\N,\N,\N,4
6488,305,105,29,9,25,\N,R,16,0,41,\N,\N,\N,\N,\N,\N,5
6489,305,122,41,16,18,\N,R,17,0,40,\N,\N,\N,\N,\N,\N,6
6490,305,123,27,25,20,\N,R,18,0,40,\N,\N,\N,\N,\N,\N,5
6491,305,77,1,2,7,\N,R,19,0,36,\N,\N,\N,\N,\N,\N,48
6492,305,95,3,5,4,\N,R,20,0,35,\N,\N,\N,\N,\N,\N,6
6493,305,127,41,15,23,\N,R,21,0,34,\N,\N,\N,\N,\N,\N,6
6494,305,87,34,8,24,\N,R,22,0,32,\N,\N,\N,\N,\N,\N,20
6495,305,139,35,21,9,\N,R,23,0,16,\N,\N,\N,\N,\N,\N,6
6496,305,81,18,24,26,\N,R,24,0,15,\N,\N,\N,\N,\N,\N,6
6497,305,109,35,22,10,\N,R,25,0,12,\N,\N,\N,\N,\N,\N,6
6498,305,103,33,29,19,\N,R,26,0,4,\N,\N,\N,\N,\N,\N,5
6499,305,133,29,10,0,\N,F,27,0,0,\N,\N,\N,\N,\N,\N,81
6500,305,140,39,18,0,\N,F,28,0,0,\N,\N,\N,\N,\N,\N,81
6501,305,100,27,26,0,\N,F,29,0,0,\N,\N,\N,\N,\N,\N,81
6502,305,141,32,12,0,\N,F,30,0,0,\N,\N,\N,\N,\N,\N,81
6503,305,110,17,33,0,\N,F,31,0,0,\N,\N,\N,\N,\N,\N,97
6504,305,142,42,31,0,\N,F,32,0,0,\N,\N,\N,\N,\N,\N,97
6505,305,129,36,14,0,\N,F,33,0,0,\N,\N,\N,\N,\N,\N,97
6506,305,128,40,35,0,\N,F,34,0,0,\N,\N,\N,\N,\N,\N,97
6507,306,102,1,1,1,1,1,1,10,71,1:38:28.128,5908128,\N,\N,\N,\N,1
6508,306,119,3,6,2,2,2,2,6,71,+2.991,5911119,\N,\N,\N,\N,1
6509,306,77,1,2,4,3,3,3,4,71,+5.416,5913544,\N,\N,\N,\N,1
6510,306,117,6,27,6,4,4,4,3,71,+18.369,5926497,\N,\N,\N,\N,1
6511,306,137,22,20,7,5,5,5,2,71,+21.960,5930088,\N,\N,\N,\N,1
6512,306,55,6,28,5,6,6,6,1,71,+23.641,5931769,\N,\N,\N,\N,1
6513,306,90,22,19,14,7,7,7,0,70,\N,\N,\N,\N,\N,\N,11
6514,306,81,18,24,21,8,8,8,0,69,\N,\N,\N,\N,\N,\N,12
6515,306,57,32,11,22,9,9,9,0,68,\N,\N,\N,\N,\N,\N,13
6516,306,123,27,25,18,10,10,10,0,68,\N,\N,\N,\N,\N,\N,13
6517,306,139,35,21,12,11,11,11,0,68,\N,\N,\N,\N,\N,\N,13
6518,306,84,34,7,26,12,12,12,0,67,\N,\N,\N,\N,\N,\N,14
6519,306,92,17,32,10,13,13,13,0,63,\N,\N,\N,\N,\N,\N,69
6520,306,95,3,5,3,\N,R,14,0,59,\N,\N,\N,\N,\N,\N,6
6521,306,100,27,26,23,\N,R,15,0,50,\N,\N,\N,\N,\N,\N,5
6522,306,94,18,23,20,\N,R,16,0,47,\N,\N,\N,\N,\N,\N,20
6523,306,87,34,8,25,\N,R,17,0,34,\N,\N,\N,\N,\N,\N,5
6524,306,103,33,29,11,\N,R,18,0,33,\N,\N,\N,\N,\N,\N,21
6525,306,109,35,22,19,\N,R,19,0,22,\N,\N,\N,\N,\N,\N,10
6526,306,110,17,33,13,\N,R,20,0,20,\N,\N,\N,\N,\N,\N,5
6527,306,131,25,4,9,\N,R,21,0,19,\N,\N,\N,\N,\N,\N,6
6528,306,122,41,16,15,\N,R,22,0,16,\N,\N,\N,\N,\N,\N,7
6529,306,138,25,3,16,\N,R,23,0,12,\N,\N,\N,\N,\N,\N,20
6530,306,127,41,15,8,\N,R,24,0,9,\N,\N,\N,\N,\N,\N,68
6531,306,99,39,17,24,\N,R,25,0,0,\N,\N,\N,\N,\N,\N,22
6532,306,88,33,30,17,\N,R,26,0,0,\N,\N,\N,\N,\N,\N,48
6533,306,133,29,10,0,\N,F,27,0,0,\N,\N,\N,\N,\N,\N,81
6534,306,140,39,18,0,\N,F,28,0,0,\N,\N,\N,\N,\N,\N,81
6535,306,105,29,9,0,\N,F,29,0,0,\N,\N,\N,\N,\N,\N,81
6536,306,141,32,12,0,\N,F,30,0,0,\N,\N,\N,\N,\N,\N,81
6537,306,129,36,14,0,\N,F,31,0,0,\N,\N,\N,\N,\N,\N,97
6538,306,128,40,35,0,\N,F,32,0,0,\N,\N,\N,\N,\N,\N,97
6539,306,78,40,34,0,\N,F,33,0,0,\N,\N,\N,\N,\N,\N,97
6540,306,142,42,31,0,\N,F,34,0,0,\N,\N,\N,\N,\N,\N,97
6541,307,102,1,1,1,1,1,1,10,61,1:35:14.750,5714750,\N,\N,\N,\N,1
6542,307,77,1,2,5,2,2,2,6,61,+1.675,5716425,\N,\N,\N,\N,1
6543,307,109,35,22,16,3,3,3,4,60,\N,\N,\N,\N,\N,\N,11
6544,307,94,18,23,9,4,4,4,3,59,\N,\N,\N,\N,\N,\N,12
6545,307,57,32,11,25,5,5,5,2,58,\N,\N,\N,\N,\N,\N,13
6546,307,141,32,12,26,6,6,6,1,58,\N,\N,\N,\N,\N,\N,13
6547,307,123,27,25,24,7,7,7,0,58,\N,\N,\N,\N,\N,\N,13
6548,307,87,34,8,23,8,8,8,0,58,\N,\N,\N,\N,\N,\N,13
6549,307,128,40,35,21,9,9,9,0,57,\N,\N,\N,\N,\N,\N,60
6550,307,100,27,26,19,10,10,10,0,57,\N,\N,\N,\N,\N,\N,14
6551,307,84,34,7,18,11,11,11,0,57,\N,\N,\N,\N,\N,\N,14
6552,307,127,41,15,15,12,12,12,0,55,\N,\N,\N,\N,\N,\N,5
6553,307,90,22,19,13,13,13,13,0,54,\N,\N,\N,\N,\N,\N,5
6554,307,131,25,4,6,\N,R,14,0,41,\N,\N,\N,\N,\N,\N,7
6555,307,110,17,33,11,\N,R,15,0,37,\N,\N,\N,\N,\N,\N,6
6556,307,92,17,32,13,\N,R,16,0,37,\N,\N,\N,\N,\N,\N,22
6557,307,122,41,16,22,\N,R,17,0,24,\N,\N,\N,\N,\N,\N,20
6558,307,103,26,29,17,\N,R,18,0,17,\N,\N,\N,\N,\N,\N,5
6559,307,119,3,6,2,\N,R,19,0,17,\N,\N,\N,\N,\N,\N,10
6560,307,138,25,3,10,\N,R,20,0,15,\N,\N,\N,\N,\N,\N,7
6561,307,81,18,24,8,\N,R,21,0,10,\N,\N,\N,\N,\N,\N,6
6562,307,55,6,28,7,\N,R,22,0,2,\N,\N,\N,\N,\N,\N,20
6563,307,88,26,30,20,\N,R,23,0,2,\N,\N,\N,\N,\N,\N,20
6564,307,137,22,20,14,\N,R,24,0,1,\N,\N,\N,\N,\N,\N,20
6565,307,95,3,5,4,\N,R,25,0,0,\N,\N,\N,\N,\N,\N,4
6566,307,117,6,27,3,\N,W,26,0,0,\N,\N,\N,\N,\N,\N,20
6567,307,99,39,17,0,\N,F,27,0,0,\N,\N,\N,\N,\N,\N,81
6568,307,120,39,18,0,\N,F,28,0,0,\N,\N,\N,\N,\N,\N,81
6569,307,133,29,10,0,\N,F,29,0,0,\N,\N,\N,\N,\N,\N,81
6570,307,105,29,9,0,\N,F,30,0,0,\N,\N,\N,\N,\N,\N,81
6571,307,139,35,21,0,\N,F,31,0,0,\N,\N,\N,\N,\N,\N,97
6572,307,129,36,14,0,\N,F,32,0,0,\N,\N,\N,\N,\N,\N,97
6573,307,78,40,34,0,\N,F,33,0,0,\N,\N,\N,\N,\N,\N,97
6574,307,142,42,31,0,\N,F,34,0,0,\N,\N,\N,\N,\N,\N,97
6575,308,102,1,1,1,1,1,1,10,78,1:53:02.334,6782334,\N,\N,\N,\N,1
6576,308,95,3,5,5,2,2,2,6,78,+18.348,6800682,\N,\N,\N,\N,1
6577,308,55,6,28,9,3,3,3,4,78,+47.455,6829789,\N,\N,\N,\N,1
6578,308,90,22,19,8,4,4,4,3,77,\N,\N,\N,\N,\N,\N,11
6579,308,117,6,27,7,5,5,5,2,77,\N,\N,\N,\N,\N,\N,11
6580,308,139,35,21,12,6,6,6,1,77,\N,\N,\N,\N,\N,\N,11
6581,308,123,27,25,16,7,7,7,0,76,\N,\N,\N,\N,\N,\N,12
6582,308,92,17,32,23,8,8,8,0,76,\N,\N,\N,\N,\N,\N,12
6583,308,103,26,29,13,9,9,9,0,76,\N,\N,\N,\N,\N,\N,12
6584,308,100,27,26,26,10,10,10,0,76,\N,\N,\N,\N,\N,\N,12
6585,308,109,35,22,21,11,11,11,0,75,\N,\N,\N,\N,\N,\N,13
6586,308,94,18,23,14,12,12,12,0,72,\N,\N,\N,\N,\N,\N,16
6587,308,57,32,11,25,\N,R,13,0,64,\N,\N,\N,\N,\N,\N,44
6588,308,81,18,24,17,\N,R,14,0,49,\N,\N,\N,\N,\N,\N,6
6589,308,127,41,15,15,\N,R,15,0,43,\N,\N,\N,\N,\N,\N,37
6590,308,131,25,4,2,\N,R,16,0,42,\N,\N,\N,\N,\N,\N,5
6591,308,119,3,6,3,\N,R,17,0,42,\N,\N,\N,\N,\N,\N,20
6592,308,87,34,8,19,\N,R,18,0,41,\N,\N,\N,\N,\N,\N,20
6593,308,105,29,9,22,\N,R,19,0,39,\N,\N,\N,\N,\N,\N,5
6594,308,138,25,3,11,\N,R,20,0,35,\N,\N,\N,\N,\N,\N,20
6595,308,88,26,30,20,\N,R,21,0,24,\N,\N,\N,\N,\N,\N,5
6596,308,110,17,33,10,\N,R,22,0,21,\N,\N,\N,\N,\N,\N,37
6597,308,122,41,16,18,\N,R,23,0,12,\N,\N,\N,\N,\N,\N,23
6598,308,99,39,17,24,\N,R,24,0,9,\N,\N,\N,\N,\N,\N,6
6599,308,77,1,2,6,\N,R,25,0,9,\N,\N,\N,\N,\N,\N,20
6600,308,137,22,20,4,\N,R,26,0,0,\N,\N,\N,\N,\N,\N,22
6601,308,141,32,12,0,\N,F,27,0,0,\N,\N,\N,\N,\N,\N,81
6602,308,120,39,18,0,\N,F,28,0,0,\N,\N,\N,\N,\N,\N,81
6603,308,133,29,10,0,\N,F,29,0,0,\N,\N,\N,\N,\N,\N,81
6604,308,84,34,7,0,\N,F,30,0,0,\N,\N,\N,\N,\N,\N,81
6605,308,78,40,34,0,\N,F,31,0,0,\N,\N,\N,\N,\N,\N,97
6606,308,128,40,35,0,\N,F,32,0,0,\N,\N,\N,\N,\N,\N,97
6607,308,142,42,31,0,\N,F,33,0,0,\N,\N,\N,\N,\N,\N,97
6608,308,129,36,14,0,\N,F,34,0,0,\N,\N,\N,\N,\N,\N,97
6609,309,137,22,20,8,1,1,1,10,69,1:38:51.490,5931490,\N,\N,\N,\N,1
6610,309,131,25,4,9,2,2,2,6,69,+31.832,5963322,\N,\N,\N,\N,1
6611,309,119,3,6,1,3,3,3,4,69,+42.217,5973707,\N,\N,\N,\N,1
6612,309,110,17,33,11,4,4,4,3,69,+1:20.210,6011700,\N,\N,\N,\N,1
6613,309,92,17,32,14,5,5,5,2,69,+1:22.351,6013841,\N,\N,\N,\N,1
6614,309,95,3,5,2,6,6,6,1,68,\N,\N,\N,\N,\N,\N,10
6615,309,94,18,23,18,7,7,7,0,68,\N,\N,\N,\N,\N,\N,11
6616,309,100,27,26,26,8,8,8,0,68,\N,\N,\N,\N,\N,\N,11
6617,309,139,35,21,10,9,9,9,0,68,\N,\N,\N,\N,\N,\N,11
6618,309,138,25,3,12,10,10,10,0,67,\N,\N,\N,\N,\N,\N,12
6619,309,127,41,15,23,\N,R,11,0,61,\N,\N,\N,\N,\N,\N,5
6620,309,109,35,22,17,\N,R,12,0,50,\N,\N,\N,\N,\N,\N,5
6621,309,140,29,10,25,\N,R,13,0,48,\N,\N,\N,\N,\N,\N,37
6622,309,122,41,16,13,\N,R,14,0,42,\N,\N,\N,\N,\N,\N,5
6623,309,55,6,28,7,\N,R,15,0,34,\N,\N,\N,\N,\N,\N,5
6624,309,103,26,29,19,\N,R,16,0,29,\N,\N,\N,\N,\N,\N,6
6625,309,117,6,27,4,\N,R,17,0,27,\N,\N,\N,\N,\N,\N,6
6626,309,123,27,25,16,\N,R,18,0,27,\N,\N,\N,\N,\N,\N,5
6627,309,102,1,1,3,\N,R,19,0,25,\N,\N,\N,\N,\N,\N,91
6628,309,57,32,11,24,\N,R,20,0,21,\N,\N,\N,\N,\N,\N,20
6629,309,84,34,7,20,\N,R,21,0,21,\N,\N,\N,\N,\N,\N,5
6630,309,81,18,24,15,\N,R,22,0,20,\N,\N,\N,\N,\N,\N,20
6631,309,90,22,19,5,\N,R,23,0,10,\N,\N,\N,\N,\N,\N,22
6632,309,77,1,2,6,\N,R,24,0,4,\N,\N,\N,\N,\N,\N,98
6633,309,88,26,30,22,\N,R,25,0,3,\N,\N,\N,\N,\N,\N,95
6634,309,105,29,9,21,\N,R,26,0,2,\N,\N,\N,\N,\N,\N,37
6635,309,120,39,18,0,\N,F,27,0,0,\N,\N,\N,\N,\N,\N,81
6636,309,99,39,17,0,\N,F,28,0,0,\N,\N,\N,\N,\N,\N,81
6637,309,87,34,8,0,\N,F,29,0,0,\N,\N,\N,\N,\N,\N,81
6638,309,65,32,12,0,\N,F,30,0,0,\N,\N,\N,\N,\N,\N,81
6639,309,129,36,14,0,\N,F,31,0,0,\N,\N,\N,\N,\N,\N,97
6640,309,78,40,34,0,\N,F,32,0,0,\N,\N,\N,\N,\N,\N,97
6641,309,128,40,35,0,\N,F,33,0,0,\N,\N,\N,\N,\N,\N,97
6642,309,142,42,31,0,\N,F,34,0,0,\N,\N,\N,\N,\N,\N,97
6643,310,119,3,6,1,1,1,1,10,67,1:29:52.205,5392205,\N,\N,\N,\N,1
6644,310,95,3,5,2,2,2,2,6,67,+1.336,5393541,\N,\N,\N,\N,1
6645,310,102,1,1,3,3,3,3,4,67,+57.356,5449561,\N,\N,\N,\N,1
6646,310,110,17,33,11,4,4,4,3,66,\N,\N,\N,\N,\N,\N,11
6647,310,90,22,19,9,5,5,5,2,66,\N,\N,\N,\N,\N,\N,11
6648,310,103,26,29,23,6,6,6,1,66,\N,\N,\N,\N,\N,\N,11
6649,310,81,18,24,14,7,7,7,0,66,\N,\N,\N,\N,\N,\N,11
6650,310,123,27,25,10,8,8,8,0,65,\N,\N,\N,\N,\N,\N,12
6651,310,57,32,11,24,9,9,9,0,65,\N,\N,\N,\N,\N,\N,12
6652,310,65,32,12,25,10,10,10,0,65,\N,\N,\N,\N,\N,\N,12
6653,310,131,25,4,8,11,11,11,0,65,\N,\N,\N,\N,\N,\N,12
6654,310,138,25,3,13,12,12,12,0,64,\N,\N,\N,\N,\N,\N,13
6655,310,87,34,8,12,\N,R,13,0,54,\N,\N,\N,\N,\N,\N,5
6656,310,92,17,32,20,\N,R,14,0,51,\N,\N,\N,\N,\N,\N,20
6657,310,88,26,30,19,\N,R,15,0,48,\N,\N,\N,\N,\N,\N,6
6658,310,137,22,20,6,\N,R,16,0,44,\N,\N,\N,\N,\N,\N,67
6659,310,55,6,28,4,\N,R,17,0,42,\N,\N,\N,\N,\N,\N,8
6660,310,109,35,22,16,\N,R,18,0,30,\N,\N,\N,\N,\N,\N,5
6661,310,105,29,9,26,\N,R,19,0,24,\N,\N,\N,\N,\N,\N,5
6662,310,84,34,7,17,\N,R,20,0,20,\N,\N,\N,\N,\N,\N,36
6663,310,122,41,16,22,\N,R,21,0,19,\N,\N,\N,\N,\N,\N,5
6664,310,117,6,27,7,\N,R,22,0,16,\N,\N,\N,\N,\N,\N,91
6665,310,127,41,15,18,\N,R,23,0,15,\N,\N,\N,\N,\N,\N,5
6666,310,129,36,14,21,\N,R,24,0,13,\N,\N,\N,\N,\N,\N,5
6667,310,77,1,2,5,\N,R,25,0,5,\N,\N,\N,\N,\N,\N,5
6668,310,94,18,23,15,\N,R,26,0,4,\N,\N,\N,\N,\N,\N,20
6669,310,100,27,26,0,\N,F,27,0,0,\N,\N,\N,\N,\N,\N,81
6670,310,99,39,17,0,\N,F,28,0,0,\N,\N,\N,\N,\N,\N,81
6671,310,140,29,10,0,\N,F,29,0,0,\N,\N,\N,\N,\N,\N,81
6672,310,120,39,18,0,\N,F,30,0,0,\N,\N,\N,\N,\N,\N,81
6673,310,78,40,34,0,\N,F,31,0,0,\N,\N,\N,\N,\N,\N,97
6674,310,128,40,35,0,\N,F,32,0,0,\N,\N,\N,\N,\N,\N,97
6675,310,142,42,31,0,\N,F,33,0,0,\N,\N,\N,\N,\N,\N,97
6676,310,139,35,21,0,\N,F,34,0,0,\N,\N,\N,\N,\N,\N,97
6677,311,95,3,5,4,1,1,1,10,72,1:38:00.056,5880056,\N,\N,\N,\N,1
6678,311,117,6,27,2,2,2,2,6,72,+5.003,5885059,\N,\N,\N,\N,1
6679,311,102,1,1,3,3,3,3,4,72,+34.934,5914990,\N,\N,\N,\N,1
6680,311,55,6,28,6,4,4,4,3,72,+35.920,5915976,\N,\N,\N,\N,1
6681,311,119,3,6,1,5,5,5,2,71,\N,\N,\N,\N,\N,\N,11
6682,311,110,17,33,13,6,6,6,1,71,\N,\N,\N,\N,\N,\N,11
6683,311,127,41,15,9,7,7,7,0,70,\N,\N,\N,\N,\N,\N,12
6684,311,137,22,20,7,8,8,8,0,70,\N,\N,\N,\N,\N,\N,12
6685,311,94,18,23,12,9,9,9,0,70,\N,\N,\N,\N,\N,\N,12
6686,311,65,32,12,20,10,10,10,0,70,\N,\N,\N,\N,\N,\N,12
6687,311,100,27,26,14,11,11,11,0,70,\N,\N,\N,\N,\N,\N,12
6688,311,123,27,25,16,12,12,12,0,69,\N,\N,\N,\N,\N,\N,13
6689,311,90,22,19,8,\N,R,13,0,63,\N,\N,\N,\N,\N,\N,68
6690,311,131,25,4,11,\N,R,14,0,57,\N,\N,\N,\N,\N,\N,6
6691,311,129,36,14,21,\N,R,15,0,47,\N,\N,\N,\N,\N,\N,44
6692,311,103,26,29,23,\N,R,16,0,43,\N,\N,\N,\N,\N,\N,7
6693,311,109,35,22,26,\N,R,17,0,39,\N,\N,\N,\N,\N,\N,27
6694,311,87,34,8,17,\N,R,18,0,36,\N,\N,\N,\N,\N,\N,20
6695,311,88,26,30,22,\N,R,19,0,32,\N,\N,\N,\N,\N,\N,7
6696,311,105,29,9,25,\N,R,20,0,31,\N,\N,\N,\N,\N,\N,6
6697,311,84,34,7,24,\N,R,21,0,21,\N,\N,\N,\N,\N,\N,6
6698,311,138,25,3,18,\N,R,22,0,12,\N,\N,\N,\N,\N,\N,20
6699,311,81,18,24,10,\N,R,23,0,8,\N,\N,\N,\N,\N,\N,4
6700,311,122,41,16,15,\N,R,24,0,7,\N,\N,\N,\N,\N,\N,20
6701,311,77,1,2,5,\N,R,25,0,6,\N,\N,\N,\N,\N,\N,5
6702,311,92,17,32,19,\N,R,26,0,0,\N,\N,\N,\N,\N,\N,20
6703,311,57,32,11,0,\N,F,27,0,0,\N,\N,\N,\N,\N,\N,81
6704,311,120,39,18,0,\N,F,28,0,0,\N,\N,\N,\N,\N,\N,81
6705,311,99,39,17,0,\N,F,29,0,0,\N,\N,\N,\N,\N,\N,81
6706,311,140,29,10,0,\N,F,30,0,0,\N,\N,\N,\N,\N,\N,81
6707,311,139,35,21,0,\N,F,31,0,0,\N,\N,\N,\N,\N,\N,97
6708,311,78,40,34,0,\N,F,32,0,0,\N,\N,\N,\N,\N,\N,97
6709,311,128,40,35,0,\N,F,33,0,0,\N,\N,\N,\N,\N,\N,97
6710,311,142,42,31,0,\N,F,34,0,0,\N,\N,\N,\N,\N,\N,97
6711,312,95,3,5,1,1,1,1,10,59,1:27:35.479,5255479,\N,\N,\N,\N,1
6712,312,77,1,2,4,2,2,2,6,59,+42.293,5297772,\N,\N,\N,\N,1
6713,312,117,6,27,5,3,3,3,4,59,+1:00.150,5315629,\N,\N,\N,\N,1
6714,312,102,1,1,2,4,4,4,3,58,\N,\N,\N,\N,\N,\N,60
6715,312,137,22,20,8,5,5,5,2,58,\N,\N,\N,\N,\N,\N,11
6716,312,92,17,32,17,6,6,6,1,58,\N,\N,\N,\N,\N,\N,11
6717,312,131,25,4,10,7,7,7,0,58,\N,\N,\N,\N,\N,\N,11
6718,312,138,25,3,15,8,8,8,0,58,\N,\N,\N,\N,\N,\N,11
6719,312,94,18,23,23,9,9,9,0,58,\N,\N,\N,\N,\N,\N,11
6720,312,139,35,21,18,10,10,10,0,57,\N,\N,\N,\N,\N,\N,12
6721,312,81,18,24,20,11,11,11,0,57,\N,\N,\N,\N,\N,\N,12
6722,312,57,32,11,25,12,12,12,0,57,\N,\N,\N,\N,\N,\N,12
6723,312,109,35,22,11,13,13,13,0,56,\N,\N,\N,\N,\N,\N,13
6724,312,65,32,12,24,14,14,14,0,55,\N,\N,\N,\N,\N,\N,51
6725,312,87,34,8,12,\N,R,15,0,52,\N,\N,\N,\N,\N,\N,5
6726,312,110,17,33,13,\N,R,16,0,41,\N,\N,\N,\N,\N,\N,20
6727,312,55,6,28,6,\N,R,17,0,31,\N,\N,\N,\N,\N,\N,4
6728,312,88,26,30,22,\N,R,18,0,29,\N,\N,\N,\N,\N,\N,4
6729,312,123,27,25,19,\N,R,19,0,29,\N,\N,\N,\N,\N,\N,5
6730,312,84,34,7,14,\N,R,20,0,28,\N,\N,\N,\N,\N,\N,37
6731,312,105,29,9,26,\N,R,21,0,25,\N,\N,\N,\N,\N,\N,7
6732,312,127,41,15,9,\N,R,22,0,24,\N,\N,\N,\N,\N,\N,83
6733,312,90,22,19,7,\N,R,23,0,21,\N,\N,\N,\N,\N,\N,6
6734,312,103,26,29,21,\N,R,24,0,21,\N,\N,\N,\N,\N,\N,7
6735,312,122,41,16,16,\N,R,25,0,16,\N,\N,\N,\N,\N,\N,20
6736,312,119,3,6,3,\N,R,26,0,1,\N,\N,\N,\N,\N,\N,4
6737,312,100,27,26,0,\N,F,27,0,0,\N,\N,\N,\N,\N,\N,81
6738,312,140,29,10,0,\N,F,28,0,0,\N,\N,\N,\N,\N,\N,81
6739,312,120,39,18,0,\N,F,29,0,0,\N,\N,\N,\N,\N,\N,81
6740,312,99,39,17,0,\N,F,30,0,0,\N,\N,\N,\N,\N,\N,81
6741,312,129,36,14,0,\N,F,31,0,0,\N,\N,\N,\N,\N,\N,97
6742,312,78,40,34,0,\N,F,32,0,0,\N,\N,\N,\N,\N,\N,97
6743,312,128,40,35,0,\N,F,33,0,0,\N,\N,\N,\N,\N,\N,97
6744,312,142,42,31,0,\N,F,34,0,0,\N,\N,\N,\N,\N,\N,97
6745,313,95,3,5,1,1,1,1,10,45,1:19:29.661,4769661,\N,\N,\N,\N,1
6746,313,119,3,6,4,2,2,2,6,45,+13.779,4783440,\N,\N,\N,\N,1
6747,313,55,6,28,6,3,3,3,4,45,+17.618,4787279,\N,\N,\N,\N,1
6748,313,77,1,2,3,4,4,4,3,45,+32.651,4802312,\N,\N,\N,\N,1
6749,313,110,17,33,7,5,5,5,2,45,+1:17.537,4847198,\N,\N,\N,\N,1
6750,313,92,17,32,11,6,6,6,1,45,+1:40.605,4870266,\N,\N,\N,\N,1
6751,313,102,1,1,2,7,7,7,0,44,\N,\N,\N,\N,\N,\N,60
6752,313,90,22,19,9,8,8,8,0,44,\N,\N,\N,\N,\N,\N,11
6753,313,123,27,25,17,9,9,9,0,44,\N,\N,\N,\N,\N,\N,11
6754,313,139,35,21,18,10,10,10,0,44,\N,\N,\N,\N,\N,\N,11
6755,313,84,34,7,15,11,11,11,0,43,\N,\N,\N,\N,\N,\N,12
6756,313,87,34,8,21,12,12,12,0,43,\N,\N,\N,\N,\N,\N,12
6757,313,131,25,4,14,13,13,13,0,41,\N,\N,\N,\N,\N,\N,14
6758,313,117,6,27,5,\N,R,14,0,37,\N,\N,\N,\N,\N,\N,20
6759,313,122,41,16,12,\N,R,15,0,36,\N,\N,\N,\N,\N,\N,5
6760,313,109,35,22,20,\N,R,16,0,35,\N,\N,\N,\N,\N,\N,5
6761,313,137,22,20,8,\N,R,17,0,27,\N,\N,\N,\N,\N,\N,5
6762,313,138,25,3,13,\N,R,18,0,26,\N,\N,\N,\N,\N,\N,6
6763,313,100,27,26,26,\N,R,19,0,22,\N,\N,\N,\N,\N,\N,5
6764,313,127,41,15,16,\N,R,20,0,21,\N,\N,\N,\N,\N,\N,6
6765,313,57,32,11,23,\N,R,21,0,19,\N,\N,\N,\N,\N,\N,5
6766,313,88,26,30,22,\N,R,22,0,15,\N,\N,\N,\N,\N,\N,5
6767,313,81,18,24,19,\N,R,23,0,14,\N,\N,\N,\N,\N,\N,24
6768,313,94,18,23,10,\N,R,24,0,11,\N,\N,\N,\N,\N,\N,24
6769,313,103,26,29,25,\N,R,25,0,9,\N,\N,\N,\N,\N,\N,7
6770,313,78,40,34,24,\N,R,26,0,0,\N,\N,\N,\N,\N,\N,20
6771,313,105,29,9,0,\N,F,27,0,0,\N,\N,\N,\N,\N,\N,81
6772,313,143,32,12,0,\N,F,28,0,0,\N,\N,\N,\N,\N,\N,81
6773,313,99,39,17,0,\N,F,29,0,0,\N,\N,\N,\N,\N,\N,81
6774,313,128,40,35,0,\N,F,30,0,0,\N,\N,\N,\N,\N,\N,81
6775,313,129,36,14,0,\N,F,31,0,0,\N,\N,\N,\N,\N,\N,97
6776,313,133,29,10,0,\N,F,32,0,0,\N,\N,\N,\N,\N,\N,97
6777,313,120,39,18,0,\N,F,33,0,0,\N,\N,\N,\N,\N,\N,97
6778,313,142,42,31,0,\N,F,34,0,0,\N,\N,\N,\N,\N,\N,97
6779,314,102,1,1,1,1,1,1,10,77,1:49:12.796,6552796,\N,\N,\N,\N,1
6780,314,95,3,5,3,2,2,2,6,77,+4.599,6557395,\N,\N,\N,\N,1
6781,314,119,3,6,2,3,3,3,4,77,+15.594,6568390,\N,\N,\N,\N,1
6782,314,77,1,2,5,4,4,4,3,77,+21.856,6574652,\N,\N,\N,\N,1
6783,314,55,6,28,6,5,5,5,2,77,+31.389,6584185,\N,\N,\N,\N,1
6784,314,122,41,16,9,6,6,6,1,76,\N,\N,\N,\N,\N,\N,11
6785,314,110,17,33,17,7,7,7,0,76,\N,\N,\N,\N,\N,\N,11
6786,314,90,22,19,15,8,8,8,0,76,\N,\N,\N,\N,\N,\N,11
6787,314,92,17,32,16,9,9,9,0,76,\N,\N,\N,\N,\N,\N,11
6788,314,100,27,26,25,10,10,10,0,75,\N,\N,\N,\N,\N,\N,12
6789,314,127,41,15,13,11,11,11,0,75,\N,\N,\N,\N,\N,\N,12
6790,314,131,25,4,8,12,12,12,0,75,\N,\N,\N,\N,\N,\N,12
6791,314,81,18,24,23,13,13,13,0,75,\N,\N,\N,\N,\N,\N,12
6792,314,57,32,11,26,14,14,14,0,74,\N,\N,\N,\N,\N,\N,13
6793,314,138,25,3,14,15,15,15,0,74,\N,\N,\N,\N,\N,\N,13
6794,314,78,40,34,24,16,16,16,0,74,\N,\N,\N,\N,\N,\N,13
6795,314,123,27,25,19,17,17,17,0,71,\N,\N,\N,\N,\N,\N,5
6796,314,94,18,23,18,\N,R,18,0,65,\N,\N,\N,\N,\N,\N,5
6797,314,87,34,8,20,\N,R,19,0,62,\N,\N,\N,\N,\N,\N,27
6798,314,84,34,7,10,\N,R,20,0,59,\N,\N,\N,\N,\N,\N,68
6799,314,109,35,22,12,\N,R,21,0,49,\N,\N,\N,\N,\N,\N,5
6800,314,137,22,20,11,\N,R,22,0,38,\N,\N,\N,\N,\N,\N,6
6801,314,103,26,29,21,\N,R,23,0,38,\N,\N,\N,\N,\N,\N,5
6802,314,88,26,30,22,\N,R,24,0,38,\N,\N,\N,\N,\N,\N,5
6803,314,139,35,21,7,\N,R,25,0,37,\N,\N,\N,\N,\N,\N,5
6804,314,117,6,27,4,\N,R,26,0,28,\N,\N,\N,\N,\N,\N,5
6805,314,129,36,14,0,\N,F,27,0,0,\N,\N,\N,\N,\N,\N,81
6806,314,105,29,9,0,\N,F,28,0,0,\N,\N,\N,\N,\N,\N,81
6807,314,128,40,35,0,\N,F,29,0,0,\N,\N,\N,\N,\N,\N,81
6808,314,143,32,12,0,\N,F,30,0,0,\N,\N,\N,\N,\N,\N,81
6809,314,99,39,17,0,\N,F,31,0,0,\N,\N,\N,\N,\N,\N,97
6810,314,133,29,10,0,\N,F,32,0,0,\N,\N,\N,\N,\N,\N,97
6811,314,120,39,18,0,\N,F,33,0,0,\N,\N,\N,\N,\N,\N,97
6812,314,142,42,31,0,\N,F,34,0,0,\N,\N,\N,\N,\N,\N,97
6813,315,102,1,1,1,1,1,1,10,44,1:27:17.669,5237669,\N,\N,\N,\N,1
6814,315,77,1,2,4,2,2,2,6,44,+1.901,5239570,\N,\N,\N,\N,1
6815,315,137,22,20,6,3,3,3,4,44,+32.176,5269845,\N,\N,\N,\N,1
6816,315,90,22,19,8,4,4,4,3,44,+37.310,5274979,\N,\N,\N,\N,1
6817,315,119,3,6,17,5,5,5,2,44,+57.187,5294856,\N,\N,\N,\N,1
6818,315,87,34,8,13,6,6,6,1,44,+1:40.035,5337704,\N,\N,\N,\N,1
6819,315,65,32,12,21,7,7,7,0,44,+1:44.599,5342268,\N,\N,\N,\N,1
6820,315,139,35,21,25,8,8,8,0,43,\N,\N,\N,\N,\N,\N,11
6821,315,84,34,7,16,9,9,9,0,43,\N,\N,\N,\N,\N,\N,11
6822,315,129,36,14,23,10,10,10,0,43,\N,\N,\N,\N,\N,\N,11
6823,315,123,27,25,18,11,11,11,0,43,\N,\N,\N,\N,\N,\N,11
6824,315,94,18,23,9,12,12,12,0,42,\N,\N,\N,\N,\N,\N,6
6825,315,110,17,33,11,13,13,13,0,41,\N,\N,\N,\N,\N,\N,5
6826,315,131,25,4,10,\N,R,14,0,33,\N,\N,\N,\N,\N,\N,44
6827,315,109,35,22,14,\N,R,15,0,33,\N,\N,\N,\N,\N,\N,51
6828,315,55,6,28,5,\N,R,16,0,30,\N,\N,\N,\N,\N,\N,5
6829,315,81,18,24,19,\N,R,17,0,29,\N,\N,\N,\N,\N,\N,6
6830,315,57,32,11,24,\N,R,18,0,25,\N,\N,\N,\N,\N,\N,5
6831,315,100,27,26,26,\N,R,19,0,25,\N,\N,\N,\N,\N,\N,5
6832,315,95,3,5,3,\N,R,20,0,22,\N,\N,\N,\N,\N,\N,10
6833,315,103,26,29,20,\N,R,21,0,21,\N,\N,\N,\N,\N,\N,6
6834,315,122,41,16,12,\N,R,22,0,13,\N,\N,\N,\N,\N,\N,5
6835,315,138,25,3,22,\N,R,23,0,7,\N,\N,\N,\N,\N,\N,20
6836,315,117,6,27,2,\N,R,24,0,2,\N,\N,\N,\N,\N,\N,95
6837,315,127,41,15,15,\N,R,25,0,1,\N,\N,\N,\N,\N,\N,5
6838,315,30,17,32,7,\N,R,26,0,0,\N,\N,\N,\N,\N,\N,8
6839,315,88,26,30,0,\N,F,27,0,0,\N,\N,\N,\N,\N,\N,81
6840,315,78,40,34,0,\N,F,28,0,0,\N,\N,\N,\N,\N,\N,81
6841,315,133,29,10,0,\N,F,29,0,0,\N,\N,\N,\N,\N,\N,81
6842,315,128,40,35,0,\N,F,30,0,0,\N,\N,\N,\N,\N,\N,81
6843,315,105,29,9,0,\N,F,31,0,0,\N,\N,\N,\N,\N,\N,97
6844,315,99,39,17,0,\N,F,32,0,0,\N,\N,\N,\N,\N,\N,97
6845,315,142,42,31,0,\N,F,33,0,0,\N,\N,\N,\N,\N,\N,97
6846,315,120,39,18,0,\N,F,34,0,0,\N,\N,\N,\N,\N,\N,97
6847,316,95,3,5,2,1,1,1,10,53,1:17:54.319,4674319,\N,\N,\N,\N,1
6848,316,102,1,1,1,2,2,2,6,53,+16.262,4690581,\N,\N,\N,\N,1
6849,316,117,6,27,5,3,3,3,4,53,+16.829,4691148,\N,\N,\N,\N,1
6850,316,77,1,2,3,4,4,4,3,53,+27.719,4702038,\N,\N,\N,\N,1
6851,316,30,22,19,7,5,5,5,2,53,+34.463,4708782,\N,\N,\N,\N,1
6852,316,137,22,20,8,6,6,6,1,53,+45.600,4719919,\N,\N,\N,\N,1
6853,316,110,17,33,14,7,7,7,0,53,+51.136,4725455,\N,\N,\N,\N,1
6854,316,122,41,16,12,8,8,8,0,53,+1:15.019,4749338,\N,\N,\N,\N,1
6855,316,81,18,24,17,9,9,9,0,52,\N,\N,\N,\N,\N,\N,11
6856,316,139,35,21,16,10,10,10,0,52,\N,\N,\N,\N,\N,\N,11
6857,316,100,27,26,22,11,11,11,0,52,\N,\N,\N,\N,\N,\N,11
6858,316,87,34,8,11,12,12,12,0,52,\N,\N,\N,\N,\N,\N,11
6859,316,84,34,7,19,13,13,13,0,52,\N,\N,\N,\N,\N,\N,11
6860,316,57,32,11,25,14,14,14,0,49,\N,\N,\N,\N,\N,\N,14
6861,316,127,41,15,18,15,15,15,0,49,\N,\N,\N,\N,\N,\N,14
6862,316,78,40,34,23,16,16,16,0,48,\N,\N,\N,\N,\N,\N,15
6863,316,129,36,14,26,\N,R,17,0,46,\N,\N,\N,\N,\N,\N,5
6864,316,109,35,22,20,\N,R,18,0,35,\N,\N,\N,\N,\N,\N,25
6865,316,131,25,4,13,\N,R,19,0,32,\N,\N,\N,\N,\N,\N,5
6866,316,55,6,28,6,\N,R,20,0,29,\N,\N,\N,\N,\N,\N,5
6867,316,119,3,6,4,\N,R,21,0,27,\N,\N,\N,\N,\N,\N,6
6868,316,138,25,3,15,\N,R,22,0,24,\N,\N,\N,\N,\N,\N,37
6869,316,103,26,29,24,\N,R,23,0,21,\N,\N,\N,\N,\N,\N,5
6870,316,94,18,23,10,\N,R,24,0,8,\N,\N,\N,\N,\N,\N,20
6871,316,90,17,32,9,\N,R,25,0,2,\N,\N,\N,\N,\N,\N,20
6872,316,123,27,25,21,\N,R,26,0,1,\N,\N,\N,\N,\N,\N,20
6873,316,105,29,9,0,\N,F,27,0,0,\N,\N,\N,\N,\N,\N,81
6874,316,143,32,12,0,\N,F,28,0,0,\N,\N,\N,\N,\N,\N,81
6875,316,128,40,35,0,\N,F,29,0,0,\N,\N,\N,\N,\N,\N,81
6876,316,88,26,30,0,\N,F,30,0,0,\N,\N,\N,\N,\N,\N,81
6877,316,120,39,18,0,\N,F,31,0,0,\N,\N,\N,\N,\N,\N,97
6878,316,99,39,17,0,\N,F,32,0,0,\N,\N,\N,\N,\N,\N,97
6879,316,133,29,10,0,\N,F,33,0,0,\N,\N,\N,\N,\N,\N,97
6880,316,142,42,31,0,\N,F,34,0,0,\N,\N,\N,\N,\N,\N,97
6881,317,119,3,6,1,1,1,1,10,71,1:35:42.304,5742304,\N,\N,\N,\N,1
6882,317,102,1,1,3,2,2,2,6,71,+20.941,5763245,\N,\N,\N,\N,1
6883,317,55,6,28,6,3,3,3,4,71,+53.554,5795858,\N,\N,\N,\N,1
6884,317,94,18,23,8,4,4,4,3,71,+1:03.498,5805802,\N,\N,\N,\N,1
6885,317,137,22,20,11,5,5,5,2,71,+1:10.033,5812337,\N,\N,\N,\N,1
6886,317,30,22,19,10,6,6,6,1,71,+1:16.582,5818886,\N,\N,\N,\N,1
6887,317,127,41,15,7,7,7,7,0,70,\N,\N,\N,\N,\N,\N,11
6888,317,110,17,33,14,8,8,8,0,70,\N,\N,\N,\N,\N,\N,11
6889,317,81,18,24,13,9,9,9,0,70,\N,\N,\N,\N,\N,\N,11
6890,317,90,17,32,21,10,10,10,0,70,\N,\N,\N,\N,\N,\N,11
6891,317,100,27,26,23,11,11,11,0,70,\N,\N,\N,\N,\N,\N,11
6892,317,84,34,7,19,12,12,12,0,69,\N,\N,\N,\N,\N,\N,12
6893,317,138,25,3,17,13,13,13,0,68,\N,\N,\N,\N,\N,\N,13
6894,317,57,32,11,24,14,14,14,0,68,\N,\N,\N,\N,\N,\N,13
6895,317,105,29,9,22,15,15,15,0,68,\N,\N,\N,\N,\N,\N,13
6896,317,123,27,25,20,16,16,16,0,68,\N,\N,\N,\N,\N,\N,13
6897,317,122,41,16,9,17,17,17,0,64,\N,\N,\N,\N,\N,\N,20
6898,317,131,25,4,12,\N,R,18,0,56,\N,\N,\N,\N,\N,\N,5
6899,317,95,3,5,4,\N,D,19,0,51,\N,\N,\N,\N,\N,\N,2
6900,317,88,26,30,25,\N,R,20,0,40,\N,\N,\N,\N,\N,\N,7
6901,317,117,6,27,5,\N,R,21,0,39,\N,\N,\N,\N,\N,\N,5
6902,317,77,1,2,2,\N,R,22,0,37,\N,\N,\N,\N,\N,\N,5
6903,317,139,35,21,16,\N,R,23,0,18,\N,\N,\N,\N,\N,\N,5
6904,317,109,35,22,18,\N,R,24,0,21,\N,\N,\N,\N,\N,\N,6
6905,317,87,34,8,15,\N,R,25,0,12,\N,\N,\N,\N,\N,\N,22
6906,317,65,32,12,26,\N,R,26,0,1,\N,\N,\N,\N,\N,\N,5
6907,317,103,26,29,0,\N,F,27,0,0,\N,\N,\N,\N,\N,\N,81
6908,317,99,39,17,0,\N,F,28,0,0,\N,\N,\N,\N,\N,\N,81
6909,317,78,40,34,0,\N,F,29,0,0,\N,\N,\N,\N,\N,\N,81
6910,317,128,40,35,0,\N,F,30,0,0,\N,\N,\N,\N,\N,\N,81
6911,317,120,39,18,0,\N,F,31,0,0,\N,\N,\N,\N,\N,\N,97
6912,317,129,36,14,0,\N,F,32,0,0,\N,\N,\N,\N,\N,\N,97
6913,317,133,29,10,0,\N,F,33,0,0,\N,\N,\N,\N,\N,\N,97
6914,317,142,42,31,0,\N,F,34,0,0,\N,\N,\N,\N,\N,\N,97
6915,318,95,3,5,2,1,1,1,10,65,1:38:41.541,5921541,\N,\N,\N,\N,1
6916,318,117,6,27,6,2,2,2,6,65,+11.331,5932872,\N,\N,\N,\N,1
6917,318,119,3,6,4,3,3,3,4,65,+15.909,5937450,\N,\N,\N,\N,1
6918,318,55,6,28,7,4,4,4,3,65,+22.772,5944313,\N,\N,\N,\N,1
6919,318,102,1,1,3,5,5,5,2,65,+1:02.402,5983943,\N,\N,\N,\N,1
6920,318,30,22,19,5,6,6,6,1,65,+1:19.468,6001009,\N,\N,\N,\N,1
6921,318,127,41,15,13,7,7,7,0,64,\N,\N,\N,\N,\N,\N,11
6922,318,109,35,22,15,8,8,8,0,64,\N,\N,\N,\N,\N,\N,11
6923,318,70,17,32,20,9,9,9,0,64,\N,\N,\N,\N,\N,\N,11
6924,318,84,34,7,11,10,10,10,0,63,\N,\N,\N,\N,\N,\N,12
6925,318,137,22,20,10,11,11,11,0,63,\N,\N,\N,\N,\N,\N,12
6926,318,99,36,14,22,12,12,12,0,63,\N,\N,\N,\N,\N,\N,12
6927,318,94,18,23,19,13,13,13,0,63,\N,\N,\N,\N,\N,\N,12
6928,318,81,18,24,16,14,14,14,0,62,\N,\N,\N,\N,\N,\N,4
6929,318,139,35,21,9,15,15,15,0,62,\N,\N,\N,\N,\N,\N,13
6930,318,131,25,4,14,16,16,16,0,62,\N,\N,\N,\N,\N,\N,13
6931,318,138,25,3,18,17,17,17,0,62,\N,\N,\N,\N,\N,\N,13
6932,318,87,34,8,12,\N,R,18,0,49,\N,\N,\N,\N,\N,\N,5
6933,318,100,27,26,25,\N,R,19,0,36,\N,\N,\N,\N,\N,\N,10
6934,318,77,1,2,1,\N,R,20,0,33,\N,\N,\N,\N,\N,\N,10
6935,318,105,29,9,24,\N,R,21,0,23,\N,\N,\N,\N,\N,\N,5
6936,318,110,17,33,17,\N,R,22,0,22,\N,\N,\N,\N,\N,\N,10
6937,318,57,32,11,21,\N,R,23,0,5,\N,\N,\N,\N,\N,\N,20
6938,318,122,41,16,8,\N,R,24,0,1,\N,\N,\N,\N,\N,\N,4
6939,318,103,26,29,23,\N,R,25,0,0,\N,\N,\N,\N,\N,\N,4
6940,318,123,27,25,26,\N,R,26,0,0,\N,\N,\N,\N,\N,\N,4
6941,318,88,26,30,0,\N,F,27,0,0,\N,\N,\N,\N,\N,\N,81
6942,318,78,40,34,0,\N,F,28,0,0,\N,\N,\N,\N,\N,\N,81
6943,318,143,32,12,0,\N,F,29,0,0,\N,\N,\N,\N,\N,\N,81
6944,318,128,40,35,0,\N,F,30,0,0,\N,\N,\N,\N,\N,\N,81
6945,318,133,29,10,0,\N,F,31,0,0,\N,\N,\N,\N,\N,\N,97
6946,318,120,39,18,0,\N,F,32,0,0,\N,\N,\N,\N,\N,\N,97
6947,318,129,39,17,0,\N,F,33,0,0,\N,\N,\N,\N,\N,\N,97
6948,319,77,1,2,1,1,1,1,10,53,1:32:10.695,5530695,\N,\N,\N,\N,1
6949,319,102,1,1,2,2,2,2,6,53,+0.344,5531039,\N,\N,\N,\N,1
6950,319,119,3,6,5,3,3,3,4,53,+56.731,5587426,\N,\N,\N,\N,1
6951,319,117,6,27,4,4,4,4,3,53,+1:20.761,5611456,\N,\N,\N,\N,1
6952,319,84,34,7,19,5,5,5,2,52,\N,\N,\N,\N,\N,\N,11
6953,319,131,25,4,14,6,6,6,1,52,\N,\N,\N,\N,\N,\N,11
6954,319,137,22,20,10,7,7,7,0,52,\N,\N,\N,\N,\N,\N,11
6955,319,127,41,15,18,8,8,8,0,52,\N,\N,\N,\N,\N,\N,11
6956,319,123,27,25,17,9,9,9,0,52,\N,\N,\N,\N,\N,\N,11
6957,319,133,29,10,26,10,10,10,0,51,\N,\N,\N,\N,\N,\N,12
6958,319,99,36,14,24,11,11,11,0,50,\N,\N,\N,\N,\N,\N,13
6959,319,100,27,26,20,\N,R,12,0,41,\N,\N,\N,\N,\N,\N,91
6960,319,94,18,23,7,\N,R,13,0,39,\N,\N,\N,\N,\N,\N,10
6961,319,30,22,19,9,\N,R,14,0,34,\N,\N,\N,\N,\N,\N,5
6962,319,65,32,12,23,\N,R,15,0,31,\N,\N,\N,\N,\N,\N,5
6963,319,138,25,3,15,\N,R,16,0,30,\N,\N,\N,\N,\N,\N,20
6964,319,88,26,30,25,\N,R,17,0,26,\N,\N,\N,\N,\N,\N,5
6965,319,81,18,24,8,\N,R,18,0,15,\N,\N,\N,\N,\N,\N,36
6966,319,95,3,5,3,\N,R,19,0,9,\N,\N,\N,\N,\N,\N,20
6967,319,70,17,32,13,\N,R,20,0,7,\N,\N,\N,\N,\N,\N,6
6968,319,57,32,11,21,\N,R,21,0,4,\N,\N,\N,\N,\N,\N,5
6969,319,110,17,33,11,\N,R,22,0,1,\N,\N,\N,\N,\N,\N,3
6970,319,109,35,22,12,\N,R,23,0,1,\N,\N,\N,\N,\N,\N,3
6971,319,139,35,21,16,\N,R,24,0,1,\N,\N,\N,\N,\N,\N,3
6972,319,91,41,16,22,\N,R,25,0,1,\N,\N,\N,\N,\N,\N,3
6973,319,55,6,28,6,\N,R,26,0,0,\N,\N,\N,\N,\N,\N,5
6974,319,105,29,9,0,\N,F,27,0,0,\N,\N,\N,\N,\N,\N,81
6975,319,78,40,34,0,\N,F,28,0,0,\N,\N,\N,\N,\N,\N,81
6976,319,128,40,35,0,\N,F,29,0,0,\N,\N,\N,\N,\N,\N,81
6977,319,103,26,29,0,\N,F,30,0,0,\N,\N,\N,\N,\N,\N,81
6978,319,87,34,8,0,\N,F,31,0,0,\N,\N,\N,\N,\N,\N,97
6979,319,144,42,31,0,\N,F,32,0,0,\N,\N,\N,\N,\N,\N,97
6980,320,102,1,1,1,1,1,1,5,14,24:34.899,1474899,\N,\N,\N,\N,1
6981,320,95,3,5,3,2,2,2,3,14,+1.259,1476158,\N,\N,\N,\N,1
6982,320,77,1,2,2,3,3,3,2,14,+5.120,1480019,\N,\N,\N,\N,1
6983,320,137,22,20,5,4,4,4,1.5,14,+30.103,1505002,\N,\N,\N,\N,1
6984,320,119,3,6,4,5,5,5,1,14,+50.537,1525436,\N,\N,\N,\N,1
6985,320,81,6,27,8,6,6,6,0.5,14,+51.069,1525968,\N,\N,\N,\N,1
6986,320,139,35,21,13,7,7,7,0,14,+52.361,1527260,\N,\N,\N,\N,1
6987,320,110,17,33,12,8,8,8,0,14,+1:00.431,1535330,\N,\N,\N,\N,1
6988,320,70,17,32,16,9,9,9,0,14,+1:15.567,1550466,\N,\N,\N,\N,1
6989,320,131,25,4,9,10,10,10,0,14,+1:20.370,1555269,\N,\N,\N,\N,1
6990,320,65,32,12,21,11,11,11,0,14,+1:22.073,1556972,\N,\N,\N,\N,1
6991,320,109,35,22,11,12,12,12,0,14,+1:38.519,1573418,\N,\N,\N,\N,1
6992,320,105,29,9,15,13,13,13,0,14,+1:39.303,1574202,\N,\N,\N,\N,1
6993,320,127,41,15,14,14,14,14,0,13,\N,\N,\N,\N,\N,\N,11
6994,320,133,29,10,23,15,15,15,0,13,\N,\N,\N,\N,\N,\N,11
6995,320,90,18,24,18,16,16,16,0,13,\N,\N,\N,\N,\N,\N,11
6996,320,87,34,8,17,17,17,17,0,13,\N,\N,\N,\N,\N,\N,11
6997,320,100,27,26,22,18,18,18,0,13,\N,\N,\N,\N,\N,\N,11
6998,320,57,32,11,25,19,19,19,0,13,\N,\N,\N,\N,\N,\N,12
6999,320,91,41,16,26,20,20,20,0,12,\N,\N,\N,\N,\N,\N,12
7000,320,94,18,23,10,\N,R,21,0,8,\N,\N,\N,\N,\N,\N,20
7001,320,30,22,19,6,\N,R,22,0,5,\N,\N,\N,\N,\N,\N,20
7002,320,55,6,28,7,\N,R,23,0,5,\N,\N,\N,\N,\N,\N,3
7003,320,78,40,34,19,\N,R,24,0,5,\N,\N,\N,\N,\N,\N,20
7004,320,123,27,25,20,\N,R,25,0,5,\N,\N,\N,\N,\N,\N,3
7005,320,138,25,3,24,\N,R,26,0,4,\N,\N,\N,\N,\N,\N,20
7006,320,88,33,30,0,\N,F,27,0,0,\N,\N,\N,\N,\N,\N,81
7007,320,84,34,7,0,\N,F,28,0,0,\N,\N,\N,\N,\N,\N,81
7008,320,128,40,35,0,\N,F,29,0,0,\N,\N,\N,\N,\N,\N,81
7009,320,92,33,29,0,\N,F,30,0,0,\N,\N,\N,\N,\N,\N,81
7010,320,99,36,14,0,\N,F,31,0,0,\N,\N,\N,\N,\N,\N,97
7011,320,144,42,31,0,\N,F,32,0,0,\N,\N,\N,\N,\N,\N,97
7012,321,102,1,27,5,1,1,1,9,72,1:52:32.829,6752829,\N,\N,\N,\N,1
7013,321,55,25,4,4,2,2,2,6,72,+8.685,6761514,\N,\N,\N,\N,1
7014,321,123,3,5,9,3,3,3,4,72,+54.080,6806909,\N,\N,\N,\N,1
7015,321,137,22,20,6,4,4,4,3,72,+1:08.358,6821187,\N,\N,\N,\N,1
7016,321,131,34,8,10,5,5,5,2,72,+1:09.503,6822332,\N,\N,\N,\N,1
7017,321,138,25,3,11,6,6,6,1,71,\N,\N,\N,\N,\N,\N,11
7018,321,94,18,23,2,7,7,7,0,71,\N,\N,\N,\N,\N,\N,11
7019,321,103,33,29,15,8,8,8,0,71,\N,\N,\N,\N,\N,\N,11
7020,321,119,3,6,12,9,9,9,0,71,\N,\N,\N,\N,\N,\N,11
7021,321,105,21,9,21,10,10,10,0,70,\N,\N,\N,\N,\N,\N,12
7022,321,145,22,19,22,11,11,11,0,70,\N,\N,\N,\N,\N,\N,12
7023,321,146,21,10,20,12,12,12,0,70,\N,\N,\N,\N,\N,\N,12
7024,321,90,44,33,16,13,13,13,0,67,\N,\N,\N,\N,\N,\N,15
7025,321,127,41,15,25,14,14,14,0,66,\N,\N,\N,\N,\N,\N,16
7026,321,147,18,24,14,\N,R,15,0,54,\N,\N,\N,\N,\N,\N,68
7027,321,88,33,30,18,\N,R,16,0,53,\N,\N,\N,\N,\N,\N,23
7028,321,95,6,2,17,\N,R,17,0,49,\N,\N,\N,\N,\N,\N,8
7029,321,77,1,28,1,\N,R,18,0,44,\N,\N,\N,\N,\N,\N,8
7030,321,148,34,7,23,\N,R,19,0,39,\N,\N,\N,\N,\N,\N,3
7031,321,129,45,14,8,\N,R,20,0,39,\N,\N,\N,\N,\N,\N,4
7032,321,110,35,22,3,\N,R,21,0,25,\N,\N,\N,\N,\N,\N,5
7033,321,117,6,1,7,\N,R,22,0,21,\N,\N,\N,\N,\N,\N,44
7034,321,122,41,16,26,\N,R,23,0,20,\N,\N,\N,\N,\N,\N,10
7035,321,118,32,11,24,\N,R,24,0,6,\N,\N,\N,\N,\N,\N,6
7036,321,78,27,25,13,\N,R,25,0,4,\N,\N,\N,\N,\N,\N,37
7037,321,151,32,12,19,\N,R,26,0,0,\N,\N,\N,\N,\N,\N,6
7038,321,112,27,26,0,\N,D,27,0,0,\N,\N,\N,\N,\N,\N,2
7039,321,140,46,35,0,\N,F,28,0,0,\N,\N,\N,\N,\N,\N,81
7040,321,81,35,21,0,\N,F,29,0,0,\N,\N,\N,\N,\N,\N,81
7041,321,109,46,36,0,\N,F,30,0,0,\N,\N,\N,\N,\N,\N,81
7042,321,99,39,17,0,\N,F,31,0,0,\N,\N,\N,\N,\N,\N,97
7043,321,114,39,18,0,\N,F,32,0,0,\N,\N,\N,\N,\N,\N,97
7044,321,149,44,34,0,\N,F,33,0,0,\N,\N,\N,\N,\N,\N,97
7045,321,150,47,39,0,\N,F,34,0,0,\N,\N,\N,\N,\N,\N,97
7046,321,92,42,31,0,\N,F,35,0,0,\N,\N,\N,\N,\N,\N,97
7047,322,117,6,1,6,1,1,1,9,71,1:37:21.258,5841258,\N,\N,\N,\N,1
7048,322,77,1,28,2,2,2,2,6,71,+13.564,5854822,\N,\N,\N,\N,1
7049,322,102,1,27,1,3,3,3,4,71,+37.722,5878980,\N,\N,\N,\N,1
7050,322,95,6,2,5,4,4,4,3,71,+47.266,5888524,\N,\N,\N,\N,1
7051,322,123,3,5,3,5,5,5,2,70,\N,\N,\N,\N,\N,\N,11
7052,322,137,22,20,13,6,6,6,1,70,\N,\N,\N,\N,\N,\N,11
7053,322,55,25,4,7,7,7,7,0,70,\N,\N,\N,\N,\N,\N,11
7054,322,138,25,3,19,8,8,8,0,70,\N,\N,\N,\N,\N,\N,11
7055,322,94,18,23,8,9,9,9,0,69,\N,\N,\N,\N,\N,\N,12
7056,322,145,22,19,15,10,10,10,0,68,\N,\N,\N,\N,\N,\N,29
7057,322,78,27,25,20,11,11,11,0,68,\N,\N,\N,\N,\N,\N,13
7058,322,112,27,26,10,12,12,12,0,68,\N,\N,\N,\N,\N,\N,13
7059,322,119,3,6,4,13,13,13,0,65,\N,\N,\N,\N,\N,\N,51
7060,322,81,35,21,16,14,14,14,0,64,\N,\N,\N,\N,\N,\N,17
7061,322,133,21,10,25,\N,R,15,0,49,\N,\N,\N,\N,\N,\N,8
7062,322,151,32,12,14,\N,R,16,0,43,\N,\N,\N,\N,\N,\N,20
7063,322,131,34,8,12,\N,R,17,0,39,\N,\N,\N,\N,\N,\N,20
7064,322,147,18,24,17,\N,R,18,0,38,\N,\N,\N,\N,\N,\N,5
7065,322,114,39,18,26,\N,R,19,0,28,\N,\N,\N,\N,\N,\N,22
7066,322,118,32,11,24,\N,R,20,0,25,\N,\N,\N,\N,\N,\N,10
7067,322,88,33,30,18,\N,R,21,0,24,\N,\N,\N,\N,\N,\N,22
7068,322,105,21,9,23,\N,R,22,0,24,\N,\N,\N,\N,\N,\N,22
7069,322,148,34,7,22,\N,R,23,0,14,\N,\N,\N,\N,\N,\N,7
7070,322,103,33,29,11,\N,R,24,0,13,\N,\N,\N,\N,\N,\N,6
7071,322,129,45,14,21,\N,R,25,0,8,\N,\N,\N,\N,\N,\N,4
7072,322,110,35,22,9,\N,R,26,0,0,\N,\N,\N,\N,\N,\N,4
7073,322,140,46,35,0,\N,F,27,0,0,\N,\N,\N,\N,\N,\N,81
7074,322,109,46,36,0,\N,F,28,0,0,\N,\N,\N,\N,\N,\N,81
7075,322,122,41,16,0,\N,F,29,0,0,\N,\N,\N,\N,\N,\N,81
7076,322,127,41,15,0,\N,F,30,0,0,\N,\N,\N,\N,\N,\N,81
7077,322,99,39,17,0,\N,F,31,0,0,\N,\N,\N,\N,\N,\N,97
7078,322,90,44,33,0,\N,F,32,0,0,\N,\N,\N,\N,\N,\N,97
7079,322,92,42,31,0,\N,F,33,0,0,\N,\N,\N,\N,\N,\N,97
7080,322,149,44,34,0,\N,F,34,0,0,\N,\N,\N,\N,\N,\N,97
7081,322,150,47,39,0,\N,F,35,0,0,\N,\N,\N,\N,\N,\N,97
7082,323,119,3,6,3,1,1,1,9,61,1:30:55.478,5455478,\N,\N,\N,\N,1
7083,323,77,1,28,2,2,2,2,6,61,+5.117,5460595,\N,\N,\N,\N,1
7084,323,145,22,19,9,3,3,3,4,61,+6.240,5461718,\N,\N,\N,\N,1
7085,323,117,6,1,6,4,4,4,3,61,+6.843,5462321,\N,\N,\N,\N,1
7086,323,137,22,20,8,5,5,5,2,61,+53.112,5508590,\N,\N,\N,\N,1
7087,323,55,25,4,7,6,6,6,1,60,\N,\N,\N,\N,\N,\N,11
7088,323,118,32,11,10,7,7,7,0,60,\N,\N,\N,\N,\N,\N,11
7089,323,151,32,12,11,8,8,8,0,60,\N,\N,\N,\N,\N,\N,11
7090,323,112,27,26,16,9,9,9,0,60,\N,\N,\N,\N,\N,\N,11
7091,323,78,27,25,20,10,10,10,0,59,\N,\N,\N,\N,\N,\N,12
7092,323,147,18,24,26,11,11,11,0,59,\N,\N,\N,\N,\N,\N,12
7093,323,109,46,36,25,12,12,12,0,59,\N,\N,\N,\N,\N,\N,12
7094,323,103,33,29,13,13,13,13,0,56,\N,\N,\N,\N,\N,\N,8
7095,323,129,45,14,22,\N,R,14,0,52,\N,\N,\N,\N,\N,\N,36
7096,323,95,6,2,5,\N,R,15,0,38,\N,\N,\N,\N,\N,\N,5
7097,323,148,46,35,23,\N,R,16,0,35,\N,\N,\N,\N,\N,\N,5
7098,323,131,34,8,14,\N,R,17,0,31,\N,\N,\N,\N,\N,\N,23
7099,323,110,35,22,17,\N,R,18,0,29,\N,\N,\N,\N,\N,\N,36
7100,323,127,41,15,12,\N,R,19,0,24,\N,\N,\N,\N,\N,\N,10
7101,323,123,3,5,4,\N,R,20,0,17,\N,\N,\N,\N,\N,\N,5
7102,323,88,33,30,15,\N,R,21,0,17,\N,\N,\N,\N,\N,\N,8
7103,323,102,1,27,1,\N,R,22,0,3,\N,\N,\N,\N,\N,\N,36
7104,323,139,35,21,21,\N,R,23,0,2,\N,\N,\N,\N,\N,\N,20
7105,323,122,41,16,18,\N,R,24,0,0,\N,\N,\N,\N,\N,\N,4
7106,323,138,25,3,19,\N,R,25,0,0,\N,\N,\N,\N,\N,\N,4
7107,323,90,44,33,24,\N,R,26,0,0,\N,\N,\N,\N,\N,\N,37
7108,323,94,18,23,0,\N,W,27,0,0,\N,\N,\N,\N,\N,\N,3
7109,323,133,21,10,0,\N,F,28,0,0,\N,\N,\N,\N,\N,\N,81
7110,323,105,21,9,0,\N,F,29,0,0,\N,\N,\N,\N,\N,\N,81
7111,323,101,34,7,0,\N,F,30,0,0,\N,\N,\N,\N,\N,\N,81
7112,323,92,42,31,0,\N,F,31,0,0,\N,\N,\N,\N,\N,\N,97
7113,323,149,44,34,0,\N,F,32,0,0,\N,\N,\N,\N,\N,\N,97
7114,323,152,47,39,0,\N,F,33,0,0,\N,\N,\N,\N,\N,\N,97
7115,323,99,39,17,0,\N,F,34,0,0,\N,\N,\N,\N,\N,\N,97
7116,323,114,39,18,0,\N,F,35,0,0,\N,\N,\N,\N,\N,\N,97
7117,324,102,1,27,1,1,1,1,9,78,1:52:46.982,6766982,\N,\N,\N,\N,1
7118,324,55,25,4,3,2,2,2,6,78,+1.087,6768069,\N,\N,\N,\N,1
7119,324,77,1,28,5,3,3,3,4,78,+2.073,6769055,\N,\N,\N,\N,1
7120,324,123,3,5,6,4,4,4,3,77,\N,\N,\N,\N,\N,\N,11
7121,324,133,21,10,22,5,5,5,2,76,\N,\N,\N,\N,\N,\N,12
7122,324,103,33,29,24,6,6,6,1,76,\N,\N,\N,\N,\N,\N,12
7123,324,148,46,35,20,7,7,7,0,72,\N,\N,\N,\N,\N,\N,4
7124,324,118,32,11,13,\N,R,8,0,66,\N,\N,\N,\N,\N,\N,20
7125,324,95,6,2,7,\N,R,9,0,63,\N,\N,\N,\N,\N,\N,84
7126,324,147,18,24,19,\N,R,10,0,52,\N,\N,\N,\N,\N,\N,6
7127,324,109,46,36,26,\N,R,11,0,52,\N,\N,\N,\N,\N,\N,6
7128,324,112,27,26,18,\N,R,12,0,47,\N,\N,\N,\N,\N,\N,6
7129,324,119,3,6,4,\N,R,13,0,41,\N,\N,\N,\N,\N,\N,99
7130,324,110,35,22,12,\N,R,14,0,38,\N,\N,\N,\N,\N,\N,5
7131,324,138,25,3,21,\N,R,15,0,36,\N,\N,\N,\N,\N,\N,20
7132,324,117,6,1,2,\N,R,16,0,30,\N,\N,\N,\N,\N,\N,84
7133,324,145,22,19,16,\N,R,17,0,20,\N,\N,\N,\N,\N,\N,6
7134,324,101,34,7,25,\N,R,18,0,16,\N,\N,\N,\N,\N,\N,7
7135,324,122,41,16,23,\N,R,19,0,13,\N,\N,\N,\N,\N,\N,23
7136,324,78,27,25,17,\N,R,20,0,12,\N,\N,\N,\N,\N,\N,24
7137,324,88,33,30,15,\N,R,21,0,11,\N,\N,\N,\N,\N,\N,38
7138,324,94,18,23,8,\N,R,22,0,7,\N,\N,\N,\N,\N,\N,10
7139,324,151,32,12,11,\N,R,23,0,6,\N,\N,\N,\N,\N,\N,6
7140,324,131,34,8,14,\N,R,24,0,3,\N,\N,\N,\N,\N,\N,7
7141,324,139,35,21,9,\N,R,25,0,0,\N,\N,\N,\N,\N,\N,5
7142,324,137,22,20,10,\N,D,26,0,34,\N,\N,\N,\N,\N,\N,2
7143,324,105,21,9,0,\N,F,27,0,0,\N,\N,\N,\N,\N,\N,81
7144,324,129,45,14,0,\N,F,28,0,0,\N,\N,\N,\N,\N,\N,81
7145,324,127,41,15,0,\N,F,29,0,0,\N,\N,\N,\N,\N,\N,81
7146,324,90,44,33,0,\N,F,30,0,0,\N,\N,\N,\N,\N,\N,81
7147,324,99,39,17,0,\N,F,31,0,0,\N,\N,\N,\N,\N,\N,97
7148,324,114,39,18,0,\N,F,32,0,0,\N,\N,\N,\N,\N,\N,97
7149,324,149,44,34,0,\N,F,33,0,0,\N,\N,\N,\N,\N,\N,97
7150,324,92,42,31,0,\N,F,34,0,0,\N,\N,\N,\N,\N,\N,97
7151,324,152,47,39,0,\N,F,35,0,0,\N,\N,\N,\N,\N,\N,97
7152,325,102,1,27,1,1,1,1,9,70,1:42:56.400,6176400,\N,\N,\N,\N,1
7153,325,137,22,20,5,2,2,2,6,70,+10.497,6186897,\N,\N,\N,\N,1
7154,325,95,6,2,7,3,3,3,4,70,+13.385,6189785,\N,\N,\N,\N,1
7155,325,77,1,28,2,4,4,4,3,70,+14.854,6191254,\N,\N,\N,\N,1
7156,325,117,6,1,3,5,5,5,2,70,+15.820,6192220,\N,\N,\N,\N,1
7157,325,118,32,11,11,6,6,6,1,68,\N,\N,\N,\N,\N,\N,12
7158,325,131,34,8,10,7,7,7,0,68,\N,\N,\N,\N,\N,\N,12
7159,325,133,21,10,26,8,8,8,0,68,\N,\N,\N,\N,\N,\N,12
7160,325,103,33,29,23,9,9,9,0,67,\N,\N,\N,\N,\N,\N,13
7161,325,122,41,16,24,10,10,10,0,67,\N,\N,\N,\N,\N,\N,13
7162,325,138,25,3,13,11,11,11,0,67,\N,\N,\N,\N,\N,\N,13
7163,325,88,33,30,18,12,12,12,0,66,\N,\N,\N,\N,\N,\N,14
7164,325,129,45,14,15,13,13,13,0,65,\N,\N,\N,\N,\N,\N,15
7165,325,151,32,12,12,\N,R,14,0,57,\N,\N,\N,\N,\N,\N,5
7166,325,148,46,35,21,\N,R,15,0,53,\N,\N,\N,\N,\N,\N,5
7167,325,110,35,22,25,\N,R,16,0,50,\N,\N,\N,\N,\N,\N,6
7168,325,109,46,36,22,\N,R,17,0,46,\N,\N,\N,\N,\N,\N,5
7169,325,119,3,6,9,\N,R,18,0,44,\N,\N,\N,\N,\N,\N,23
7170,325,112,27,26,17,\N,R,19,0,34,\N,\N,\N,\N,\N,\N,5
7171,325,55,25,4,8,\N,R,20,0,26,\N,\N,\N,\N,\N,\N,20
7172,325,145,22,19,4,\N,R,21,0,21,\N,\N,\N,\N,\N,\N,20
7173,325,123,3,5,6,\N,R,22,0,19,\N,\N,\N,\N,\N,\N,4
7174,325,78,27,25,20,\N,R,23,0,18,\N,\N,\N,\N,\N,\N,4
7175,325,139,35,21,19,\N,R,24,0,11,\N,\N,\N,\N,\N,\N,4
7176,325,105,21,9,14,\N,R,25,0,11,\N,\N,\N,\N,\N,\N,4
7177,325,94,18,23,16,\N,R,26,0,0,\N,\N,\N,\N,\N,\N,20
7178,325,90,44,33,0,\N,F,27,0,0,\N,\N,\N,\N,\N,\N,81
7179,325,127,41,15,0,\N,F,28,0,0,\N,\N,\N,\N,\N,\N,81
7180,325,147,18,24,0,\N,F,29,0,0,\N,\N,\N,\N,\N,\N,81
7181,325,101,34,7,0,\N,F,30,0,0,\N,\N,\N,\N,\N,\N,81
7182,325,99,39,17,0,\N,F,31,0,0,\N,\N,\N,\N,\N,\N,97
7183,325,114,39,18,0,\N,F,32,0,0,\N,\N,\N,\N,\N,\N,97
7184,325,92,42,31,0,\N,F,33,0,0,\N,\N,\N,\N,\N,\N,97
7185,325,149,44,34,0,\N,F,34,0,0,\N,\N,\N,\N,\N,\N,97
7186,325,152,47,39,0,\N,F,35,0,0,\N,\N,\N,\N,\N,\N,97
7187,326,117,6,1,13,1,1,1,9,69,1:32:35.783,5555783,\N,\N,\N,\N,1
7188,326,95,6,2,4,2,2,2,6,69,+25.351,5581134,\N,\N,\N,\N,1
7189,326,77,1,28,1,3,3,3,4,69,+25.530,5581313,\N,\N,\N,\N,1
7190,326,145,22,19,14,4,4,4,3,69,+41.099,5596882,\N,\N,\N,\N,1
7191,326,123,3,5,5,5,5,5,2,69,+46.669,5602452,\N,\N,\N,\N,1
7192,326,137,22,20,8,6,6,6,1,69,+46.943,5602726,\N,\N,\N,\N,1
7193,326,55,25,4,6,7,7,7,0,69,+49.077,5604860,\N,\N,\N,\N,1
7194,326,151,32,12,12,8,8,8,0,69,+1:06.142,5621925,\N,\N,\N,\N,1
7195,326,119,3,6,2,9,9,9,0,69,+1:09.918,5625701,\N,\N,\N,\N,1
7196,326,118,32,11,11,10,10,10,0,68,\N,\N,\N,\N,\N,\N,11
7197,326,131,34,8,10,11,11,11,0,68,\N,\N,\N,\N,\N,\N,11
7198,326,94,18,23,7,12,12,12,0,68,\N,\N,\N,\N,\N,\N,11
7199,326,110,35,22,15,13,13,13,0,68,\N,\N,\N,\N,\N,\N,11
7200,326,147,18,24,16,14,14,14,0,67,\N,\N,\N,\N,\N,\N,12
7201,326,148,46,35,23,15,15,15,0,67,\N,\N,\N,\N,\N,\N,12
7202,326,78,27,25,24,16,16,16,0,67,\N,\N,\N,\N,\N,\N,12
7203,326,105,21,9,17,17,17,17,0,66,\N,\N,\N,\N,\N,\N,13
7204,326,112,27,26,22,18,18,18,0,66,\N,\N,\N,\N,\N,\N,13
7205,326,129,45,14,20,19,19,19,0,65,\N,\N,\N,\N,\N,\N,14
7206,326,102,1,27,3,20,20,20,0,63,\N,\N,\N,\N,\N,\N,27
7207,326,109,46,36,26,\N,R,21,0,26,\N,\N,\N,\N,\N,\N,5
7208,326,103,33,29,25,\N,R,22,0,12,\N,\N,\N,\N,\N,\N,23
7209,326,88,33,30,19,\N,R,23,0,11,\N,\N,\N,\N,\N,\N,4
7210,326,138,25,3,9,\N,R,24,0,11,\N,\N,\N,\N,\N,\N,4
7211,326,101,34,7,21,\N,R,25,0,11,\N,\N,\N,\N,\N,\N,10
7212,326,139,35,21,18,\N,R,26,0,10,\N,\N,\N,\N,\N,\N,5
7213,326,90,44,33,0,\N,D,27,0,0,\N,\N,\N,\N,\N,\N,2
7214,326,122,41,16,0,\N,F,28,0,0,\N,\N,\N,\N,\N,\N,81
7215,326,127,41,15,0,\N,F,29,0,0,\N,\N,\N,\N,\N,\N,81
7216,326,133,21,10,0,\N,F,30,0,0,\N,\N,\N,\N,\N,\N,81
7217,326,114,39,18,0,\N,F,31,0,0,\N,\N,\N,\N,\N,\N,97
7218,326,99,39,17,0,\N,F,32,0,0,\N,\N,\N,\N,\N,\N,97
7219,326,92,42,31,0,\N,F,33,0,0,\N,\N,\N,\N,\N,\N,97
7220,326,149,44,34,0,\N,F,34,0,0,\N,\N,\N,\N,\N,\N,97
7221,326,152,47,39,0,\N,F,35,0,0,\N,\N,\N,\N,\N,\N,97
7222,327,117,6,1,4,1,1,1,9,80,1:33:29.606,5609606,\N,\N,\N,\N,1
7223,327,122,41,16,7,2,2,2,6,80,+8.626,5618232,\N,\N,\N,\N,1
7224,327,102,1,27,3,3,3,3,4,80,+11.606,5621212,\N,\N,\N,\N,1
7225,327,137,22,20,9,4,4,4,3,80,+41.207,5650813,\N,\N,\N,\N,1
7226,327,77,1,28,2,5,5,5,2,80,+42.219,5651825,\N,\N,\N,\N,1
7227,327,119,3,6,6,6,6,6,1,80,+1:09.351,5678957,\N,\N,\N,\N,1
7228,327,88,33,30,14,7,7,7,0,79,\N,\N,\N,\N,\N,\N,11
7229,327,103,33,29,11,8,8,8,0,79,\N,\N,\N,\N,\N,\N,11
7230,327,112,27,26,12,9,9,9,0,79,\N,\N,\N,\N,\N,\N,11
7231,327,105,21,9,18,10,10,10,0,79,\N,\N,\N,\N,\N,\N,11
7232,327,118,32,11,16,11,11,11,0,79,\N,\N,\N,\N,\N,\N,11
7233,327,151,32,12,17,12,12,12,0,79,\N,\N,\N,\N,\N,\N,11
7234,327,131,34,8,20,13,13,13,0,78,\N,\N,\N,\N,\N,\N,12
7235,327,78,27,25,19,14,14,14,0,78,\N,\N,\N,\N,\N,\N,12
7236,327,101,34,7,25,15,15,15,0,77,\N,\N,\N,\N,\N,\N,13
7237,327,145,22,19,5,16,16,16,0,75,\N,\N,\N,\N,\N,\N,10
7238,327,114,39,18,26,17,17,17,0,75,\N,\N,\N,\N,\N,\N,15
7239,327,95,6,2,1,18,18,18,0,72,\N,\N,\N,\N,\N,\N,5
7240,327,110,35,22,21,\N,D,19,0,78,\N,\N,\N,\N,\N,\N,2
7241,327,138,25,3,15,\N,R,20,0,63,\N,\N,\N,\N,\N,\N,6
7242,327,127,41,15,10,\N,R,21,0,58,\N,\N,\N,\N,\N,\N,5
7243,327,94,18,23,23,\N,R,22,0,40,\N,\N,\N,\N,\N,\N,10
7244,327,55,25,4,13,\N,R,23,0,23,\N,\N,\N,\N,\N,\N,24
7245,327,133,21,10,22,\N,R,24,0,22,\N,\N,\N,\N,\N,\N,22
7246,327,123,3,5,8,\N,R,25,0,7,\N,\N,\N,\N,\N,\N,5
7247,327,139,35,21,24,\N,R,26,0,7,\N,\N,\N,\N,\N,\N,23
7248,327,147,18,24,0,\N,F,27,0,0,\N,\N,\N,\N,\N,\N,81
7249,327,99,39,17,0,\N,F,28,0,0,\N,\N,\N,\N,\N,\N,81
7250,327,148,46,35,0,\N,F,29,0,0,\N,\N,\N,\N,\N,\N,81
7251,327,109,46,36,0,\N,F,30,0,0,\N,\N,\N,\N,\N,\N,81
7252,327,129,45,14,0,\N,F,31,0,0,\N,\N,\N,\N,\N,\N,97
7253,327,90,44,33,0,\N,F,32,0,0,\N,\N,\N,\N,\N,\N,97
7254,327,149,44,34,0,\N,F,33,0,0,\N,\N,\N,\N,\N,\N,97
7255,327,92,42,31,0,\N,F,34,0,0,\N,\N,\N,\N,\N,\N,97
7256,327,152,47,39,0,\N,F,35,0,0,\N,\N,\N,\N,\N,\N,97
7257,328,117,6,1,5,1,1,1,9,64,1:18:30.999,4710999,\N,\N,\N,\N,1
7258,328,123,3,5,4,2,2,2,6,64,+39.092,4750091,\N,\N,\N,\N,1
7259,328,102,1,27,2,3,3,3,4,64,+43.088,4754087,\N,\N,\N,\N,1
7260,328,103,33,29,8,4,4,4,3,64,+1:15.302,4786301,\N,\N,\N,\N,1
7261,328,137,22,20,11,5,5,5,2,64,+1:24.003,4795002,\N,\N,\N,\N,1
7262,328,88,33,30,9,6,6,6,1,63,\N,\N,\N,\N,\N,\N,11
7263,328,133,21,10,17,7,7,7,0,63,\N,\N,\N,\N,\N,\N,11
7264,328,55,25,4,6,8,8,8,0,63,\N,\N,\N,\N,\N,\N,11
7265,328,131,34,8,20,9,9,9,0,62,\N,\N,\N,\N,\N,\N,12
7266,328,78,27,25,21,10,10,10,0,62,\N,\N,\N,\N,\N,\N,12
7267,328,139,35,21,19,11,11,11,0,62,\N,\N,\N,\N,\N,\N,12
7268,328,147,18,24,24,12,12,12,0,62,\N,\N,\N,\N,\N,\N,12
7269,328,112,27,26,22,13,13,13,0,61,\N,\N,\N,\N,\N,\N,13
7270,328,77,1,28,3,14,14,14,0,60,\N,\N,\N,\N,\N,\N,37
7271,328,95,6,2,1,\N,R,15,0,55,\N,\N,\N,\N,\N,\N,6
7272,328,122,41,16,10,\N,R,16,0,48,\N,\N,\N,\N,\N,\N,95
7273,328,151,32,12,14,\N,R,17,0,48,\N,\N,\N,\N,\N,\N,5
7274,328,118,32,11,16,\N,R,18,0,46,\N,\N,\N,\N,\N,\N,5
7275,328,99,39,17,26,\N,R,19,0,41,\N,\N,\N,\N,\N,\N,5
7276,328,105,21,9,25,\N,R,20,0,37,\N,\N,\N,\N,\N,\N,5
7277,328,119,3,6,7,\N,R,21,0,26,\N,\N,\N,\N,\N,\N,83
7278,328,138,25,3,12,\N,R,22,0,20,\N,\N,\N,\N,\N,\N,10
7279,328,145,22,19,13,\N,R,23,0,15,\N,\N,\N,\N,\N,\N,4
7280,328,110,35,22,23,\N,R,24,0,12,\N,\N,\N,\N,\N,\N,69
7281,328,94,18,23,18,\N,R,25,0,3,\N,\N,\N,\N,\N,\N,91
7282,328,127,41,15,15,\N,W,26,0,0,\N,\N,\N,\N,\N,\N,48
7283,328,129,45,14,0,\N,F,27,0,0,\N,\N,\N,\N,\N,\N,81
7284,328,101,34,7,0,\N,F,28,0,0,\N,\N,\N,\N,\N,\N,81
7285,328,109,46,36,0,\N,F,29,0,0,\N,\N,\N,\N,\N,\N,81
7286,328,148,46,35,0,\N,F,30,0,0,\N,\N,\N,\N,\N,\N,81
7287,328,90,44,33,0,\N,F,31,0,0,\N,\N,\N,\N,\N,\N,97
7288,328,114,39,18,0,\N,F,32,0,0,\N,\N,\N,\N,\N,\N,97
7289,328,149,44,34,0,\N,F,33,0,0,\N,\N,\N,\N,\N,\N,97
7290,328,92,42,31,0,\N,F,34,0,0,\N,\N,\N,\N,\N,\N,97
7291,328,152,47,39,0,\N,F,35,0,0,\N,\N,\N,\N,\N,\N,97
7292,329,102,1,27,1,1,1,1,9,45,1:20:47.164,4847164,\N,\N,\N,\N,1
7293,329,145,22,19,9,2,2,2,6,45,+6.520,4853684,\N,\N,\N,\N,1
7294,329,77,1,28,2,3,3,3,4,45,+8.553,4855717,\N,\N,\N,\N,1
7295,329,117,6,1,3,4,4,4,3,45,+45.270,4892434,\N,\N,\N,\N,1
7296,329,119,3,6,5,5,5,5,2,45,+48.028,4895192,\N,\N,\N,\N,1
7297,329,123,3,5,6,6,6,6,1,45,+1:21.491,4928655,\N,\N,\N,\N,1
7298,329,122,41,16,10,7,7,7,0,44,\N,\N,\N,\N,\N,\N,11
7299,329,118,32,11,16,8,8,8,0,44,\N,\N,\N,\N,\N,\N,11
7300,329,133,21,10,18,9,9,9,0,44,\N,\N,\N,\N,\N,\N,11
7301,329,78,27,25,22,10,10,10,0,43,\N,\N,\N,\N,\N,\N,12
7302,329,55,25,4,8,11,11,11,0,40,\N,\N,\N,\N,\N,\N,7
7303,329,109,46,36,25,\N,N,12,0,39,\N,\N,\N,\N,\N,\N,62
7304,329,103,33,29,12,\N,R,13,0,35,\N,\N,\N,\N,\N,\N,48
7305,329,88,33,30,11,\N,R,14,0,33,\N,\N,\N,\N,\N,\N,8
7306,329,138,25,3,13,\N,R,15,0,24,\N,\N,\N,\N,\N,\N,5
7307,329,137,22,20,7,\N,R,16,0,23,\N,\N,\N,\N,\N,\N,5
7308,329,94,18,23,15,\N,R,17,0,20,\N,\N,\N,\N,\N,\N,5
7309,329,148,46,35,26,\N,R,18,0,19,\N,\N,\N,\N,\N,\N,20
7310,329,95,6,2,4,\N,R,19,0,15,\N,\N,\N,\N,\N,\N,41
7311,329,127,41,15,14,\N,R,20,0,12,\N,\N,\N,\N,\N,\N,5
7312,329,101,34,7,21,\N,R,21,0,12,\N,\N,\N,\N,\N,\N,5
7313,329,105,21,9,19,\N,R,22,0,10,\N,\N,\N,\N,\N,\N,5
7314,329,151,32,12,20,\N,R,23,0,1,\N,\N,\N,\N,\N,\N,8
7315,329,131,34,8,17,\N,R,24,0,0,\N,\N,\N,\N,\N,\N,8
7316,329,139,35,21,23,\N,R,25,0,0,\N,\N,\N,\N,\N,\N,4
7317,329,112,27,26,24,\N,D,26,0,0,\N,\N,\N,\N,\N,\N,2
7318,329,129,45,14,0,\N,F,27,0,0,\N,\N,\N,\N,\N,\N,81
7319,329,147,18,24,0,\N,F,28,0,0,\N,\N,\N,\N,\N,\N,81
7320,329,114,39,18,0,\N,F,29,0,0,\N,\N,\N,\N,\N,\N,81
7321,329,110,35,22,0,\N,F,30,0,0,\N,\N,\N,\N,\N,\N,81
7322,329,99,39,17,0,\N,F,31,0,0,\N,\N,\N,\N,\N,\N,97
7323,329,90,44,33,0,\N,F,32,0,0,\N,\N,\N,\N,\N,\N,97
7324,329,92,42,31,0,\N,F,33,0,0,\N,\N,\N,\N,\N,\N,97
7325,329,149,44,34,0,\N,F,34,0,0,\N,\N,\N,\N,\N,\N,97
7326,329,152,47,39,0,\N,F,35,0,0,\N,\N,\N,\N,\N,\N,97
7327,330,123,3,5,1,1,1,1,9,77,1:49:30.597,6570597,\N,\N,\N,\N,1
7328,330,102,1,27,4,2,2,2,6,77,+0.288,6570885,\N,\N,\N,\N,1
7329,330,137,22,20,9,3,3,3,4,77,+27.893,6598490,\N,\N,\N,\N,1
7330,330,119,3,6,2,4,4,4,3,77,+31.833,6602430,\N,\N,\N,\N,1
7331,330,118,32,11,11,5,5,5,2,77,+1:14.244,6644841,\N,\N,\N,\N,1
7332,330,103,33,29,12,6,6,6,1,77,+1:24.308,6654905,\N,\N,\N,\N,1
7333,330,151,32,12,18,7,7,7,0,76,\N,\N,\N,\N,\N,\N,11
7334,330,127,41,15,17,8,8,8,0,76,\N,\N,\N,\N,\N,\N,11
7335,330,133,21,10,26,9,9,9,0,76,\N,\N,\N,\N,\N,\N,11
7336,330,139,35,21,13,10,10,10,0,76,\N,\N,\N,\N,\N,\N,11
7337,330,78,27,25,25,11,11,11,0,76,\N,\N,\N,\N,\N,\N,11
7338,330,105,21,9,22,12,12,12,0,75,\N,\N,\N,\N,\N,\N,12
7339,330,99,39,17,24,13,13,13,0,74,\N,\N,\N,\N,\N,\N,13
7340,330,112,27,26,21,14,14,14,0,74,\N,\N,\N,\N,\N,\N,13
7341,330,147,18,24,23,15,15,15,0,74,\N,\N,\N,\N,\N,\N,13
7342,330,77,1,28,3,16,16,16,0,72,\N,\N,\N,\N,\N,\N,4
7343,330,95,6,2,5,17,17,17,0,71,\N,\N,\N,\N,\N,\N,4
7344,330,145,22,19,7,\N,R,18,0,64,\N,\N,\N,\N,\N,\N,4
7345,330,122,41,16,16,\N,R,19,0,56,\N,\N,\N,\N,\N,\N,6
7346,330,88,33,30,19,\N,R,20,0,37,\N,\N,\N,\N,\N,\N,5
7347,330,117,6,1,8,\N,R,21,0,36,\N,\N,\N,\N,\N,\N,6
7348,330,55,25,4,6,\N,R,22,0,36,\N,\N,\N,\N,\N,\N,4
7349,330,131,34,8,20,\N,R,23,0,35,\N,\N,\N,\N,\N,\N,5
7350,330,94,18,23,14,\N,R,24,0,35,\N,\N,\N,\N,\N,\N,4
7351,330,110,35,22,10,\N,R,25,0,22,\N,\N,\N,\N,\N,\N,5
7352,330,138,25,3,15,\N,R,26,0,9,\N,\N,\N,\N,\N,\N,23
7353,330,114,39,18,0,\N,F,27,0,0,\N,\N,\N,\N,\N,\N,81
7354,330,101,34,7,0,\N,F,28,0,0,\N,\N,\N,\N,\N,\N,81
7355,330,109,46,36,0,\N,F,29,0,0,\N,\N,\N,\N,\N,\N,81
7356,330,148,46,35,0,\N,F,30,0,0,\N,\N,\N,\N,\N,\N,81
7357,330,129,45,14,0,\N,F,31,0,0,\N,\N,\N,\N,\N,\N,97
7358,330,92,42,31,0,\N,F,32,0,0,\N,\N,\N,\N,\N,\N,97
7359,330,90,44,33,0,\N,F,33,0,0,\N,\N,\N,\N,\N,\N,97
7360,330,149,44,34,0,\N,F,34,0,0,\N,\N,\N,\N,\N,\N,97
7361,330,152,47,39,0,\N,F,35,0,0,\N,\N,\N,\N,\N,\N,97
7362,331,102,1,27,1,1,1,1,9,44,1:26:31.997,5191997,\N,\N,\N,\N,1
7363,331,117,6,1,3,2,2,2,6,44,+3.550,5195547,\N,\N,\N,\N,1
7364,331,77,1,28,2,3,3,3,4,44,+28.462,5220459,\N,\N,\N,\N,1
7365,331,145,22,19,6,4,4,4,3,44,+49.337,5241334,\N,\N,\N,\N,1
7366,331,137,22,20,8,5,5,5,2,44,+1:29.650,5281647,\N,\N,\N,\N,1
7367,331,127,41,15,14,6,6,6,1,44,+1:48.851,5300848,\N,\N,\N,\N,1
7368,331,122,41,16,12,7,7,7,0,43,\N,\N,\N,\N,\N,\N,11
7369,331,55,25,4,9,8,8,8,0,43,\N,\N,\N,\N,\N,\N,11
7370,331,103,33,29,15,9,9,9,0,43,\N,\N,\N,\N,\N,\N,11
7371,331,133,21,10,19,10,10,10,0,43,\N,\N,\N,\N,\N,\N,11
7372,331,118,32,11,18,11,11,11,0,43,\N,\N,\N,\N,\N,\N,11
7373,331,151,32,12,22,12,12,12,0,43,\N,\N,\N,\N,\N,\N,11
7374,331,105,21,9,26,13,13,13,0,43,\N,\N,\N,\N,\N,\N,11
7375,331,78,27,25,21,14,14,14,0,42,\N,\N,\N,\N,\N,\N,12
7376,331,94,18,23,16,15,15,15,0,42,\N,\N,\N,\N,\N,\N,12
7377,331,129,45,14,23,16,16,16,0,42,\N,\N,\N,\N,\N,\N,12
7378,331,131,34,8,13,17,17,17,0,39,\N,\N,\N,\N,\N,\N,5
7379,331,101,34,7,24,\N,R,18,0,36,\N,\N,\N,\N,\N,\N,10
7380,331,110,35,22,20,\N,R,19,0,27,\N,\N,\N,\N,\N,\N,5
7381,331,123,3,5,4,\N,R,20,0,21,\N,\N,\N,\N,\N,\N,7
7382,331,95,6,2,5,\N,R,21,0,19,\N,\N,\N,\N,\N,\N,64
7383,331,119,3,6,7,\N,R,22,0,18,\N,\N,\N,\N,\N,\N,6
7384,331,139,35,21,17,\N,R,23,0,5,\N,\N,\N,\N,\N,\N,47
7385,331,138,25,3,10,\N,R,24,0,4,\N,\N,\N,\N,\N,\N,5
7386,331,88,33,30,11,\N,R,25,0,0,\N,\N,\N,\N,\N,\N,3
7387,331,147,18,24,25,\N,R,26,0,0,\N,\N,\N,\N,\N,\N,3
7388,331,112,27,26,0,\N,F,27,0,0,\N,\N,\N,\N,\N,\N,81
7389,331,99,39,17,0,\N,F,28,0,0,\N,\N,\N,\N,\N,\N,81
7390,331,114,39,18,0,\N,F,29,0,0,\N,\N,\N,\N,\N,\N,81
7391,331,92,42,31,0,\N,F,30,0,0,\N,\N,\N,\N,\N,\N,81
7392,331,90,44,33,0,\N,F,31,0,0,\N,\N,\N,\N,\N,\N,97
7393,331,149,44,34,0,\N,F,32,0,0,\N,\N,\N,\N,\N,\N,97
7394,331,152,47,39,0,\N,F,33,0,0,\N,\N,\N,\N,\N,\N,97
7395,332,102,1,27,1,1,1,1,9,53,1:17:57.878,4677878,\N,\N,\N,\N,1
7396,332,117,6,1,2,2,2,2,6,53,+6.054,4683932,\N,\N,\N,\N,1
7397,332,77,1,28,3,3,3,3,4,53,+7.404,4685282,\N,\N,\N,\N,1
7398,332,95,6,2,4,4,4,4,3,53,+56.219,4734097,\N,\N,\N,\N,1
7399,332,119,3,6,7,5,5,5,2,52,+1:25.274,4763152,\N,\N,\N,\N,1
7400,332,138,25,3,14,6,6,6,1,52,\N,\N,\N,\N,\N,\N,11
7401,332,137,22,20,9,7,7,7,0,52,\N,\N,\N,\N,\N,\N,11
7402,332,145,22,19,8,8,8,8,0,52,\N,\N,\N,\N,\N,\N,11
7403,332,133,21,10,21,9,9,9,0,51,\N,\N,\N,\N,\N,\N,12
7404,332,110,35,22,25,10,10,10,0,51,\N,\N,\N,\N,\N,\N,12
7405,332,78,27,25,26,11,11,11,0,51,\N,\N,\N,\N,\N,\N,12
7406,332,105,21,9,22,12,12,12,0,50,\N,\N,\N,\N,\N,\N,20
7407,332,112,27,26,20,13,13,13,0,50,\N,\N,\N,\N,\N,\N,13
7408,332,114,39,18,24,\N,N,14,0,45,\N,\N,\N,\N,\N,\N,62
7409,332,122,41,16,16,\N,R,15,0,36,\N,\N,\N,\N,\N,\N,5
7410,332,88,33,30,18,\N,R,16,0,36,\N,\N,\N,\N,\N,\N,10
7411,332,129,45,14,23,\N,R,17,0,27,\N,\N,\N,\N,\N,\N,67
7412,332,127,41,15,10,\N,R,18,0,24,\N,\N,\N,\N,\N,\N,5
7413,332,131,34,8,17,\N,R,19,0,21,\N,\N,\N,\N,\N,\N,5
7414,332,123,3,5,6,\N,R,20,0,18,\N,\N,\N,\N,\N,\N,22
7415,332,118,32,11,12,\N,R,21,0,15,\N,\N,\N,\N,\N,\N,8
7416,332,139,35,21,19,\N,R,22,0,14,\N,\N,\N,\N,\N,\N,20
7417,332,151,32,12,11,\N,R,23,0,13,\N,\N,\N,\N,\N,\N,5
7418,332,103,33,29,13,\N,R,24,0,10,\N,\N,\N,\N,\N,\N,8
7419,332,94,18,23,15,\N,R,25,0,7,\N,\N,\N,\N,\N,\N,22
7420,332,55,25,4,5,\N,R,26,0,4,\N,\N,\N,\N,\N,\N,20
7421,332,99,39,17,0,\N,F,27,0,0,\N,\N,\N,\N,\N,\N,81
7422,332,147,18,24,0,\N,F,28,0,0,\N,\N,\N,\N,\N,\N,81
7423,332,101,34,7,0,\N,F,29,0,0,\N,\N,\N,\N,\N,\N,81
7424,332,92,42,31,0,\N,F,30,0,0,\N,\N,\N,\N,\N,\N,81
7425,332,90,44,33,0,\N,F,31,0,0,\N,\N,\N,\N,\N,\N,97
7426,332,149,44,34,0,\N,F,32,0,0,\N,\N,\N,\N,\N,\N,97
7427,332,152,47,39,0,\N,F,33,0,0,\N,\N,\N,\N,\N,\N,97
7428,333,95,6,2,1,1,1,1,9,61,1:22:11.014,4931014,\N,\N,\N,\N,1
7429,333,102,1,27,3,2,2,2,6,61,+2.808,4933822,\N,\N,\N,\N,1
7430,333,117,6,1,2,3,3,3,4,61,+4.189,4935203,\N,\N,\N,\N,1
7431,333,77,1,28,4,4,4,4,3,61,+5.896,4936910,\N,\N,\N,\N,1
7432,333,137,22,20,6,5,5,5,2,61,+57.418,4988432,\N,\N,\N,\N,1
7433,333,145,22,19,9,6,6,6,1,61,+58.249,4989263,\N,\N,\N,\N,1
7434,333,119,3,6,5,7,7,7,0,60,\N,\N,\N,\N,\N,\N,11
7435,333,55,25,4,8,8,8,8,0,60,\N,\N,\N,\N,\N,\N,11
7436,333,105,21,9,19,9,9,9,0,60,\N,\N,\N,\N,\N,\N,11
7437,333,78,27,25,22,10,10,10,0,59,\N,\N,\N,\N,\N,\N,12
7438,333,94,18,23,16,11,11,11,0,59,\N,\N,\N,\N,\N,\N,12
7439,333,127,41,15,14,12,12,12,0,59,\N,\N,\N,\N,\N,\N,12
7440,333,133,21,10,17,13,13,13,0,58,\N,\N,\N,\N,\N,\N,3
7441,333,88,33,30,11,14,14,14,0,58,\N,\N,\N,\N,\N,\N,3
7442,333,139,35,21,13,15,15,15,0,58,\N,\N,\N,\N,\N,\N,13
7443,333,112,27,26,20,\N,R,16,0,52,\N,\N,\N,\N,\N,\N,3
7444,333,101,34,7,25,\N,R,17,0,52,\N,\N,\N,\N,\N,\N,6
7445,333,122,41,16,12,\N,R,18,0,51,\N,\N,\N,\N,\N,\N,5
7446,333,123,3,5,7,\N,R,19,0,30,\N,\N,\N,\N,\N,\N,5
7447,333,103,33,29,10,\N,R,20,0,24,\N,\N,\N,\N,\N,\N,6
7448,333,131,34,8,23,\N,R,21,0,21,\N,\N,\N,\N,\N,\N,6
7449,333,151,32,12,15,\N,R,22,0,14,\N,\N,\N,\N,\N,\N,91
7450,333,118,32,11,21,\N,R,23,0,5,\N,\N,\N,\N,\N,\N,37
7451,333,114,39,18,24,\N,R,24,0,3,\N,\N,\N,\N,\N,\N,86
7452,333,110,35,22,18,\N,R,25,0,0,\N,\N,\N,\N,\N,\N,20
7453,333,138,25,3,0,\N,W,26,0,0,\N,\N,\N,\N,\N,\N,54
7454,333,129,45,14,0,\N,F,27,0,0,\N,\N,\N,\N,\N,\N,81
7455,333,147,18,24,0,\N,F,28,0,0,\N,\N,\N,\N,\N,\N,81
7456,333,99,39,17,0,\N,F,29,0,0,\N,\N,\N,\N,\N,\N,81
7457,333,92,42,31,0,\N,F,30,0,0,\N,\N,\N,\N,\N,\N,81
7458,333,90,44,33,0,\N,F,31,0,0,\N,\N,\N,\N,\N,\N,97
7459,333,149,44,34,0,\N,F,32,0,0,\N,\N,\N,\N,\N,\N,97
7460,333,152,47,39,0,\N,F,33,0,0,\N,\N,\N,\N,\N,\N,97
7461,334,117,6,1,2,1,1,1,9,73,1:48:01.461,6481461,\N,\N,\N,\N,1
7462,334,95,6,2,3,2,2,2,6,73,+22.064,6503525,\N,\N,\N,\N,1
7463,334,145,22,19,9,3,3,3,4,73,+34.874,6516335,\N,\N,\N,\N,1
7464,334,123,3,5,7,4,4,4,3,73,+43.296,6524757,\N,\N,\N,\N,1
7465,334,119,3,6,6,5,5,5,2,73,+57.530,6538991,\N,\N,\N,\N,1
7466,334,88,33,30,15,6,6,6,1,73,+1:03.728,6545189,\N,\N,\N,\N,1
7467,334,78,27,25,20,7,7,7,0,72,\N,\N,\N,\N,\N,\N,11
7468,334,127,41,15,12,8,8,8,0,72,\N,\N,\N,\N,\N,\N,11
7469,334,114,39,18,23,9,9,9,0,72,\N,\N,\N,\N,\N,\N,11
7470,334,105,21,9,25,10,10,10,0,71,\N,\N,\N,\N,\N,\N,12
7471,334,118,32,11,10,\N,R,11,0,63,\N,\N,\N,\N,\N,\N,6
7472,334,122,41,16,19,\N,R,12,0,59,\N,\N,\N,\N,\N,\N,68
7473,334,77,1,28,5,\N,R,13,0,56,\N,\N,\N,\N,\N,\N,4
7474,334,102,1,27,1,\N,R,14,0,53,\N,\N,\N,\N,\N,\N,21
7475,334,137,22,20,8,\N,R,15,0,47,\N,\N,\N,\N,\N,\N,84
7476,334,110,35,22,17,\N,R,16,0,47,\N,\N,\N,\N,\N,\N,5
7477,334,129,45,14,21,\N,R,17,0,45,\N,\N,\N,\N,\N,\N,67
7478,334,94,18,23,11,\N,R,18,0,41,\N,\N,\N,\N,\N,\N,20
7479,334,112,27,26,13,\N,R,19,0,22,\N,\N,\N,\N,\N,\N,20
7480,334,103,33,29,18,\N,R,20,0,20,\N,\N,\N,\N,\N,\N,6
7481,334,138,25,3,14,\N,R,21,0,13,\N,\N,\N,\N,\N,\N,20
7482,334,99,39,17,22,\N,R,22,0,5,\N,\N,\N,\N,\N,\N,5
7483,334,131,34,8,24,\N,R,23,0,5,\N,\N,\N,\N,\N,\N,4
7484,334,55,25,4,4,\N,R,24,0,0,\N,\N,\N,\N,\N,\N,20
7485,334,139,35,21,16,\N,R,25,0,0,\N,\N,\N,\N,\N,\N,37
7486,334,151,32,12,0,\N,W,26,0,0,\N,\N,\N,\N,\N,\N,73
7487,334,101,34,7,0,\N,F,27,0,0,\N,\N,\N,\N,\N,\N,81
7488,334,147,18,24,0,\N,F,28,0,0,\N,\N,\N,\N,\N,\N,81
7489,334,146,21,10,0,\N,F,29,0,0,\N,\N,\N,\N,\N,\N,81
7490,334,92,42,31,0,\N,F,30,0,0,\N,\N,\N,\N,\N,\N,81
7491,334,90,44,33,0,\N,F,31,0,0,\N,\N,\N,\N,\N,\N,97
7492,334,149,44,34,0,\N,F,32,0,0,\N,\N,\N,\N,\N,\N,97
7493,334,152,47,39,0,\N,F,33,0,0,\N,\N,\N,\N,\N,\N,97
7494,335,137,22,20,6,1,1,1,9,53,1:34:36.824,5676824,\N,\N,\N,\N,1
7495,335,90,22,19,8,2,2,2,6,53,+7.223,5684047,\N,\N,\N,\N,1
7496,335,88,33,30,9,3,3,3,4,53,+22.469,5699293,\N,\N,\N,\N,1
7497,335,119,3,6,7,4,4,4,3,53,+36.258,5713082,\N,\N,\N,\N,1
7498,335,123,3,5,5,5,5,5,2,53,+46.884,5723708,\N,\N,\N,\N,1
7499,335,138,25,3,14,6,6,6,1,53,+1:12.350,5749174,\N,\N,\N,\N,1
7500,335,78,27,25,17,7,7,7,0,52,\N,\N,\N,\N,\N,\N,11
7501,335,94,18,23,10,8,8,8,0,52,\N,\N,\N,\N,\N,\N,11
7502,335,133,21,10,23,9,9,9,0,52,\N,\N,\N,\N,\N,\N,11
7503,335,112,27,26,25,10,10,10,0,52,\N,\N,\N,\N,\N,\N,11
7504,335,118,32,11,11,\N,R,11,0,38,\N,\N,\N,\N,\N,\N,6
7505,335,65,32,12,12,\N,R,12,0,31,\N,\N,\N,\N,\N,\N,5
7506,335,105,21,9,24,\N,R,13,0,28,\N,\N,\N,\N,\N,\N,5
7507,335,95,6,2,3,\N,R,14,0,26,\N,\N,\N,\N,\N,\N,7
7508,335,139,35,21,19,\N,R,15,0,24,\N,\N,\N,\N,\N,\N,91
7509,335,103,33,29,18,\N,R,16,0,24,\N,\N,\N,\N,\N,\N,5
7510,335,81,18,24,20,\N,R,17,0,18,\N,\N,\N,\N,\N,\N,20
7511,335,122,41,16,13,\N,R,18,0,16,\N,\N,\N,\N,\N,\N,80
7512,335,110,35,22,26,\N,R,19,0,13,\N,\N,\N,\N,\N,\N,20
7513,335,127,41,15,16,\N,R,20,0,5,\N,\N,\N,\N,\N,\N,5
7514,335,101,34,7,21,\N,R,21,0,5,\N,\N,\N,\N,\N,\N,8
7515,335,77,1,28,4,\N,R,22,0,1,\N,\N,\N,\N,\N,\N,20
7516,335,102,1,27,1,\N,R,23,0,0,\N,\N,\N,\N,\N,\N,4
7517,335,117,6,1,2,\N,R,24,0,0,\N,\N,\N,\N,\N,\N,4
7518,335,131,34,8,22,\N,R,25,0,0,\N,\N,\N,\N,\N,\N,4
7519,335,55,25,4,7,\N,W,26,0,0,\N,\N,\N,\N,\N,\N,54
7520,335,129,45,14,0,\N,F,27,0,0,\N,\N,\N,\N,\N,\N,81
7521,335,99,39,17,0,\N,F,28,0,0,\N,\N,\N,\N,\N,\N,81
7522,335,114,39,18,0,\N,F,29,0,0,\N,\N,\N,\N,\N,\N,81
7523,335,92,42,31,0,\N,F,30,0,0,\N,\N,\N,\N,\N,\N,81
7524,336,137,22,20,7,1,1,1,9,81,1:49:44.570,6584570,\N,\N,\N,\N,1
7525,336,95,6,2,3,2,2,2,6,81,+3.129,6587699,\N,\N,\N,\N,1
7526,336,117,6,1,4,3,3,3,4,81,+37.259,6621829,\N,\N,\N,\N,1
7527,336,77,1,28,2,4,4,4,3,81,+46.862,6631432,\N,\N,\N,\N,1
7528,336,123,3,5,9,5,5,5,2,81,+1:51.160,6695730,\N,\N,\N,\N,1
7529,336,119,3,6,6,6,6,6,1,80,\N,\N,\N,\N,\N,\N,11
7530,336,90,22,19,8,7,7,7,0,80,\N,\N,\N,\N,\N,\N,11
7531,336,55,25,4,5,8,8,8,0,80,\N,\N,\N,\N,\N,\N,11
7532,336,94,18,23,10,9,9,9,0,79,\N,\N,\N,\N,\N,\N,12
7533,336,78,27,25,12,10,10,10,0,79,\N,\N,\N,\N,\N,\N,12
7534,336,112,27,26,19,11,11,11,0,78,\N,\N,\N,\N,\N,\N,13
7535,336,131,34,8,17,12,12,12,0,77,\N,\N,\N,\N,\N,\N,14
7536,336,129,45,14,22,13,13,13,0,74,\N,\N,\N,\N,\N,\N,17
7537,336,139,35,21,21,\N,R,14,0,68,\N,\N,\N,\N,\N,\N,5
7538,336,102,1,27,1,\N,R,15,0,61,\N,\N,\N,\N,\N,\N,20
7539,336,99,39,17,26,\N,R,16,0,58,\N,\N,\N,\N,\N,\N,5
7540,336,65,32,12,18,\N,R,17,0,57,\N,\N,\N,\N,\N,\N,8
7541,336,138,25,3,13,\N,R,18,0,53,\N,\N,\N,\N,\N,\N,20
7542,336,122,41,16,14,\N,R,19,0,46,\N,\N,\N,\N,\N,\N,37
7543,336,118,32,11,11,\N,R,20,0,43,\N,\N,\N,\N,\N,\N,6
7544,336,127,41,15,16,\N,R,21,0,27,\N,\N,\N,\N,\N,\N,23
7545,336,110,35,22,15,\N,R,22,0,23,\N,\N,\N,\N,\N,\N,10
7546,336,103,33,29,23,\N,R,23,0,21,\N,\N,\N,\N,\N,\N,6
7547,336,81,18,24,20,\N,R,24,0,20,\N,\N,\N,\N,\N,\N,6
7548,336,101,34,7,25,\N,R,25,0,18,\N,\N,\N,\N,\N,\N,20
7549,336,88,33,30,24,\N,R,26,0,6,\N,\N,\N,\N,\N,\N,7
7550,336,105,21,9,0,\N,F,27,0,0,\N,\N,\N,\N,\N,\N,81
7551,336,114,39,18,0,\N,F,28,0,0,\N,\N,\N,\N,\N,\N,81
7552,336,133,21,10,0,\N,F,29,0,0,\N,\N,\N,\N,\N,\N,81
7553,336,92,42,31,0,\N,F,30,0,0,\N,\N,\N,\N,\N,\N,81
7554,1,18,23,22,1,1,1,1,10,58,1:34:15.784,5655784,17,3,1:28.020,216.891,1
7555,1,22,23,23,2,2,2,2,8,58,+0.807,5656591,43,14,1:29.066,214.344,1
7556,1,15,7,9,20,3,3,3,6,58,+1.604,5657388,50,10,1:28.916,214.706,1
7557,1,10,7,10,19,4,4,4,5,58,+4.435,5660219,53,6,1:28.416,215.92,1
7558,1,4,4,7,10,5,5,5,4,58,+4.879,5660663,53,9,1:28.712,215.199,1
7559,1,3,3,16,5,6,6,6,3,58,+5.722,5661506,48,1,1:27.706,217.668,1
7560,1,67,5,12,13,7,7,7,2,58,+6.004,5661788,34,16,1:29.230,213.95,1
7561,1,7,5,11,17,8,8,8,1,58,+6.298,5662082,50,17,1:29.823,212.537,1
7562,1,16,10,20,16,9,9,9,0,58,+6.335,5662119,43,11,1:28.943,214.64,1
7563,1,2,2,6,9,10,10,10,0,58,+7.085,5662869,48,5,1:28.283,216.245,1
7564,1,21,10,21,15,11,11,11,0,58,+7.374,5663158,51,12,1:29.005,214.491,1
7565,1,17,9,14,8,12,12,12,0,57,\N,\N,38,8,1:28.508,215.695,11
7566,1,20,9,15,3,13,13,13,0,56,\N,\N,8,4,1:28.140,216.596,4
7567,1,9,2,5,4,14,14,14,0,55,\N,\N,36,2,1:27.988,216.97,4
7568,1,8,6,4,7,15,15,15,0,55,\N,\N,35,7,1:28.488,215.744,24
7569,1,13,6,3,6,\N,R,16,0,45,\N,\N,30,15,1:29.141,214.164,22
7570,1,12,4,8,14,\N,R,17,0,24,\N,\N,17,19,1:30.502,210.943,20
7571,1,6,3,17,11,\N,R,18,0,17,\N,\N,6,18,1:29.923,212.301,3
7572,1,5,1,2,12,\N,R,19,0,0,\N,\N,\N,\N,\N,\N,4
7573,1,1,1,1,18,\N,D,20,0,58,+2.914,5658698,39,13,1:29.020,214.455,2
7574,2,18,23,22,1,1,1,1,5,31,55:30.622,3330622,18,1,1:36.641,206.483,1
7575,2,2,2,6,10,2,2,2,4,31,+22.722,3353344,17,10,1:39.084,201.392,1
7576,2,10,7,10,3,3,3,3,3,31,+23.513,3354135,18,16,1:39.406,200.74,1
7577,2,15,7,9,2,4,4,4,2.5,31,+46.173,3376795,12,3,1:37.591,204.473,1
7578,2,22,23,23,8,5,5,5,2,31,+47.360,3377982,17,2,1:37.484,204.698,1
7579,2,17,9,14,5,6,6,6,1.5,31,+52.333,3382955,14,5,1:37.672,204.304,1
7580,2,1,1,1,12,7,7,7,1,31,+60.733,3391355,17,11,1:39.141,201.276,1
7581,2,3,3,16,4,8,8,8,0.5,31,+71.576,3402198,13,4,1:37.598,204.459,1
7582,2,13,6,3,16,9,9,9,0,31,+76.932,3407554,17,13,1:39.250,201.055,1
7583,2,7,5,11,15,10,10,10,0,31,+102.164,3432786,17,12,1:39.242,201.072,1
7584,2,4,4,7,9,11,11,11,0,31,+109.422,3440044,17,9,1:39.006,201.551,11
7585,2,6,3,17,11,12,12,12,0,31,+116.130,3446752,17,15,1:39.387,200.778,11
7586,2,12,4,8,17,13,13,13,0,31,+116.713,3447335,18,14,1:39.268,201.019,11
7587,2,8,6,4,7,14,14,14,0,31,+142.841,3473463,17,7,1:38.453,202.683,11
7588,2,20,9,15,13,15,15,15,0,30,\N,\N,10,6,1:38.427,202.737,20
7589,2,67,5,12,20,16,16,16,0,30,\N,\N,16,8,1:38.938,201.689,20
7590,2,16,10,20,19,17,17,17,0,30,\N,\N,17,18,1:39.464,200.623,11
7591,2,21,10,21,18,18,18,18,0,29,\N,\N,16,17,1:39.407,200.738,20
7592,2,9,2,5,6,\N,R,19,0,1,\N,\N,\N,\N,\N,\N,5
7593,2,5,1,2,14,\N,R,20,0,0,\N,\N,\N,\N,\N,\N,20
7594,3,20,9,15,1,1,1,1,10,56,1:57:43.485,7063485,42,2,1:52.627,174.235,1
7595,3,17,9,14,3,2,2,2,8,56,+10.970,7074455,42,4,1:52.980,173.69,1
7596,3,18,23,22,5,3,3,3,6,56,+44.975,7108460,44,6,1:53.546,172.825,1
7597,3,22,23,23,4,4,4,4,5,56,+63.704,7127189,42,1,1:52.592,174.289,1
7598,3,5,1,2,12,5,5,5,4,56,+65.102,7128587,41,10,1:54.516,171.361,1
7599,3,1,1,1,9,6,6,6,3,56,+71.866,7135351,39,12,1:54.665,171.138,1
7600,3,10,7,10,19,7,7,7,2,56,+74.476,7137961,42,3,1:52.703,174.117,1
7601,3,67,5,12,10,8,8,8,1,56,+76.439,7139924,42,11,1:54.590,171.25,1
7602,3,4,4,7,2,9,9,9,0,56,+84.309,7147794,38,9,1:54.481,171.413,1
7603,3,8,6,4,8,10,10,10,0,56,+91.750,7155235,38,15,1:55.396,170.054,1
7604,3,7,5,11,15,11,11,11,0,56,+94.156,7157641,43,5,1:53.474,172.934,1
7605,3,2,2,6,11,12,12,12,0,56,+95.834,7159319,40,7,1:54.158,171.898,1
7606,3,9,2,5,17,13,13,13,0,56,+106.853,7170338,44,14,1:55.350,170.122,1
7607,3,21,10,21,20,14,14,14,0,55,\N,\N,37,18,1:56.239,168.821,11
7608,3,3,3,16,7,15,15,15,0,55,\N,\N,55,8,1:54.243,171.77,11
7609,3,12,4,8,16,16,16,16,0,54,\N,\N,42,16,1:55.535,169.849,12
7610,3,16,10,20,18,17,17,17,0,50,\N,\N,41,13,1:54.777,170.971,20
7611,3,6,3,17,14,\N,R,18,0,43,\N,\N,38,17,1:56.167,168.925,31
7612,3,13,6,3,13,\N,R,19,0,20,\N,\N,16,19,1:56.484,168.466,40
7613,3,15,7,9,6,\N,R,20,0,18,\N,\N,14,20,2:00.330,163.081,4
7614,4,18,23,22,4,1,1,1,10,57,1:31:48.182,5508182,11,3,1:34.588,205.979,1
7615,4,20,9,15,3,2,2,2,8,57,+7.187,5515369,16,4,1:34.756,205.614,1
7616,4,15,7,9,1,3,3,3,6,57,+9.170,5517352,10,1,1:34.556,206.049,1
7617,4,1,1,1,5,4,4,4,5,57,+22.096,5530278,13,6,1:34.915,205.269,1
7618,4,22,23,23,6,5,5,5,4,57,+37.779,5545961,25,5,1:34.901,205.3,1
7619,4,8,6,4,10,6,6,6,3,57,+42.057,5550239,42,11,1:35.498,204.016,1
7620,4,10,7,10,2,7,7,7,2,57,+42.880,5551062,6,2,1:34.574,206.01,1
7621,4,4,4,7,7,8,8,8,1,57,+52.775,5560957,29,14,1:35.722,203.539,1
7622,4,3,3,16,9,9,9,9,0,57,+58.198,5566380,37,15,1:35.816,203.339,1
7623,4,12,4,8,15,10,10,10,0,57,+65.149,5573331,37,10,1:35.441,204.138,1
7624,4,17,9,14,18,11,11,11,0,57,+67.641,5575823,50,8,1:35.165,204.73,1
7625,4,5,1,2,11,12,12,12,0,57,+77.824,5586006,54,12,1:35.520,203.969,1
7626,4,7,5,11,20,13,13,13,0,57,+78.805,5586987,30,9,1:35.410,204.205,1
7627,4,13,6,3,8,14,14,14,0,56,\N,\N,41,7,1:35.065,204.946,11
7628,4,21,10,21,17,15,15,15,0,56,\N,\N,9,19,1:36.376,202.158,11
7629,4,16,10,20,19,16,16,16,0,56,\N,\N,28,18,1:36.219,202.488,11
7630,4,67,5,12,16,17,17,17,0,56,\N,\N,38,20,1:36.473,201.954,11
7631,4,9,2,5,13,18,18,18,0,56,\N,\N,50,13,1:35.706,203.573,11
7632,4,2,2,6,14,19,19,19,0,56,\N,\N,52,16,1:35.924,203.11,11
7633,4,6,3,17,12,\N,R,20,0,48,\N,\N,39,17,1:36.153,202.627,51
7634,5,18,23,22,1,1,1,1,10,66,1:37:19.202,5839202,17,2,1:22.899,202.149,1
7635,5,22,23,23,3,2,2,2,8,66,+13.056,5852258,28,1,1:22.762,202.484,1
7636,5,17,9,14,5,3,3,3,6,66,+13.924,5853126,18,5,1:23.112,201.631,1
7637,5,20,9,15,2,4,4,4,5,66,+18.941,5858143,41,4,1:23.090,201.684,1
7638,5,4,4,7,8,5,5,5,4,66,+43.166,5882368,14,6,1:23.420,200.887,1
7639,5,13,6,3,4,6,6,6,3,66,+50.827,5890029,14,3,1:23.089,201.687,1
7640,5,2,2,6,13,7,7,7,2,66,+52.312,5891514,29,10,1:23.878,199.79,1
7641,5,3,3,16,9,8,8,8,1,66,+65.211,5904413,24,7,1:23.621,200.404,1
7642,5,1,1,1,14,9,9,9,0,65,\N,\N,29,9,1:23.839,199.883,11
7643,5,10,7,10,6,10,10,10,0,65,\N,\N,44,12,1:24.134,199.182,11
7644,5,9,2,5,10,11,11,11,0,65,\N,\N,26,11,1:24.078,199.314,11
7645,5,12,4,8,12,12,12,12,0,65,\N,\N,41,14,1:24.286,198.823,11
7646,5,6,3,17,11,13,13,13,0,65,\N,\N,38,13,1:24.155,199.132,11
7647,5,21,10,21,20,14,14,14,0,65,\N,\N,63,8,1:23.796,199.985,11
7648,5,8,6,4,16,\N,R,15,0,17,\N,\N,16,15,1:24.490,198.342,9
7649,5,5,1,2,18,\N,R,16,0,7,\N,\N,6,16,1:28.719,188.888,6
7650,5,15,7,9,7,\N,R,17,0,0,\N,\N,\N,\N,\N,\N,4
7651,5,67,5,12,15,\N,R,18,0,0,\N,\N,\N,\N,\N,\N,4
7652,5,7,5,11,17,\N,R,19,0,0,\N,\N,\N,\N,\N,\N,4
7653,5,16,10,20,19,\N,R,20,0,0,\N,\N,\N,\N,\N,\N,4
7654,6,18,23,22,1,1,1,1,10,78,1:40:44.282,6044282,49,2,1:15.190,159.914,1
7655,6,22,23,23,3,2,2,2,8,78,+7.666,6051948,46,7,1:15.685,158.868,1
7656,6,8,6,4,2,3,3,3,6,78,+13.442,6057724,47,5,1:15.382,159.507,1
7657,6,13,6,3,5,4,4,4,5,78,+15.110,6059392,50,1,1:15.154,159.991,1
7658,6,17,9,14,8,5,5,5,4,78,+15.730,6060012,45,3,1:15.321,159.636,1
7659,6,3,3,16,6,6,6,6,3,78,+33.586,6077868,48,9,1:15.772,158.686,1
7660,6,4,4,7,9,7,7,7,2,78,+37.839,6082121,64,4,1:15.371,159.53,1
7661,6,7,5,11,14,8,8,8,1,78,+63.142,6107424,47,13,1:16.178,157.84,1
7662,6,21,10,21,13,9,9,9,0,78,+65.040,6109322,74,16,1:16.419,157.343,1
7663,6,10,7,10,20,10,10,10,0,77,\N,\N,72,12,1:16.066,158.073,11
7664,6,2,2,6,16,11,11,11,0,77,\N,\N,49,15,1:16.268,157.654,11
7665,6,1,1,1,19,12,12,12,0,77,\N,\N,65,8,1:15.706,158.824,11
7666,6,15,7,9,18,13,13,13,0,77,\N,\N,57,11,1:16.011,158.187,11
7667,6,16,10,20,15,14,14,14,0,77,\N,\N,66,14,1:16.245,157.702,11
7668,6,6,3,17,10,15,15,15,0,76,\N,\N,73,10,1:15.792,158.644,3
7669,6,5,1,2,7,\N,R,16,0,51,\N,\N,48,6,1:15.672,158.896,3
7670,6,9,2,5,17,\N,R,17,0,28,\N,\N,25,17,1:17.558,155.032,23
7671,6,20,9,15,4,\N,R,18,0,15,\N,\N,15,18,1:17.634,154.88,3
7672,6,12,4,8,12,\N,R,19,0,10,\N,\N,7,19,1:18.514,153.144,4
7673,6,67,5,12,11,\N,R,20,0,10,\N,\N,7,20,1:18.582,153.012,4
7674,7,18,23,22,2,1,1,1,10,58,1:26:24.848,5184848,40,1,1:27.579,219.422,1
7675,7,17,9,14,4,2,2,2,8,58,+6.714,5191562,42,3,1:27.809,218.847,1
7676,7,20,9,15,1,3,3,3,6,58,+7.461,5192309,51,2,1:27.622,219.314,1
7677,7,15,7,9,5,4,4,4,5,58,+27.843,5212691,40,4,1:27.868,218.7,1
7678,7,3,3,16,9,5,5,5,4,58,+31.539,5216387,36,11,1:28.222,217.823,1
7679,7,13,6,3,7,6,6,6,3,58,+39.996,5224844,41,9,1:28.176,217.936,1
7680,7,9,2,5,10,7,7,7,2,58,+46.247,5231095,58,7,1:28.008,218.352,1
7681,7,10,7,10,13,8,8,8,1,58,+46.959,5231807,56,5,1:27.883,218.663,1
7682,7,8,6,4,6,9,9,9,0,58,+50.246,5235094,58,8,1:28.061,218.221,1
7683,7,4,4,7,8,10,10,10,0,58,+62.420,5247268,57,13,1:28.389,217.411,1
7684,7,2,2,6,11,11,11,11,0,58,+64.327,5249175,43,10,1:28.214,217.842,1
7685,7,6,3,17,12,12,12,12,0,58,+66.376,5251224,58,6,1:27.988,218.402,1
7686,7,1,1,1,16,13,13,13,0,58,+80.454,5265302,53,15,1:28.562,216.986,1
7687,7,5,1,2,14,14,14,14,0,57,\N,\N,41,18,1:29.174,215.497,11
7688,7,67,5,12,18,15,15,15,0,57,\N,\N,57,16,1:28.624,216.835,11
7689,7,12,4,8,17,16,16,16,0,57,\N,\N,45,12,1:28.340,217.532,11
7690,7,16,10,20,15,17,17,17,0,57,\N,\N,55,19,1:29.192,215.454,11
7691,7,7,5,11,20,18,18,18,0,57,\N,\N,53,17,1:29.022,215.865,11
7692,7,22,23,23,3,\N,R,19,0,47,\N,\N,37,14,1:28.526,217.075,6
7693,7,21,10,21,19,\N,R,20,0,4,\N,\N,3,20,1:34.070,204.281,23
7694,8,20,9,15,1,1,1,1,10,60,1:22:49.328,4969328,16,1,1:20.735,229.238,1
7695,8,17,9,14,3,2,2,2,8,60,+15.188,4984516,57,2,1:20.915,228.728,1
7696,8,22,23,23,2,3,3,3,6,60,+41.175,5010503,18,5,1:21.429,227.285,1
7697,8,13,6,3,11,4,4,4,5,60,+45.043,5014371,22,6,1:21.509,227.062,1
7698,8,3,3,16,7,5,5,5,4,60,+45.915,5015243,17,3,1:21.054,228.336,1
7699,8,18,23,22,6,6,6,6,3,60,+46.285,5015613,54,4,1:21.189,227.956,1
7700,8,15,7,9,4,7,7,7,2,60,+68.307,5037635,17,9,1:21.806,226.237,1
7701,8,8,6,4,9,8,8,8,1,60,+69.622,5038950,14,7,1:21.656,226.653,1
7702,8,10,7,10,8,9,9,9,0,60,+69.823,5039151,51,8,1:21.671,226.611,1
7703,8,21,10,21,16,10,10,10,0,60,+71.522,5040850,20,10,1:21.810,226.226,1
7704,8,6,3,17,5,11,11,11,0,60,+74.023,5043351,14,11,1:21.845,226.129,1
7705,8,12,4,8,14,12,12,12,0,59,\N,\N,25,17,1:22.505,224.32,11
7706,8,9,2,5,12,13,13,13,0,59,\N,\N,41,14,1:22.182,225.202,11
7707,8,4,4,7,10,14,14,14,0,59,\N,\N,36,12,1:21.852,226.11,11
7708,8,2,2,6,15,15,15,15,0,59,\N,\N,59,13,1:21.956,225.823,11
7709,8,1,1,1,18,16,16,16,0,59,\N,\N,24,18,1:22.576,224.128,11
7710,8,16,10,20,20,17,17,17,0,59,\N,\N,50,20,1:23.475,221.714,11
7711,8,67,5,12,19,18,18,18,0,59,\N,\N,24,19,1:22.711,223.762,11
7712,8,7,5,11,17,\N,R,19,0,37,\N,\N,26,16,1:22.466,224.427,4
7713,8,5,1,2,13,\N,R,20,0,36,\N,\N,32,15,1:22.418,224.557,4
7714,9,17,9,14,1,1,1,1,10,60,1:36:43.310,5803310,37,3,1:34.003,197.151,1
7715,9,20,9,15,4,2,2,2,8,60,+9.252,5812562,42,4,1:34.089,196.97,1
7716,9,13,6,3,8,3,3,3,6,60,+15.906,5819216,53,8,1:34.458,196.201,1
7717,9,3,3,16,15,4,4,4,5,60,+21.099,5824409,50,7,1:34.403,196.315,1
7718,9,18,23,22,3,5,5,5,4,60,+23.609,5826919,53,6,1:34.252,196.63,1
7719,9,22,23,23,2,6,6,6,3,60,+24.468,5827778,54,11,1:34.676,195.749,1
7720,9,4,4,7,12,7,7,7,2,60,+24.888,5828198,49,1,1:33.365,198.498,1
7721,9,5,1,2,6,8,8,8,1,60,+58.692,5862002,59,17,1:35.524,194.011,1
7722,9,10,7,10,20,9,9,9,0,60,+61.457,5864767,40,16,1:35.369,194.327,1
7723,9,2,2,6,11,10,10,10,0,60,+61.925,5865235,42,10,1:34.559,195.991,1
7724,9,21,10,21,18,11,11,11,0,60,+62.327,5865637,54,13,1:35.301,194.465,1
7725,9,6,3,17,13,12,12,12,0,60,+62.876,5866186,49,5,1:34.238,196.659,1
7726,9,12,4,8,10,13,13,13,0,60,+68.328,5871638,46,12,1:34.876,195.337,1
7727,9,9,2,5,16,14,14,14,0,60,+69.555,5872865,47,9,1:34.537,196.037,1
7728,9,16,10,20,7,15,15,15,0,60,+71.941,5875251,43,14,1:35.366,194.333,1
7729,9,67,5,12,17,16,16,16,0,60,+90.225,5893535,24,19,1:36.279,192.49,1
7730,9,15,7,9,14,17,17,17,0,60,+90.970,5894280,52,2,1:33.654,197.885,1
7731,9,1,1,1,5,18,18,18,0,59,\N,\N,46,15,1:35.367,194.331,11
7732,9,8,6,4,9,\N,R,19,0,34,\N,\N,4,18,1:36.080,192.889,5
7733,9,7,5,11,19,\N,R,20,0,18,\N,\N,10,20,1:37.498,190.083,9
7734,10,1,1,1,4,1,1,1,10,70,1:38:23.876,5903876,16,4,1:22.479,191.219,1
7735,10,8,6,4,7,2,2,2,8,70,+11.529,5915405,70,2,1:22.434,191.323,1
7736,10,17,9,14,3,3,3,3,6,70,+16.886,5920762,65,1,1:21.931,192.498,1
7737,10,3,3,16,5,4,4,4,5,70,+26.967,5930843,65,3,1:22.468,191.245,1
7738,10,5,1,2,6,5,5,5,4,70,+34.392,5938268,63,8,1:22.958,190.115,1
7739,10,10,7,10,13,6,6,6,3,70,+35.237,5939113,63,5,1:22.506,191.157,1
7740,10,18,23,22,8,7,7,7,2,70,+55.088,5958964,57,6,1:22.706,190.694,1
7741,10,15,7,9,11,8,8,8,1,70,+68.172,5972048,65,13,1:23.261,189.423,1
7742,10,6,3,17,9,9,9,9,0,70,+68.774,5972650,55,11,1:23.180,189.608,1
7743,10,22,23,23,12,10,10,10,0,70,+69.256,5973132,55,9,1:23.024,189.964,1
7744,10,2,2,6,15,11,11,11,0,70,+70.612,5974488,65,14,1:23.282,189.375,1
7745,10,12,4,8,14,12,12,12,0,70,+71.512,5975388,65,15,1:23.418,189.067,1
7746,10,9,2,5,18,13,13,13,0,70,+74.046,5977922,65,12,1:23.224,189.507,1
7747,10,21,10,21,16,14,14,14,0,69,\N,\N,40,10,1:23.174,189.621,11
7748,10,153,5,11,19,15,15,15,0,69,\N,\N,69,16,1:23.444,189.008,11
7749,10,67,5,12,10,16,16,16,0,69,\N,\N,69,7,1:22.955,190.122,11
7750,10,20,9,15,2,\N,R,17,0,29,\N,\N,18,17,1:23.457,188.978,22
7751,10,4,4,7,1,\N,R,18,0,15,\N,\N,4,18,1:23.529,188.815,36
7752,10,16,10,20,17,\N,R,19,0,1,\N,\N,\N,\N,\N,\N,25
7753,10,13,6,3,0,\N,W,20,0,0,\N,\N,\N,\N,\N,\N,54
7754,11,22,23,23,3,1,1,1,10,57,1:35:51.289,5751289,39,3,1:38.990,197.074,1
7755,11,1,1,1,1,2,2,2,8,57,+2.358,5753647,57,4,1:39.056,196.943,1
7756,11,8,6,4,6,3,3,3,6,57,+15.994,5767283,39,5,1:39.207,196.643,1
7757,11,5,1,2,2,4,4,4,5,57,+20.032,5771321,56,7,1:39.341,196.378,1
7758,11,3,3,16,7,5,5,5,4,57,+20.870,5772159,52,6,1:39.329,196.401,1
7759,11,4,4,7,8,6,6,6,3,57,+27.744,5779033,46,10,1:39.494,196.076,1
7760,11,18,23,22,5,7,7,7,2,57,+34.913,5786202,46,2,1:38.874,197.305,1
7761,11,9,2,5,10,8,8,8,1,57,+36.667,5787956,55,8,1:39.374,196.312,1
7762,11,17,9,14,9,9,9,9,0,57,+44.910,5796199,50,11,1:39.528,196.009,1
7763,11,16,10,20,12,10,10,10,0,57,+47.935,5799224,36,12,1:39.622,195.824,1
7764,11,2,2,6,11,11,11,11,0,57,+48.822,5800111,53,13,1:39.704,195.663,1
7765,11,21,10,21,16,12,12,12,0,57,+63.614,5814903,53,17,1:40.111,194.867,1
7766,11,15,7,9,18,13,13,13,0,57,+64.527,5815816,52,15,1:39.941,195.199,1
7767,11,10,7,10,13,14,14,14,0,57,+86.519,5837808,55,1,1:38.683,197.687,1
7768,11,154,4,8,14,15,15,15,0,57,+91.774,5843063,41,9,1:39.428,196.206,1
7769,11,153,5,11,19,16,16,16,0,56,\N,\N,29,19,1:40.935,193.276,11
7770,11,69,6,3,20,17,17,17,0,56,\N,\N,52,18,1:40.590,193.939,11
7771,11,6,3,17,17,18,18,18,0,54,\N,\N,53,14,1:39.747,195.578,13
7772,11,67,5,12,15,\N,R,19,0,41,\N,\N,37,20,1:41.042,193.072,23
7773,11,20,9,15,4,\N,R,20,0,23,\N,\N,13,16,1:39.992,195.099,5
7774,12,8,6,4,6,1,1,1,10,44,1:23:50.995,5030995,42,4,1:47.674,234.173,1
7775,12,21,10,21,1,2,2,2,8,44,+0.939,5031934,43,6,1:47.737,234.036,1
7776,12,20,9,15,8,3,3,3,6,44,+3.875,5034870,38,1,1:47.263,235.07,1
7777,12,9,2,5,5,4,4,4,5,44,+9.966,5040961,41,3,1:47.664,234.195,1
7778,12,2,2,6,3,5,5,5,4,44,+11.276,5042271,35,2,1:47.371,234.834,1
7779,12,5,1,2,15,6,6,6,3,44,+32.763,5063758,24,13,1:48.348,232.716,1
7780,12,22,23,23,4,7,7,7,2,44,+35.461,5066456,37,12,1:48.257,232.912,1
7781,12,3,3,16,10,8,8,8,1,44,+36.208,5067203,41,8,1:47.766,233.973,1
7782,12,17,9,14,9,9,9,9,0,44,+36.959,5067954,39,9,1:47.783,233.936,1
7783,12,10,7,10,7,10,10,10,0,44,+41.490,5072485,40,5,1:47.736,234.038,1
7784,12,16,10,20,11,11,11,11,0,44,+42.636,5073631,42,10,1:47.859,233.771,1
7785,12,67,5,12,16,12,12,12,0,44,+46.106,5077101,42,7,1:47.763,233.98,1
7786,12,6,3,17,18,13,13,13,0,44,+54.241,5085236,42,11,1:48.205,233.024,1
7787,12,69,6,3,20,14,14,14,0,44,+102.177,5133172,41,15,1:49.803,229.633,1
7788,12,4,4,7,13,\N,R,15,0,26,\N,\N,23,14,1:48.634,232.104,31
7789,12,15,7,9,2,\N,R,16,0,21,\N,\N,16,16,1:50.029,229.161,23
7790,12,18,23,22,14,\N,R,17,0,0,\N,\N,\N,\N,\N,\N,4
7791,12,154,4,8,19,\N,R,18,0,0,\N,\N,\N,\N,\N,\N,4
7792,12,1,1,1,12,\N,R,19,0,0,\N,\N,\N,\N,\N,\N,4
7793,12,153,5,11,17,\N,R,20,0,0,\N,\N,\N,\N,\N,\N,4
7794,13,22,23,23,5,1,1,1,10,53,1:16:21.706,4581706,48,5,1:24.967,245.445,1
7795,13,18,23,22,6,2,2,2,8,53,+2.866,4584572,46,4,1:24.935,245.538,1
7796,13,8,6,4,3,3,3,3,6,53,+30.664,4612370,36,2,1:24.761,246.042,1
7797,13,16,10,20,2,4,4,4,5,53,+31.131,4612837,36,1,1:24.739,246.106,1
7798,13,4,4,7,8,5,5,5,4,53,+59.182,4640888,50,8,1:25.199,244.777,1
7799,13,5,1,2,4,6,6,6,3,53,+60.693,4642399,51,6,1:25.109,245.036,1
7800,13,2,2,6,15,7,7,7,2,53,+82.412,4664118,30,9,1:25.488,243.95,1
7801,13,20,9,15,9,8,8,8,1,53,+85.407,4667113,50,7,1:25.194,244.791,1
7802,13,21,6,3,14,9,9,9,0,53,+86.856,4668562,28,10,1:25.498,243.921,1
7803,13,6,3,17,17,10,10,10,0,53,+162.163,4743869,51,16,1:25.976,242.565,1
7804,13,10,7,10,16,11,11,11,0,53,+163.925,4745631,50,14,1:25.751,243.201,1
7805,13,1,1,1,1,12,12,12,0,52,\N,\N,52,3,1:24.802,245.923,3
7806,13,67,5,12,19,13,13,13,0,52,\N,\N,50,11,1:25.564,243.733,11
7807,13,15,7,9,11,14,14,14,0,52,\N,\N,49,13,1:25.700,243.346,11
7808,13,154,4,8,12,15,15,15,0,52,\N,\N,51,12,1:25.609,243.605,11
7809,13,3,3,16,18,16,16,16,0,51,\N,\N,50,15,1:25.901,242.777,12
7810,13,24,10,21,7,\N,R,17,0,22,\N,\N,22,17,1:26.041,242.382,7
7811,13,153,5,11,20,\N,R,18,0,19,\N,\N,17,19,1:27.846,237.401,31
7812,13,9,2,5,13,\N,R,19,0,15,\N,\N,12,18,1:27.819,237.474,44
7813,13,17,9,14,10,\N,R,20,0,0,\N,\N,\N,\N,\N,\N,4
7814,14,1,1,1,1,1,1,1,10,61,1:56:06.337,6966337,36,2,1:48.345,168.561,1
7815,14,10,7,10,6,2,2,2,8,61,+9.634,6975971,34,6,1:48.396,168.482,1
7816,14,4,4,7,5,3,3,3,6,61,+16.624,6982961,53,1,1:48.240,168.725,1
7817,14,20,9,15,2,4,4,4,5,61,+20.261,6986598,10,7,1:48.398,168.479,1
7818,14,18,23,22,11,5,5,5,4,61,+30.015,6996352,54,4,1:48.369,168.524,1
7819,14,22,23,23,9,6,6,6,3,61,+31.858,6998195,50,8,1:48.598,168.168,1
7820,14,5,1,2,8,7,7,7,2,61,+36.157,7002494,36,11,1:49.283,167.114,1
7821,14,9,2,5,7,8,8,8,1,61,+55.054,7021391,44,10,1:48.847,167.784,1
7822,14,6,3,17,10,9,9,9,0,61,+56.054,7022391,45,13,1:49.371,166.98,1
7823,14,8,6,4,12,10,10,10,0,61,+58.892,7025229,54,5,1:48.391,168.49,1
7824,14,3,3,16,3,11,11,11,0,61,+59.777,7026114,9,3,1:48.352,168.55,1
7825,14,15,7,9,14,12,12,12,0,61,+73.009,7039346,54,9,1:48.816,167.831,1
7826,14,21,6,3,17,13,13,13,0,61,+79.890,7046227,49,14,1:49.417,166.91,1
7827,14,24,10,21,19,14,14,14,0,61,+93.502,7059839,48,15,1:49.852,166.249,1
7828,14,153,5,11,16,\N,R,15,0,47,\N,\N,32,18,1:52.483,162.36,23
7829,14,67,5,12,13,\N,R,16,0,47,\N,\N,17,16,1:50.636,165.071,6
7830,14,17,9,14,4,\N,R,17,0,45,\N,\N,35,12,1:49.319,167.059,23
7831,14,16,10,20,15,\N,R,18,0,23,\N,\N,15,19,1:52.623,162.158,4
7832,14,2,2,6,20,\N,R,19,0,19,\N,\N,18,17,1:51.346,164.018,4
7833,14,154,4,8,18,\N,R,20,0,3,\N,\N,2,20,1:57.192,155.836,23
7834,15,20,9,15,1,1,1,1,10,53,1:28:20.443,5300443,43,2,1:32.572,225.826,1
7835,15,15,7,9,2,2,2,2,8,53,+4.877,5305320,38,4,1:33.152,224.42,1
7836,15,1,1,1,3,3,3,3,6,53,+6.472,5306915,13,6,1:33.259,224.162,1
7837,15,8,6,4,5,4,4,4,5,53,+7.940,5308383,33,3,1:32.999,224.789,1
7838,15,3,3,16,7,5,5,5,4,53,+8.793,5309236,43,9,1:33.595,223.358,1
7839,15,2,2,6,4,6,6,6,3,53,+9.509,5309952,13,10,1:33.600,223.346,1
7840,15,22,23,23,6,7,7,7,2,53,+10.641,5311084,17,13,1:33.910,222.608,1
7841,15,18,23,22,10,8,8,8,1,53,+11.474,5311917,42,5,1:33.251,224.182,1
7842,15,9,2,5,9,9,9,9,0,53,+11.777,5312220,44,7,1:33.334,223.982,1
7843,15,4,4,7,16,10,10,10,0,53,+13.065,5313508,28,14,1:33.946,222.523,1
7844,15,5,1,2,11,11,11,11,0,53,+13.735,5314178,35,12,1:33.801,222.867,1
7845,15,21,6,3,14,12,12,12,0,53,+14.596,5315039,33,8,1:33.479,223.635,1
7846,15,16,10,20,8,13,13,13,0,53,+14.959,5315402,36,11,1:33.668,223.184,1
7847,15,24,10,21,18,14,14,14,0,53,+15.734,5316177,36,16,1:34.294,221.702,1
7848,15,6,3,17,15,15,15,15,0,53,+17.973,5318416,26,18,1:34.783,220.558,1
7849,15,154,4,8,17,16,16,16,0,52,\N,\N,39,17,1:34.643,220.884,11
7850,15,17,9,14,19,17,17,17,0,51,\N,\N,50,1,1:32.569,225.833,12
7851,15,153,5,11,12,\N,R,18,0,43,\N,\N,34,15,1:34.049,222.279,3
7852,15,67,5,12,13,\N,R,19,0,11,\N,\N,5,19,1:35.392,219.15,8
7853,15,10,7,10,20,\N,W,20,0,0,\N,\N,\N,\N,\N,\N,73
7854,16,17,9,14,2,1,1,1,10,71,1:32:23.081,5543081,25,1,1:13.733,210.386,1
7855,16,9,2,5,8,2,2,2,8,71,+7.626,5550707,38,4,1:14.155,209.188,1
7856,16,1,1,1,17,3,3,3,6,71,+18.944,5562025,59,6,1:14.345,208.654,1
7857,16,20,9,15,15,4,4,4,5,71,+19.652,5562733,59,2,1:13.890,209.939,1
7858,16,18,23,22,14,5,5,5,4,71,+29.005,5572086,46,7,1:14.353,208.631,1
7859,16,8,6,4,5,6,6,6,3,71,+33.340,5576421,47,9,1:14.558,208.058,1
7860,16,67,5,12,6,7,7,7,2,71,+35.991,5579072,58,10,1:14.563,208.044,1
7861,16,22,23,23,1,8,8,8,1,71,+45.454,5588535,20,3,1:13.950,209.768,1
7862,16,5,1,2,16,9,9,9,0,71,+73.499,5616580,68,5,1:14.303,208.772,1
7863,16,155,7,10,11,10,10,10,0,71,+63.324,5606405,71,11,1:14.676,207.729,1
7864,16,21,6,3,19,11,11,11,0,71,+70.665,5613746,55,14,1:14.931,207.022,1
7865,16,24,10,21,20,12,12,12,0,71,+71.388,5614469,43,16,1:14.990,206.859,1
7866,16,154,4,8,13,13,13,13,0,70,\N,\N,54,12,1:14.789,207.415,11
7867,16,153,5,11,12,14,14,14,0,70,\N,\N,59,13,1:14.861,207.216,11
7868,16,6,3,17,9,\N,R,15,0,30,\N,\N,21,17,1:15.073,206.63,3
7869,16,3,3,16,7,\N,R,16,0,27,\N,\N,16,8,1:14.370,208.584,6
7870,16,2,2,6,18,\N,R,17,0,21,\N,\N,19,15,1:14.988,206.865,60
7871,16,16,10,20,3,\N,R,18,0,0,\N,\N,\N,\N,\N,\N,3
7872,16,15,7,9,4,\N,R,19,0,0,\N,\N,\N,\N,\N,\N,3
7873,16,4,4,7,10,\N,R,20,0,0,\N,\N,\N,\N,\N,\N,3
7874,356,95,6,27,6,1,1,1,9,61,1:38:58.744,5938744,\N,\N,\N,\N,1
7875,356,117,1,2,5,2,2,2,6,61,+7.809,5946553,\N,\N,\N,\N,1
7876,356,127,37,15,12,3,3,3,4,61,+9.370,5948114,\N,\N,\N,\N,1
7877,356,65,22,20,10,4,4,4,3,61,+10.493,5949237,\N,\N,\N,\N,1
7878,356,118,21,9,8,5,5,5,2,61,+17.866,5956610,\N,\N,\N,\N,1
7879,356,145,22,19,11,6,6,6,1,61,+18.241,5956985,\N,\N,\N,\N,1
7880,356,156,25,3,18,7,7,7,0,60,\N,\N,\N,\N,\N,\N,11
7881,356,138,32,12,21,8,8,8,0,60,\N,\N,\N,\N,\N,\N,11
7882,356,129,27,26,22,9,9,9,0,60,\N,\N,\N,\N,\N,\N,11
7883,356,105,25,4,20,10,10,10,0,59,\N,\N,\N,\N,\N,\N,12
7884,356,102,1,1,1,11,11,11,0,59,\N,\N,\N,\N,\N,\N,12
7885,356,112,33,30,26,12,12,12,0,58,\N,\N,\N,\N,\N,\N,13
7886,356,110,35,22,15,13,13,13,0,57,\N,\N,\N,\N,\N,\N,14
7887,356,157,48,38,17,14,14,14,0,56,\N,\N,\N,\N,\N,\N,15
7888,356,119,3,6,2,15,15,15,0,51,\N,\N,\N,\N,\N,\N,91
7889,356,158,21,10,24,\N,R,16,0,37,\N,\N,\N,\N,\N,\N,4
7890,356,146,49,34,25,\N,R,17,0,36,\N,\N,\N,\N,\N,\N,4
7891,356,84,34,7,13,\N,R,18,0,27,\N,\N,\N,\N,\N,\N,86
7892,356,122,37,16,7,\N,R,19,0,22,\N,\N,\N,\N,\N,\N,22
7893,356,137,32,11,9,\N,R,20,0,10,\N,\N,\N,\N,\N,\N,69
7894,356,78,45,17,19,\N,D,21,0,10,\N,\N,\N,\N,\N,\N,2
7895,356,131,34,8,14,\N,R,22,0,9,\N,\N,\N,\N,\N,\N,86
7896,356,123,3,5,4,\N,R,23,0,3,\N,\N,\N,\N,\N,\N,5
7897,356,94,18,23,16,\N,R,24,0,2,\N,\N,\N,\N,\N,\N,83
7898,356,77,6,28,3,\N,R,25,0,0,\N,\N,\N,\N,\N,\N,4
7899,356,159,18,24,23,\N,R,26,0,0,\N,\N,\N,\N,\N,\N,4
7900,356,114,33,29,0,\N,F,27,0,0,\N,\N,\N,\N,\N,\N,81
7901,356,163,27,25,0,\N,F,28,0,0,\N,\N,\N,\N,\N,\N,81
7902,356,148,44,33,0,\N,F,29,0,0,\N,\N,\N,\N,\N,\N,81
7903,356,90,42,31,0,\N,F,30,0,0,\N,\N,\N,\N,\N,\N,81
7904,356,133,35,21,0,\N,F,31,0,0,\N,\N,\N,\N,\N,\N,97
7905,356,160,45,18,0,\N,F,32,0,0,\N,\N,\N,\N,\N,\N,97
7906,356,161,48,39,0,\N,F,33,0,0,\N,\N,\N,\N,\N,\N,97
7907,356,162,42,32,0,\N,F,34,0,0,\N,\N,\N,\N,\N,\N,97
7908,356,164,39,41,0,\N,F,35,0,0,\N,\N,\N,\N,\N,\N,97
7909,356,88,49,35,0,\N,F,36,0,0,\N,\N,\N,\N,\N,\N,97
7910,356,140,46,36,0,\N,F,37,0,0,\N,\N,\N,\N,\N,\N,97
7911,356,92,46,37,0,\N,F,38,0,0,\N,\N,\N,\N,\N,\N,97
7912,357,102,1,1,1,1,1,1,9,58,1:26:51.245,5211245,\N,\N,\N,\N,1
7913,357,117,1,2,2,2,2,2,6,58,+40.225,5251470,\N,\N,\N,\N,1
7914,357,145,22,19,7,3,3,3,4,57,\N,\N,\N,\N,\N,\N,11
7915,357,123,3,5,6,4,4,4,3,57,\N,\N,\N,\N,\N,\N,11
7916,357,118,21,9,12,5,5,5,2,57,\N,\N,\N,\N,\N,\N,11
7917,357,156,25,3,25,6,6,6,1,57,\N,\N,\N,\N,\N,\N,11
7918,357,133,35,21,9,7,7,7,0,57,\N,\N,\N,\N,\N,\N,11
7919,357,99,39,40,18,8,8,8,0,57,\N,\N,\N,\N,\N,\N,11
7920,357,158,21,10,21,9,9,9,0,56,\N,\N,\N,\N,\N,\N,12
7921,357,110,35,22,16,10,10,10,0,56,\N,\N,\N,\N,\N,\N,12
7922,357,65,22,20,23,11,11,11,0,56,\N,\N,\N,\N,\N,\N,12
7923,357,78,45,17,14,12,12,12,0,52,\N,\N,\N,\N,\N,\N,20
7924,357,84,34,7,22,\N,R,13,0,51,\N,\N,\N,\N,\N,\N,69
7925,357,138,32,12,24,\N,N,14,0,46,\N,\N,\N,\N,\N,\N,62
7926,357,159,18,24,15,\N,R,15,0,43,\N,\N,\N,\N,\N,\N,20
7927,357,127,37,15,19,\N,R,16,0,39,\N,\N,\N,\N,\N,\N,7
7928,357,137,32,11,8,\N,R,17,0,29,\N,\N,\N,\N,\N,\N,5
7929,357,95,6,27,3,\N,R,18,0,23,\N,\N,\N,\N,\N,\N,6
7930,357,119,3,6,4,\N,R,19,0,21,\N,\N,\N,\N,\N,\N,5
7931,357,131,34,8,17,\N,R,20,0,19,\N,\N,\N,\N,\N,\N,20
7932,357,94,18,23,11,\N,R,21,0,6,\N,\N,\N,\N,\N,\N,6
7933,357,129,27,26,10,\N,D,22,0,4,\N,\N,\N,\N,\N,\N,2
7934,357,77,6,28,5,\N,R,23,0,3,\N,\N,\N,\N,\N,\N,3
7935,357,122,37,16,13,\N,R,24,0,1,\N,\N,\N,\N,\N,\N,20
7936,357,112,33,30,20,\N,R,25,0,0,\N,\N,\N,\N,\N,\N,10
7937,357,114,33,29,26,\N,R,26,0,0,\N,\N,\N,\N,\N,\N,10
7938,357,105,25,4,0,\N,F,27,0,0,\N,\N,\N,\N,\N,\N,81
7939,357,163,27,25,0,\N,F,28,0,0,\N,\N,\N,\N,\N,\N,81
7940,357,157,48,38,0,\N,F,29,0,0,\N,\N,\N,\N,\N,\N,81
7941,357,90,42,31,0,\N,F,30,0,0,\N,\N,\N,\N,\N,\N,81
7942,357,92,46,37,0,\N,F,31,0,0,\N,\N,\N,\N,\N,\N,97
7943,357,148,44,33,0,\N,F,32,0,0,\N,\N,\N,\N,\N,\N,97
7944,357,160,45,18,0,\N,F,33,0,0,\N,\N,\N,\N,\N,\N,97
7945,357,140,46,36,0,\N,F,34,0,0,\N,\N,\N,\N,\N,\N,97
7946,357,164,39,41,0,\N,F,35,0,0,\N,\N,\N,\N,\N,\N,97
7947,357,162,42,32,0,\N,F,36,0,0,\N,\N,\N,\N,\N,\N,97
7948,357,88,49,35,0,\N,F,37,0,0,\N,\N,\N,\N,\N,\N,97
7949,357,146,49,34,0,\N,F,38,0,0,\N,\N,\N,\N,\N,\N,97
7950,357,161,48,39,0,\N,F,39,0,0,\N,\N,\N,\N,\N,\N,97
7951,358,102,1,1,1,1,1,1,9,77,1:53:33.251,6813251,\N,\N,\N,\N,1
7952,358,117,1,2,2,2,2,2,6,77,+52.529,6865780,\N,\N,\N,\N,1
7953,358,131,34,8,8,3,3,3,4,76,\N,\N,\N,\N,\N,\N,11
7954,358,133,35,21,9,4,4,4,3,75,\N,\N,\N,\N,\N,\N,12
7955,358,105,25,4,12,5,5,5,2,75,\N,\N,\N,\N,\N,\N,12
7956,358,84,34,7,4,6,6,6,1,75,\N,\N,\N,\N,\N,\N,12
7957,358,158,21,10,20,7,7,7,0,75,\N,\N,\N,\N,\N,\N,12
7958,358,145,22,19,15,8,8,8,0,74,\N,\N,\N,\N,\N,\N,13
7959,358,156,25,3,23,9,9,9,0,74,\N,\N,\N,\N,\N,\N,13
7960,358,123,3,5,3,10,10,10,0,74,\N,\N,\N,\N,\N,\N,13
7961,358,122,37,16,22,11,11,11,0,73,\N,\N,\N,\N,\N,\N,14
7962,358,163,27,25,21,12,12,12,0,73,\N,\N,\N,\N,\N,\N,14
7963,358,110,35,22,10,13,13,13,0,73,\N,\N,\N,\N,\N,\N,14
7964,358,65,22,20,24,14,14,14,0,73,\N,\N,\N,\N,\N,\N,14
7965,358,119,3,6,7,15,15,15,0,73,\N,\N,\N,\N,\N,\N,14
7966,358,159,18,24,26,\N,R,16,0,48,\N,\N,\N,\N,\N,\N,25
7967,358,99,39,40,13,\N,R,17,0,46,\N,\N,\N,\N,\N,\N,10
7968,358,90,42,31,25,\N,R,18,0,44,\N,\N,\N,\N,\N,\N,6
7969,358,112,33,30,17,\N,R,19,0,38,\N,\N,\N,\N,\N,\N,5
7970,358,127,37,15,14,\N,R,20,0,36,\N,\N,\N,\N,\N,\N,5
7971,358,137,32,11,19,\N,R,21,0,32,\N,\N,\N,\N,\N,\N,4
7972,358,95,6,27,5,\N,R,22,0,30,\N,\N,\N,\N,\N,\N,6
7973,358,162,42,32,18,\N,R,23,0,19,\N,\N,\N,\N,\N,\N,6
7974,358,129,27,26,16,\N,R,24,0,4,\N,\N,\N,\N,\N,\N,6
7975,358,94,18,23,11,\N,R,25,0,3,\N,\N,\N,\N,\N,\N,8
7976,358,118,21,9,6,\N,R,26,0,2,\N,\N,\N,\N,\N,\N,10
7977,358,157,48,38,0,\N,F,27,0,0,\N,\N,\N,\N,\N,\N,81
7978,358,114,33,29,0,\N,F,28,0,0,\N,\N,\N,\N,\N,\N,81
7979,358,138,32,12,0,\N,F,29,0,0,\N,\N,\N,\N,\N,\N,81
7980,358,160,45,18,0,\N,F,30,0,0,\N,\N,\N,\N,\N,\N,97
7981,358,140,46,36,0,\N,F,31,0,0,\N,\N,\N,\N,\N,\N,97
7982,358,78,45,17,0,\N,F,32,0,0,\N,\N,\N,\N,\N,\N,97
7983,358,146,49,34,0,\N,F,33,0,0,\N,\N,\N,\N,\N,\N,97
7984,358,92,46,37,0,\N,F,34,0,0,\N,\N,\N,\N,\N,\N,97
7985,358,148,44,33,0,\N,F,35,0,0,\N,\N,\N,\N,\N,\N,97
7986,358,161,48,39,0,\N,F,36,0,0,\N,\N,\N,\N,\N,\N,97
7987,358,88,49,35,0,\N,F,37,0,0,\N,\N,\N,\N,\N,\N,97
7988,358,164,39,41,0,\N,F,38,0,0,\N,\N,\N,\N,\N,\N,97
7989,359,102,1,1,1,1,1,1,9,69,1:35:21.431,5721431,\N,\N,\N,\N,1
7990,359,119,3,6,5,2,2,2,6,69,+15.560,5736991,\N,\N,\N,\N,1
7991,359,105,25,4,7,3,3,3,4,69,+31.254,5752685,\N,\N,\N,\N,1
7992,359,145,22,19,13,4,4,4,3,69,+45.495,5766926,\N,\N,\N,\N,1
7993,359,117,1,2,2,5,5,5,2,69,+56.113,5777544,\N,\N,\N,\N,1
7994,359,99,39,40,17,6,6,6,1,68,\N,\N,\N,\N,\N,\N,11
7995,359,158,21,10,24,7,7,7,0,68,\N,\N,\N,\N,\N,\N,11
7996,359,129,27,26,11,8,8,8,0,68,\N,\N,\N,\N,\N,\N,11
7997,359,84,34,7,20,9,9,9,0,68,\N,\N,\N,\N,\N,\N,11
7998,359,131,34,8,9,10,10,10,0,68,\N,\N,\N,\N,\N,\N,11
7999,359,137,32,11,26,11,11,11,0,68,\N,\N,\N,\N,\N,\N,11
8000,359,157,48,38,23,12,12,12,0,67,\N,\N,\N,\N,\N,\N,12
8001,359,133,35,21,19,13,13,13,0,67,\N,\N,\N,\N,\N,\N,12
8002,359,163,27,25,25,14,14,14,0,66,\N,\N,\N,\N,\N,\N,13
8003,359,65,22,20,18,15,15,15,0,66,\N,\N,\N,\N,\N,\N,13
8004,359,94,18,23,22,\N,R,16,0,53,\N,\N,\N,\N,\N,\N,5
8005,359,95,6,27,3,\N,R,17,0,43,\N,\N,\N,\N,\N,\N,6
8006,359,118,21,9,10,\N,R,18,0,35,\N,\N,\N,\N,\N,\N,10
8007,359,138,32,12,15,\N,R,19,0,35,\N,\N,\N,\N,\N,\N,20
8008,359,112,33,30,16,\N,N,20,0,28,\N,\N,\N,\N,\N,\N,62
8009,359,110,35,22,12,\N,R,21,0,20,\N,\N,\N,\N,\N,\N,22
8010,359,77,6,28,6,\N,R,22,0,16,\N,\N,\N,\N,\N,\N,6
8011,359,140,46,36,21,\N,R,23,0,16,\N,\N,\N,\N,\N,\N,7
8012,359,123,3,5,8,\N,R,24,0,15,\N,\N,\N,\N,\N,\N,10
8013,359,156,25,3,14,\N,R,25,0,9,\N,\N,\N,\N,\N,\N,37
8014,359,122,37,16,4,\N,R,26,0,1,\N,\N,\N,\N,\N,\N,7
8015,359,159,18,24,0,\N,F,27,0,0,\N,\N,\N,\N,\N,\N,81
8016,359,127,37,15,0,\N,F,28,0,0,\N,\N,\N,\N,\N,\N,81
8017,359,114,33,29,0,\N,F,29,0,0,\N,\N,\N,\N,\N,\N,81
8018,359,90,42,31,0,\N,F,30,0,0,\N,\N,\N,\N,\N,\N,81
8019,359,92,46,37,0,\N,F,31,0,0,\N,\N,\N,\N,\N,\N,97
8020,359,148,44,33,0,\N,F,32,0,0,\N,\N,\N,\N,\N,\N,97
8021,359,78,45,17,0,\N,F,33,0,0,\N,\N,\N,\N,\N,\N,97
8022,359,161,48,39,0,\N,F,34,0,0,\N,\N,\N,\N,\N,\N,97
8023,359,146,49,34,0,\N,F,35,0,0,\N,\N,\N,\N,\N,\N,97
8024,359,88,49,35,0,\N,F,36,0,0,\N,\N,\N,\N,\N,\N,97
8025,359,160,45,18,0,\N,F,37,0,0,\N,\N,\N,\N,\N,\N,97
8026,359,164,39,41,0,\N,F,38,0,0,\N,\N,\N,\N,\N,\N,97
8027,359,162,42,32,0,\N,F,39,0,0,\N,\N,\N,\N,\N,\N,97
8028,360,117,1,2,2,1,1,1,9,75,2:01:33.133,7293133,\N,\N,\N,\N,1
8029,360,119,3,6,14,2,2,2,6,75,+39.696,7332829,\N,\N,\N,\N,1
8030,360,158,21,10,17,3,3,3,4,75,+43.210,7336343,\N,\N,\N,\N,1
8031,360,157,48,38,26,4,4,4,3,74,\N,\N,\N,\N,\N,\N,11
8032,360,65,22,20,25,5,5,5,2,74,\N,\N,\N,\N,\N,\N,11
8033,360,123,3,5,16,6,6,6,1,74,\N,\N,\N,\N,\N,\N,11
8034,360,99,39,40,24,7,7,7,0,73,\N,\N,\N,\N,\N,\N,5
8035,360,110,35,22,13,8,8,8,0,70,\N,\N,\N,\N,\N,\N,15
8036,360,156,25,3,21,9,9,9,0,69,\N,\N,\N,\N,\N,\N,69
8037,360,77,6,28,8,\N,R,10,0,61,\N,\N,\N,\N,\N,\N,91
8038,360,133,35,21,6,\N,R,11,0,52,\N,\N,\N,\N,\N,\N,4
8039,360,137,32,11,22,\N,R,12,0,52,\N,\N,\N,\N,\N,\N,20
8040,360,140,46,36,19,\N,R,13,0,50,\N,\N,\N,\N,\N,\N,22
8041,360,159,18,24,20,\N,R,14,0,46,\N,\N,\N,\N,\N,\N,5
8042,360,102,1,1,1,\N,R,15,0,44,\N,\N,\N,\N,\N,\N,10
8043,360,84,34,7,5,\N,R,16,0,43,\N,\N,\N,\N,\N,\N,23
8044,360,131,34,8,7,\N,R,17,0,37,\N,\N,\N,\N,\N,\N,23
8045,360,95,6,27,4,\N,R,18,0,31,\N,\N,\N,\N,\N,\N,91
8046,360,94,18,23,15,\N,R,19,0,26,\N,\N,\N,\N,\N,\N,5
8047,360,138,32,12,23,\N,R,20,0,24,\N,\N,\N,\N,\N,\N,37
8048,360,122,37,16,11,\N,R,21,0,22,\N,\N,\N,\N,\N,\N,7
8049,360,127,37,15,18,\N,R,22,0,20,\N,\N,\N,\N,\N,\N,23
8050,360,105,25,4,9,\N,R,23,0,17,\N,\N,\N,\N,\N,\N,6
8051,360,145,22,19,3,\N,R,24,0,10,\N,\N,\N,\N,\N,\N,68
8052,360,118,21,9,10,\N,R,25,0,7,\N,\N,\N,\N,\N,\N,4
8053,360,112,33,30,12,\N,R,26,0,3,\N,\N,\N,\N,\N,\N,20
8054,360,129,27,26,0,\N,F,27,0,0,\N,\N,\N,\N,\N,\N,81
8055,360,90,42,31,0,\N,F,28,0,0,\N,\N,\N,\N,\N,\N,81
8056,360,163,27,25,0,\N,F,29,0,0,\N,\N,\N,\N,\N,\N,81
8057,360,114,33,29,0,\N,F,30,0,0,\N,\N,\N,\N,\N,\N,81
8058,360,160,45,18,0,\N,F,31,0,0,\N,\N,\N,\N,\N,\N,97
8059,360,162,42,32,0,\N,F,32,0,0,\N,\N,\N,\N,\N,\N,97
8060,360,148,44,33,0,\N,F,33,0,0,\N,\N,\N,\N,\N,\N,97
8061,360,78,45,17,0,\N,F,34,0,0,\N,\N,\N,\N,\N,\N,97
8062,360,164,39,41,0,\N,F,35,0,0,\N,\N,\N,\N,\N,\N,97
8063,360,161,48,39,0,\N,F,36,0,0,\N,\N,\N,\N,\N,\N,97
8064,360,88,49,35,0,\N,F,37,0,0,\N,\N,\N,\N,\N,\N,97
8065,360,146,49,34,0,\N,F,38,0,0,\N,\N,\N,\N,\N,\N,97
8066,360,92,46,37,0,\N,F,39,0,0,\N,\N,\N,\N,\N,\N,97
8067,361,123,3,5,6,1,1,1,9,69,2:01:24.073,7284073,\N,\N,\N,\N,1
8068,361,119,3,6,3,2,2,2,6,69,+30.007,7314080,\N,\N,\N,\N,1
8069,361,110,35,22,9,3,3,3,4,69,+1:36.649,7380722,\N,\N,\N,\N,1
8070,361,137,32,11,19,4,4,4,3,69,+1:41.484,7385557,\N,\N,\N,\N,1
8071,361,163,27,25,22,5,5,5,2,68,\N,\N,\N,\N,\N,\N,11
8072,361,133,35,21,8,6,6,6,1,67,\N,\N,\N,\N,\N,\N,12
8073,361,102,1,1,2,7,7,7,0,66,\N,\N,\N,\N,\N,\N,5
8074,361,157,48,38,23,8,8,8,0,66,\N,\N,\N,\N,\N,\N,13
8075,361,90,42,31,26,\N,R,9,0,57,\N,\N,\N,\N,\N,\N,24
8076,361,118,21,9,12,\N,R,10,0,40,\N,\N,\N,\N,\N,\N,5
8077,361,156,25,3,14,\N,R,11,0,35,\N,\N,\N,\N,\N,\N,20
8078,361,78,45,17,15,\N,R,12,0,33,\N,\N,\N,\N,\N,\N,10
8079,361,122,37,16,21,\N,R,13,0,28,\N,\N,\N,\N,\N,\N,20
8080,361,112,33,30,10,\N,R,14,0,26,\N,\N,\N,\N,\N,\N,20
8081,361,140,46,36,18,\N,D,15,0,13,\N,\N,\N,\N,\N,\N,2
8082,361,159,18,24,24,\N,R,16,0,11,\N,\N,\N,\N,\N,\N,20
8083,361,127,37,15,17,\N,R,17,0,11,\N,\N,\N,\N,\N,\N,10
8084,361,77,6,28,4,\N,R,18,0,6,\N,\N,\N,\N,\N,\N,6
8085,361,99,39,40,25,\N,R,19,0,6,\N,\N,\N,\N,\N,\N,20
8086,361,158,21,10,16,\N,R,20,0,3,\N,\N,\N,\N,\N,\N,20
8087,361,117,1,2,1,\N,R,21,0,2,\N,\N,\N,\N,\N,\N,22
8088,361,95,6,27,5,\N,D,22,0,0,\N,\N,\N,\N,\N,\N,2
8089,361,131,34,8,7,\N,R,23,0,0,\N,\N,\N,\N,\N,\N,3
8090,361,94,18,23,11,\N,R,24,0,0,\N,\N,\N,\N,\N,\N,3
8091,361,145,22,19,13,\N,D,25,0,0,\N,\N,\N,\N,\N,\N,2
8092,361,105,25,4,20,\N,R,26,0,0,\N,\N,\N,\N,\N,\N,10
8093,361,138,32,12,0,\N,F,27,0,0,\N,\N,\N,\N,\N,\N,81
8094,361,114,33,29,0,\N,F,28,0,0,\N,\N,\N,\N,\N,\N,81
8095,361,65,22,20,0,\N,F,29,0,0,\N,\N,\N,\N,\N,\N,81
8096,361,129,27,26,0,\N,F,30,0,0,\N,\N,\N,\N,\N,\N,81
8097,361,84,34,7,0,\N,F,31,0,0,\N,\N,\N,\N,\N,\N,97
8098,361,92,46,37,0,\N,F,32,0,0,\N,\N,\N,\N,\N,\N,97
8099,361,148,44,33,0,\N,F,33,0,0,\N,\N,\N,\N,\N,\N,97
8100,361,160,45,18,0,\N,F,34,0,0,\N,\N,\N,\N,\N,\N,97
8101,361,146,49,34,0,\N,F,35,0,0,\N,\N,\N,\N,\N,\N,97
8102,361,164,39,41,0,\N,F,36,0,0,\N,\N,\N,\N,\N,\N,97
8103,361,161,48,39,0,\N,F,37,0,0,\N,\N,\N,\N,\N,\N,97
8104,361,88,49,35,0,\N,F,38,0,0,\N,\N,\N,\N,\N,\N,97
8105,361,162,42,32,0,\N,F,39,0,0,\N,\N,\N,\N,\N,\N,97
8106,362,117,1,2,1,1,1,1,9,80,1:38:29.411,5909411,\N,\N,\N,\N,1
8107,362,95,6,27,3,2,2,2,6,80,+44.017,5953428,\N,\N,\N,\N,1
8108,362,119,3,6,8,3,3,3,4,80,+1:06.921,5976332,\N,\N,\N,\N,1
8109,362,55,25,4,16,4,4,4,3,80,+1:13.232,5982643,\N,\N,\N,\N,1
8110,362,140,46,36,13,5,5,5,2,79,\N,\N,\N,\N,\N,\N,11
8111,362,129,27,26,17,6,6,6,1,79,\N,\N,\N,\N,\N,\N,11
8112,362,158,21,10,25,7,7,7,0,79,\N,\N,\N,\N,\N,\N,11
8113,362,137,32,11,20,8,8,8,0,78,\N,\N,\N,\N,\N,\N,12
8114,362,139,22,20,24,9,9,9,0,78,\N,\N,\N,\N,\N,\N,12
8115,362,156,25,3,9,10,10,10,0,78,\N,\N,\N,\N,\N,\N,12
8116,362,103,33,29,15,11,11,11,0,77,\N,\N,\N,\N,\N,\N,13
8117,362,151,21,9,14,12,12,12,0,77,\N,\N,\N,\N,\N,\N,13
8118,362,92,46,37,11,13,13,13,0,76,\N,\N,\N,\N,\N,\N,5
8119,362,127,37,15,10,\N,N,14,0,71,\N,\N,\N,\N,\N,\N,62
8120,362,131,34,8,22,\N,R,15,0,67,\N,\N,\N,\N,\N,\N,5
8121,362,123,3,5,5,\N,R,16,0,50,\N,\N,\N,\N,\N,\N,6
8122,362,138,32,12,19,\N,R,17,0,49,\N,\N,\N,\N,\N,\N,5
8123,362,122,37,16,12,\N,R,18,0,43,\N,\N,\N,\N,\N,\N,5
8124,362,145,22,19,4,\N,R,19,0,40,\N,\N,\N,\N,\N,\N,22
8125,362,94,18,23,23,\N,R,20,0,31,\N,\N,\N,\N,\N,\N,5
8126,362,112,33,30,7,\N,R,21,0,30,\N,\N,\N,\N,\N,\N,5
8127,362,99,39,40,21,\N,R,22,0,30,\N,\N,\N,\N,\N,\N,5
8128,362,77,6,28,6,\N,R,23,0,29,\N,\N,\N,\N,\N,\N,8
8129,362,133,35,21,26,\N,R,24,0,27,\N,\N,\N,\N,\N,\N,8
8130,362,163,27,25,18,\N,R,25,0,14,\N,\N,\N,\N,\N,\N,6
8131,362,102,1,1,2,\N,R,26,0,0,\N,\N,\N,\N,\N,\N,24
8132,362,110,35,22,0,\N,F,27,0,0,\N,\N,\N,\N,\N,\N,81
8133,362,159,18,24,0,\N,F,28,0,0,\N,\N,\N,\N,\N,\N,81
8134,362,157,48,38,0,\N,F,29,0,0,\N,\N,\N,\N,\N,\N,81
8135,362,90,42,31,0,\N,F,30,0,0,\N,\N,\N,\N,\N,\N,81
8136,362,78,45,17,0,\N,F,31,0,0,\N,\N,\N,\N,\N,\N,97
8137,362,84,34,7,0,\N,F,32,0,0,\N,\N,\N,\N,\N,\N,97
8138,362,161,48,39,0,\N,F,33,0,0,\N,\N,\N,\N,\N,\N,97
8139,362,146,49,34,0,\N,F,34,0,0,\N,\N,\N,\N,\N,\N,97
8140,362,160,45,18,0,\N,F,35,0,0,\N,\N,\N,\N,\N,\N,97
8141,362,162,42,32,0,\N,F,36,0,0,\N,\N,\N,\N,\N,\N,97
8142,362,88,49,35,0,\N,F,37,0,0,\N,\N,\N,\N,\N,\N,97
8143,362,148,44,33,0,\N,F,38,0,0,\N,\N,\N,\N,\N,\N,97
8144,362,164,39,41,0,\N,F,39,0,0,\N,\N,\N,\N,\N,\N,97
8145,363,117,1,2,2,1,1,1,9,64,1:19:22.131,4762131,\N,\N,\N,\N,1
8146,363,95,6,27,3,2,2,2,6,64,+19.369,4781500,\N,\N,\N,\N,1
8147,363,145,22,19,9,3,3,3,4,64,+48.019,4810150,\N,\N,\N,\N,1
8148,363,137,32,11,10,4,4,4,3,64,+1:06.735,4828866,\N,\N,\N,\N,1
8149,363,94,18,23,11,5,5,5,2,63,\N,\N,\N,\N,\N,\N,11
8150,363,159,18,24,15,6,6,6,1,63,\N,\N,\N,\N,\N,\N,11
8151,363,129,27,26,24,7,7,7,0,63,\N,\N,\N,\N,\N,\N,11
8152,363,138,32,12,16,8,8,8,0,63,\N,\N,\N,\N,\N,\N,11
8153,363,118,21,9,19,9,9,9,0,62,\N,\N,\N,\N,\N,\N,12
8154,363,123,3,5,7,10,10,10,0,62,\N,\N,\N,\N,\N,\N,12
8155,363,139,22,20,26,11,11,11,0,62,\N,\N,\N,\N,\N,\N,12
8156,363,92,46,37,21,12,12,12,0,62,\N,\N,\N,\N,\N,\N,12
8157,363,127,37,15,6,\N,R,13,0,54,\N,\N,\N,\N,\N,\N,6
8158,363,84,34,7,20,\N,R,14,0,49,\N,\N,\N,\N,\N,\N,5
8159,363,77,6,28,4,\N,R,15,0,49,\N,\N,\N,\N,\N,\N,66
8160,363,103,33,29,13,\N,R,16,0,46,\N,\N,\N,\N,\N,\N,5
8161,363,112,33,30,12,\N,R,17,0,39,\N,\N,\N,\N,\N,\N,5
8162,363,156,25,3,18,\N,R,18,0,32,\N,\N,\N,\N,\N,\N,20
8163,363,131,34,8,14,\N,R,19,0,31,\N,\N,\N,\N,\N,\N,5
8164,363,55,25,4,22,\N,R,20,0,28,\N,\N,\N,\N,\N,\N,20
8165,363,78,45,17,17,\N,R,21,0,23,\N,\N,\N,\N,\N,\N,64
8166,363,119,3,6,5,\N,R,22,0,19,\N,\N,\N,\N,\N,\N,21
8167,363,122,37,16,8,\N,R,23,0,15,\N,\N,\N,\N,\N,\N,7
8168,363,110,35,22,25,\N,R,24,0,16,\N,\N,\N,\N,\N,\N,5
8169,363,102,1,1,1,\N,R,25,0,11,\N,\N,\N,\N,\N,\N,20
8170,363,90,42,31,23,\N,R,26,0,2,\N,\N,\N,\N,\N,\N,6
8171,363,163,27,25,0,\N,F,27,0,0,\N,\N,\N,\N,\N,\N,81
8172,363,158,21,10,0,\N,F,28,0,0,\N,\N,\N,\N,\N,\N,81
8173,363,99,39,40,0,\N,F,29,0,0,\N,\N,\N,\N,\N,\N,81
8174,363,157,48,38,0,\N,F,30,0,0,\N,\N,\N,\N,\N,\N,81
8175,363,140,46,36,0,\N,F,31,0,0,\N,\N,\N,\N,\N,\N,97
8176,363,133,35,21,0,\N,F,32,0,0,\N,\N,\N,\N,\N,\N,97
8177,363,148,44,33,0,\N,F,33,0,0,\N,\N,\N,\N,\N,\N,97
8178,363,160,45,18,0,\N,F,34,0,0,\N,\N,\N,\N,\N,\N,97
8179,363,114,39,41,0,\N,F,35,0,0,\N,\N,\N,\N,\N,\N,97
8180,363,146,49,34,0,\N,F,36,0,0,\N,\N,\N,\N,\N,\N,97
8181,363,162,42,32,0,\N,F,37,0,0,\N,\N,\N,\N,\N,\N,97
8182,363,88,49,35,0,\N,F,38,0,0,\N,\N,\N,\N,\N,\N,97
8183,363,161,48,39,0,\N,F,39,0,0,\N,\N,\N,\N,\N,\N,97
8184,364,102,1,1,1,1,1,1,9,45,1:21:43.302,4903302,\N,\N,\N,\N,1
8185,364,117,1,2,2,2,2,2,6,45,+18.151,4921453,\N,\N,\N,\N,1
8186,364,95,6,27,3,3,3,3,4,45,+1:23.254,4986556,\N,\N,\N,\N,1
8187,364,119,3,6,5,4,4,4,3,44,\N,\N,\N,\N,\N,\N,11
8188,364,137,32,11,8,5,5,5,2,44,\N,\N,\N,\N,\N,\N,11
8189,364,118,21,9,17,6,6,6,1,44,\N,\N,\N,\N,\N,\N,11
8190,364,110,35,22,21,7,7,7,0,44,\N,\N,\N,\N,\N,\N,11
8191,364,84,34,7,12,8,8,8,0,44,\N,\N,\N,\N,\N,\N,11
8192,364,94,18,23,13,9,9,9,0,44,\N,\N,\N,\N,\N,\N,11
8193,364,55,25,4,10,10,10,10,0,43,\N,\N,\N,\N,\N,\N,12
8194,364,163,27,25,23,11,11,11,0,42,\N,\N,\N,\N,\N,\N,13
8195,364,158,21,10,25,12,12,12,0,40,\N,\N,\N,\N,\N,\N,69
8196,364,131,34,8,16,\N,R,13,0,37,\N,\N,\N,\N,\N,\N,5
8197,364,138,32,12,18,\N,R,14,0,36,\N,\N,\N,\N,\N,\N,20
8198,364,122,37,16,22,\N,R,15,0,32,\N,\N,\N,\N,\N,\N,10
8199,364,127,37,15,14,\N,R,16,0,28,\N,\N,\N,\N,\N,\N,6
8200,364,139,22,20,9,\N,R,17,0,26,\N,\N,\N,\N,\N,\N,20
8201,364,112,33,30,15,\N,R,18,0,20,\N,\N,\N,\N,\N,\N,44
8202,364,156,25,3,19,\N,R,19,0,16,\N,\N,\N,\N,\N,\N,5
8203,364,77,6,28,4,\N,R,20,0,13,\N,\N,\N,\N,\N,\N,20
8204,364,140,46,36,24,\N,R,21,0,8,\N,\N,\N,\N,\N,\N,25
8205,364,145,22,19,7,\N,R,22,0,6,\N,\N,\N,\N,\N,\N,10
8206,364,123,3,5,6,\N,R,23,0,4,\N,\N,\N,\N,\N,\N,4
8207,364,133,35,21,20,\N,R,24,0,2,\N,\N,\N,\N,\N,\N,5
8208,364,105,33,29,26,\N,R,25,0,1,\N,\N,\N,\N,\N,\N,10
8209,364,129,27,26,11,\N,R,26,0,0,\N,\N,\N,\N,\N,\N,6
8210,364,159,18,24,0,\N,F,27,0,0,\N,\N,\N,\N,\N,\N,81
8211,364,92,46,37,0,\N,F,28,0,0,\N,\N,\N,\N,\N,\N,81
8212,364,157,48,38,0,\N,F,29,0,0,\N,\N,\N,\N,\N,\N,81
8213,364,161,48,39,0,\N,D,30,0,0,\N,\N,\N,\N,\N,\N,2
8214,364,114,39,41,0,\N,F,31,0,0,\N,\N,\N,\N,\N,\N,97
8215,364,78,45,17,0,\N,F,32,0,0,\N,\N,\N,\N,\N,\N,97
8216,364,99,39,40,0,\N,F,33,0,0,\N,\N,\N,\N,\N,\N,97
8217,364,160,45,18,0,\N,F,34,0,0,\N,\N,\N,\N,\N,\N,97
8218,364,90,42,31,0,\N,F,35,0,0,\N,\N,\N,\N,\N,\N,97
8219,364,162,42,32,0,\N,F,36,0,0,\N,\N,\N,\N,\N,\N,97
8220,364,148,44,33,0,\N,F,37,0,0,\N,\N,\N,\N,\N,\N,97
8221,364,88,49,35,0,\N,F,38,0,0,\N,\N,\N,\N,\N,\N,97
8222,365,95,6,27,12,1,1,1,9,77,1:49:38.650,6578650,\N,\N,\N,\N,1
8223,365,102,1,1,2,2,2,2,6,77,+25.967,6604617,\N,\N,\N,\N,1
8224,365,123,3,5,4,3,3,3,4,77,+38.354,6617004,\N,\N,\N,\N,1
8225,365,117,1,2,5,4,4,4,3,77,+44.177,6622827,\N,\N,\N,\N,1
8226,365,158,21,10,16,5,5,5,2,77,+45.106,6623756,\N,\N,\N,\N,1
8227,365,137,32,11,17,6,6,6,1,77,+1:12.039,6650689,\N,\N,\N,\N,1
8228,365,133,35,21,3,7,7,7,0,77,+1:24.225,6662875,\N,\N,\N,\N,1
8229,365,139,22,20,25,8,8,8,0,76,\N,\N,\N,\N,\N,\N,11
8230,365,55,25,4,11,9,9,9,0,76,\N,\N,\N,\N,\N,\N,11
8231,365,118,21,9,9,10,10,10,0,76,\N,\N,\N,\N,\N,\N,11
8232,365,131,34,8,8,11,11,11,0,76,\N,\N,\N,\N,\N,\N,11
8233,365,84,34,7,15,12,12,12,0,75,\N,\N,\N,\N,\N,\N,12
8234,365,156,25,3,19,13,13,13,0,73,\N,\N,\N,\N,\N,\N,14
8235,365,159,18,24,23,\N,R,14,0,57,\N,\N,\N,\N,\N,\N,4
8236,365,77,6,28,6,\N,R,15,0,56,\N,\N,\N,\N,\N,\N,6
8237,365,119,3,6,1,\N,R,16,0,54,\N,\N,\N,\N,\N,\N,21
8238,365,140,46,36,24,\N,R,17,0,48,\N,\N,\N,\N,\N,\N,6
8239,365,145,22,19,7,\N,R,18,0,46,\N,\N,\N,\N,\N,\N,6
8240,365,92,46,37,21,\N,R,19,0,38,\N,\N,\N,\N,\N,\N,6
8241,365,138,32,12,20,\N,R,20,0,33,\N,\N,\N,\N,\N,\N,3
8242,365,127,37,15,13,\N,R,21,0,27,\N,\N,\N,\N,\N,\N,10
8243,365,122,37,16,14,\N,R,22,0,26,\N,\N,\N,\N,\N,\N,36
8244,365,105,33,29,26,\N,R,23,0,26,\N,\N,\N,\N,\N,\N,5
8245,365,160,45,18,22,\N,R,24,0,20,\N,\N,\N,\N,\N,\N,10
8246,365,94,18,23,10,\N,R,25,0,9,\N,\N,\N,\N,\N,\N,36
8247,365,110,35,22,18,\N,R,26,0,0,\N,\N,\N,\N,\N,\N,8
8248,365,163,27,25,0,\N,F,27,0,0,\N,\N,\N,\N,\N,\N,81
8249,365,129,27,26,0,\N,F,28,0,0,\N,\N,\N,\N,\N,\N,81
8250,365,157,48,38,0,\N,F,29,0,0,\N,\N,\N,\N,\N,\N,81
8251,365,161,48,39,0,\N,F,30,0,0,\N,\N,\N,\N,\N,\N,81
8252,365,78,45,17,0,\N,F,31,0,0,\N,\N,\N,\N,\N,\N,97
8253,365,112,33,30,0,\N,F,32,0,0,\N,\N,\N,\N,\N,\N,97
8254,365,114,39,41,0,\N,F,33,0,0,\N,\N,\N,\N,\N,\N,97
8255,365,146,49,34,0,\N,F,34,0,0,\N,\N,\N,\N,\N,\N,97
8256,365,99,39,40,0,\N,F,35,0,0,\N,\N,\N,\N,\N,\N,97
8257,365,90,42,31,0,\N,F,36,0,0,\N,\N,\N,\N,\N,\N,97
8258,365,148,44,33,0,\N,F,37,0,0,\N,\N,\N,\N,\N,\N,97
8259,365,88,49,35,0,\N,F,38,0,0,\N,\N,\N,\N,\N,\N,97
8260,365,162,42,32,0,\N,F,39,0,0,\N,\N,\N,\N,\N,\N,97
8261,366,102,1,1,1,1,1,1,9,44,1:40:54.196,6054196,\N,\N,\N,\N,1
8262,366,117,1,2,2,2,2,2,6,44,+1.304,6055500,\N,\N,\N,\N,1
8263,366,95,6,27,6,3,3,3,4,44,+1.824,6056020,\N,\N,\N,\N,1
8264,366,123,3,5,4,4,4,4,3,44,+54.408,6108604,\N,\N,\N,\N,1
8265,366,145,22,19,7,5,5,5,2,44,+1:08.805,6123001,\N,\N,\N,\N,1
8266,366,118,21,9,10,6,6,6,1,44,+1:18.316,6132512,\N,\N,\N,\N,1
8267,366,127,37,15,9,7,7,7,0,43,\N,\N,\N,\N,\N,\N,11
8268,366,140,46,36,15,8,8,8,0,43,\N,\N,\N,\N,\N,\N,11
8269,366,94,18,23,14,9,9,9,0,43,\N,\N,\N,\N,\N,\N,11
8270,366,139,22,20,13,10,10,10,0,43,\N,\N,\N,\N,\N,\N,11
8271,366,110,35,22,18,11,11,11,0,43,\N,\N,\N,\N,\N,\N,11
8272,366,122,37,16,19,12,12,12,0,43,\N,\N,\N,\N,\N,\N,11
8273,366,129,27,26,26,13,13,13,0,43,\N,\N,\N,\N,\N,\N,11
8274,366,156,25,3,21,14,14,14,0,42,\N,\N,\N,\N,\N,\N,12
8275,366,159,18,24,25,15,15,15,0,41,\N,\N,\N,\N,\N,\N,13
8276,366,112,33,30,11,16,16,16,0,39,\N,\N,\N,\N,\N,\N,5
8277,366,158,21,10,24,\N,R,17,0,38,\N,\N,\N,\N,\N,\N,36
8278,366,92,46,37,23,\N,R,18,0,21,\N,\N,\N,\N,\N,\N,20
8279,366,119,3,6,5,\N,R,19,0,20,\N,\N,\N,\N,\N,\N,4
8280,366,105,33,29,22,\N,R,20,0,19,\N,\N,\N,\N,\N,\N,4
8281,366,133,35,21,12,\N,R,21,0,13,\N,\N,\N,\N,\N,\N,20
8282,366,84,34,7,20,\N,R,22,0,12,\N,\N,\N,\N,\N,\N,23
8283,366,77,6,28,3,\N,R,23,0,9,\N,\N,\N,\N,\N,\N,20
8284,366,131,34,8,8,\N,R,24,0,9,\N,\N,\N,\N,\N,\N,64
8285,366,163,27,25,17,\N,R,25,0,4,\N,\N,\N,\N,\N,\N,4
8286,366,65,25,4,16,\N,R,26,0,3,\N,\N,\N,\N,\N,\N,20
8287,366,138,32,12,0,\N,F,27,0,0,\N,\N,\N,\N,\N,\N,81
8288,366,137,32,11,0,\N,F,28,0,0,\N,\N,\N,\N,\N,\N,81
8289,366,157,48,38,0,\N,F,29,0,0,\N,\N,\N,\N,\N,\N,81
8290,366,162,48,39,0,\N,F,30,0,0,\N,\N,\N,\N,\N,\N,81
8291,366,78,45,17,0,\N,F,31,0,0,\N,\N,\N,\N,\N,\N,97
8292,366,160,45,18,0,\N,F,32,0,0,\N,\N,\N,\N,\N,\N,97
8293,366,90,42,31,0,\N,F,33,0,0,\N,\N,\N,\N,\N,\N,97
8294,366,99,39,40,0,\N,F,34,0,0,\N,\N,\N,\N,\N,\N,97
8295,366,146,49,34,0,\N,F,35,0,0,\N,\N,\N,\N,\N,\N,97
8296,366,88,49,35,0,\N,F,36,0,0,\N,\N,\N,\N,\N,\N,97
8297,366,114,39,41,0,\N,F,37,0,0,\N,\N,\N,\N,\N,\N,97
8298,366,148,44,33,0,\N,F,38,0,0,\N,\N,\N,\N,\N,\N,97
8299,366,134,42,32,0,\N,F,39,0,0,\N,\N,\N,\N,\N,\N,97
8300,367,117,1,2,4,1,1,1,9,53,1:19:27.550,4767550,\N,\N,\N,\N,1
8301,367,77,6,28,2,2,2,2,6,53,+7.326,4774876,\N,\N,\N,\N,1
8302,367,123,3,5,6,3,3,3,4,53,+14.975,4782525,\N,\N,\N,\N,1
8303,367,119,3,6,5,4,4,4,3,53,+38.722,4806272,\N,\N,\N,\N,1
8304,367,55,25,4,10,5,5,5,2,52,\N,\N,\N,\N,\N,\N,11
8305,367,84,34,7,12,6,6,6,1,52,\N,\N,\N,\N,\N,\N,11
8306,367,94,18,23,15,7,7,7,0,52,\N,\N,\N,\N,\N,\N,11
8307,367,159,18,24,26,8,8,8,0,51,\N,\N,\N,\N,\N,\N,12
8308,367,163,27,25,23,9,9,9,0,51,\N,\N,\N,\N,\N,\N,12
8309,367,138,32,12,19,10,10,10,0,51,\N,\N,\N,\N,\N,\N,22
8310,367,133,35,21,20,11,11,11,0,47,\N,\N,\N,\N,\N,\N,5
8311,367,110,35,22,17,\N,R,12,0,45,\N,\N,\N,\N,\N,\N,5
8312,367,102,1,1,1,\N,R,13,0,44,\N,\N,\N,\N,\N,\N,5
8313,367,95,6,27,3,\N,R,14,0,41,\N,\N,\N,\N,\N,\N,6
8314,367,92,46,37,22,\N,R,15,0,38,\N,\N,\N,\N,\N,\N,21
8315,367,145,22,19,8,\N,R,16,0,33,\N,\N,\N,\N,\N,\N,23
8316,367,122,37,16,18,\N,R,17,0,30,\N,\N,\N,\N,\N,\N,5
8317,367,129,27,26,21,\N,R,18,0,30,\N,\N,\N,\N,\N,\N,43
8318,367,137,32,11,11,\N,R,19,0,23,\N,\N,\N,\N,\N,\N,20
8319,367,156,25,3,14,\N,R,20,0,18,\N,\N,\N,\N,\N,\N,5
8320,367,118,21,9,16,\N,R,21,0,18,\N,\N,\N,\N,\N,\N,69
8321,367,78,45,17,24,\N,R,22,0,16,\N,\N,\N,\N,\N,\N,6
8322,367,105,33,29,13,\N,R,23,0,14,\N,\N,\N,\N,\N,\N,10
8323,367,127,37,15,25,\N,R,24,0,14,\N,\N,\N,\N,\N,\N,37
8324,367,112,33,30,7,\N,R,25,0,1,\N,\N,\N,\N,\N,\N,20
8325,367,139,22,20,9,\N,R,26,0,0,\N,\N,\N,\N,\N,\N,7
8326,367,131,34,8,0,\N,D,27,0,0,\N,\N,\N,\N,\N,\N,2
8327,367,158,21,10,0,\N,F,28,0,0,\N,\N,\N,\N,\N,\N,81
8328,367,157,48,38,0,\N,F,29,0,0,\N,\N,\N,\N,\N,\N,81
8329,367,162,48,39,0,\N,F,30,0,0,\N,\N,\N,\N,\N,\N,81
8330,367,140,46,36,0,\N,F,31,0,0,\N,\N,\N,\N,\N,\N,97
8331,367,99,39,40,0,\N,F,32,0,0,\N,\N,\N,\N,\N,\N,97
8332,367,90,42,31,0,\N,F,33,0,0,\N,\N,\N,\N,\N,\N,97
8333,367,160,45,18,0,\N,F,34,0,0,\N,\N,\N,\N,\N,\N,97
8334,367,146,49,34,0,\N,F,35,0,0,\N,\N,\N,\N,\N,\N,97
8335,367,88,49,35,0,\N,F,36,0,0,\N,\N,\N,\N,\N,\N,97
8336,367,165,44,33,0,\N,F,37,0,0,\N,\N,\N,\N,\N,\N,97
8337,367,114,39,41,0,\N,F,38,0,0,\N,\N,\N,\N,\N,\N,97
8338,367,134,42,32,0,\N,F,39,0,0,\N,\N,\N,\N,\N,\N,97
8339,368,77,6,28,2,1,1,1,9,71,1:36:48.546,5808546,\N,\N,\N,\N,1
8340,368,117,1,2,4,2,2,2,6,71,+32.637,5841183,\N,\N,\N,\N,1
8341,368,140,46,36,12,3,3,3,4,71,+55.325,5863871,\N,\N,\N,\N,1
8342,368,145,22,19,13,4,4,4,3,71,+1:22.369,5890915,\N,\N,\N,\N,1
8343,368,94,18,23,5,5,5,5,2,70,\N,\N,\N,\N,\N,\N,11
8344,368,156,25,3,18,6,6,6,1,70,\N,\N,\N,\N,\N,\N,11
8345,368,138,32,12,25,7,7,7,0,70,\N,\N,\N,\N,\N,\N,11
8346,368,84,34,7,10,8,8,8,0,70,\N,\N,\N,\N,\N,\N,11
8347,368,112,33,30,17,9,9,9,0,70,\N,\N,\N,\N,\N,\N,11
8348,368,127,37,15,14,10,10,10,0,69,\N,\N,\N,\N,\N,\N,12
8349,368,105,33,29,21,11,11,11,0,69,\N,\N,\N,\N,\N,\N,12
8350,368,159,18,24,9,12,12,12,0,69,\N,\N,\N,\N,\N,\N,12
8351,368,163,27,25,23,13,13,13,0,69,\N,\N,\N,\N,\N,\N,12
8352,368,131,34,8,11,14,14,14,0,69,\N,\N,\N,\N,\N,\N,12
8353,368,119,3,6,6,\N,R,15,0,60,\N,\N,\N,\N,\N,\N,25
8354,368,123,3,5,8,\N,R,16,0,60,\N,\N,\N,\N,\N,\N,25
8355,368,102,1,1,1,\N,R,17,0,48,\N,\N,\N,\N,\N,\N,4
8356,368,95,6,27,3,\N,D,18,0,48,\N,\N,\N,\N,\N,\N,2
8357,368,118,21,9,22,\N,R,19,0,37,\N,\N,\N,\N,\N,\N,3
8358,368,137,32,11,20,\N,R,20,0,33,\N,\N,\N,\N,\N,\N,4
8359,368,133,35,21,7,\N,R,21,0,33,\N,\N,\N,\N,\N,\N,4
8360,368,139,22,20,16,\N,R,22,0,29,\N,\N,\N,\N,\N,\N,22
8361,368,122,37,16,24,\N,R,23,0,25,\N,\N,\N,\N,\N,\N,5
8362,368,158,21,10,26,\N,R,24,0,24,\N,\N,\N,\N,\N,\N,20
8363,368,110,35,22,19,\N,R,25,0,17,\N,\N,\N,\N,\N,\N,10
8364,368,90,42,31,15,\N,R,26,0,11,\N,\N,\N,\N,\N,\N,10
8365,368,65,25,4,0,\N,F,27,0,0,\N,\N,\N,\N,\N,\N,81
8366,368,129,27,26,0,\N,F,28,0,0,\N,\N,\N,\N,\N,\N,81
8367,368,162,48,39,0,\N,F,29,0,0,\N,\N,\N,\N,\N,\N,81
8368,368,157,48,38,0,\N,F,30,0,0,\N,\N,\N,\N,\N,\N,81
8369,368,114,39,41,0,\N,F,31,0,0,\N,\N,\N,\N,\N,\N,97
8370,368,109,46,37,0,\N,F,32,0,0,\N,\N,\N,\N,\N,\N,97
8371,368,160,45,18,0,\N,F,33,0,0,\N,\N,\N,\N,\N,\N,97
8372,368,165,44,33,0,\N,F,34,0,0,\N,\N,\N,\N,\N,\N,97
8373,368,99,39,40,0,\N,F,35,0,0,\N,\N,\N,\N,\N,\N,97
8374,368,78,45,17,0,\N,F,36,0,0,\N,\N,\N,\N,\N,\N,97
8375,368,88,49,35,0,\N,F,37,0,0,\N,\N,\N,\N,\N,\N,97
8376,368,146,49,34,0,\N,F,38,0,0,\N,\N,\N,\N,\N,\N,97
8377,368,134,42,32,0,\N,F,39,0,0,\N,\N,\N,\N,\N,\N,97
8378,369,102,1,1,1,1,1,1,9,73,1:47:48.264,6468264,\N,\N,\N,\N,1
8379,369,77,6,28,2,2,2,2,6,73,+27.051,6495315,\N,\N,\N,\N,1
8380,369,117,1,2,3,3,3,3,4,73,+53.788,6522052,\N,\N,\N,\N,1
8381,369,55,25,4,9,4,4,4,3,72,\N,\N,\N,\N,\N,\N,11
8382,369,119,3,6,6,5,5,5,2,72,\N,\N,\N,\N,\N,\N,11
8383,369,112,33,30,5,6,6,6,1,72,\N,\N,\N,\N,\N,\N,11
8384,369,110,35,22,15,7,7,7,0,72,\N,\N,\N,\N,\N,\N,11
8385,369,137,32,11,7,8,8,8,0,71,\N,\N,\N,\N,\N,\N,12
8386,369,118,21,9,16,9,9,9,0,71,\N,\N,\N,\N,\N,\N,12
8387,369,156,25,3,13,10,10,10,0,71,\N,\N,\N,\N,\N,\N,12
8388,369,158,21,10,22,\N,R,11,0,61,\N,\N,\N,\N,\N,\N,5
8389,369,139,22,20,10,\N,R,12,0,59,\N,\N,\N,\N,\N,\N,20
8390,369,133,35,21,23,\N,R,13,0,55,\N,\N,\N,\N,\N,\N,5
8391,369,84,34,7,8,\N,R,14,0,51,\N,\N,\N,\N,\N,\N,20
8392,369,127,37,15,26,\N,R,15,0,47,\N,\N,\N,\N,\N,\N,4
8393,369,159,18,24,20,\N,R,16,0,47,\N,\N,\N,\N,\N,\N,20
8394,369,123,3,5,21,\N,R,17,0,40,\N,\N,\N,\N,\N,\N,48
8395,369,129,27,26,24,\N,R,18,0,34,\N,\N,\N,\N,\N,\N,5
8396,369,94,18,23,4,\N,R,19,0,27,\N,\N,\N,\N,\N,\N,20
8397,369,122,37,16,19,\N,R,20,0,23,\N,\N,\N,\N,\N,\N,7
8398,369,109,46,37,17,\N,R,21,0,20,\N,\N,\N,\N,\N,\N,6
8399,369,160,45,18,25,\N,R,22,0,17,\N,\N,\N,\N,\N,\N,6
8400,369,145,22,19,14,\N,R,23,0,14,\N,\N,\N,\N,\N,\N,20
8401,369,131,34,8,12,\N,R,24,0,11,\N,\N,\N,\N,\N,\N,10
8402,369,78,45,17,11,\N,R,25,0,6,\N,\N,\N,\N,\N,\N,22
8403,369,138,32,12,18,\N,R,26,0,0,\N,\N,\N,\N,\N,\N,4
8404,369,163,27,25,0,\N,F,27,0,0,\N,\N,\N,\N,\N,\N,81
8405,369,162,48,39,0,\N,F,28,0,0,\N,\N,\N,\N,\N,\N,81
8406,369,148,48,38,0,\N,F,29,0,0,\N,\N,\N,\N,\N,\N,81
8407,369,99,39,40,0,\N,F,30,0,0,\N,\N,\N,\N,\N,\N,97
8408,369,140,46,36,0,\N,F,31,0,0,\N,\N,\N,\N,\N,\N,97
8409,369,90,42,31,0,\N,F,32,0,0,\N,\N,\N,\N,\N,\N,97
8410,369,105,33,29,0,\N,F,33,0,0,\N,\N,\N,\N,\N,\N,97
8411,369,88,49,35,0,\N,F,34,0,0,\N,\N,\N,\N,\N,\N,97
8412,369,114,39,41,0,\N,F,35,0,0,\N,\N,\N,\N,\N,\N,97
8413,369,146,49,34,0,\N,F,36,0,0,\N,\N,\N,\N,\N,\N,97
8414,369,165,44,33,0,\N,F,37,0,0,\N,\N,\N,\N,\N,\N,97
8415,369,134,42,32,0,\N,F,38,0,0,\N,\N,\N,\N,\N,\N,97
8416,370,145,22,19,6,1,1,1,9,53,1:35:06.277,5706277,\N,\N,\N,\N,1
8417,370,119,3,6,5,2,2,2,6,53,+11.904,5718181,\N,\N,\N,\N,1
8418,370,123,3,5,7,3,3,3,4,53,+13.446,5719723,\N,\N,\N,\N,1
8419,370,137,32,11,11,4,4,4,3,53,+1:44.225,5810502,\N,\N,\N,\N,1
8420,370,84,34,7,13,5,5,5,2,52,\N,\N,\N,\N,\N,\N,11
8421,370,118,21,9,25,6,6,6,1,52,\N,\N,\N,\N,\N,\N,11
8422,370,127,37,15,20,7,7,7,0,52,\N,\N,\N,\N,\N,\N,11
8423,370,158,21,10,24,8,8,8,0,52,\N,\N,\N,\N,\N,\N,11
8424,370,133,35,21,15,9,9,9,0,52,\N,\N,\N,\N,\N,\N,11
8425,370,110,35,22,16,10,10,10,0,51,\N,\N,\N,\N,\N,\N,12
8426,370,102,1,1,1,\N,D,11,0,53,\N,\N,\N,\N,\N,\N,2
8427,370,117,1,2,2,\N,R,12,0,46,\N,\N,\N,\N,\N,\N,4
8428,370,131,34,8,9,\N,R,13,0,46,\N,\N,\N,\N,\N,\N,5
8429,370,95,6,27,4,\N,R,14,0,43,\N,\N,\N,\N,\N,\N,5
8430,370,138,32,12,12,\N,R,15,0,41,\N,\N,\N,\N,\N,\N,5
8431,370,55,25,4,18,\N,R,16,0,37,\N,\N,\N,\N,\N,\N,6
8432,370,112,33,30,8,\N,R,17,0,36,\N,\N,\N,\N,\N,\N,5
8433,370,77,6,28,3,\N,R,18,0,34,\N,\N,\N,\N,\N,\N,6
8434,370,139,22,20,22,\N,R,19,0,33,\N,\N,\N,\N,\N,\N,4
8435,370,129,27,26,23,\N,R,20,0,31,\N,\N,\N,\N,\N,\N,5
8436,370,122,37,16,17,\N,R,21,0,27,\N,\N,\N,\N,\N,\N,22
8437,370,78,45,17,10,\N,R,22,0,21,\N,\N,\N,\N,\N,\N,23
8438,370,156,25,3,26,\N,R,23,0,20,\N,\N,\N,\N,\N,\N,95
8439,370,146,49,34,21,\N,R,24,0,1,\N,\N,\N,\N,\N,\N,6
8440,370,159,18,24,14,\N,R,25,0,0,\N,\N,\N,\N,\N,\N,4
8441,370,147,18,23,19,\N,R,26,0,0,\N,\N,\N,\N,\N,\N,8
8442,370,163,27,25,0,\N,F,27,0,0,\N,\N,\N,\N,\N,\N,81
8443,370,105,33,29,0,\N,F,28,0,0,\N,\N,\N,\N,\N,\N,81
8444,370,162,48,38,0,\N,F,29,0,0,\N,\N,\N,\N,\N,\N,81
8445,370,92,48,39,0,\N,F,30,0,0,\N,\N,\N,\N,\N,\N,81
8446,370,160,45,18,0,\N,F,31,0,0,\N,\N,\N,\N,\N,\N,97
8447,370,90,42,31,0,\N,F,32,0,0,\N,\N,\N,\N,\N,\N,97
8448,370,140,46,36,0,\N,F,33,0,0,\N,\N,\N,\N,\N,\N,97
8449,370,88,49,35,0,\N,F,34,0,0,\N,\N,\N,\N,\N,\N,97
8450,370,165,44,33,0,\N,F,35,0,0,\N,\N,\N,\N,\N,\N,97
8451,370,109,46,37,0,\N,F,36,0,0,\N,\N,\N,\N,\N,\N,97
8452,370,99,39,40,0,\N,F,37,0,0,\N,\N,\N,\N,\N,\N,97
8453,370,114,39,41,0,\N,F,38,0,0,\N,\N,\N,\N,\N,\N,97
8454,370,134,42,32,0,\N,F,39,0,0,\N,\N,\N,\N,\N,\N,97
8455,371,123,3,5,5,1,1,1,9,70,2:00:17.421,7217421,\N,\N,\N,\N,1
8456,371,145,22,19,4,2,2,2,6,70,+28.658,7246079,\N,\N,\N,\N,1
8457,371,119,3,6,6,3,3,3,4,70,+37.683,7255104,\N,\N,\N,\N,1
8458,371,138,32,12,23,4,4,4,3,70,+42.331,7259752,\N,\N,\N,\N,1
8459,371,139,22,20,13,5,5,5,2,68,\N,\N,\N,\N,\N,\N,12
8460,371,94,18,23,3,6,6,6,1,67,\N,\N,\N,\N,\N,\N,13
8461,371,127,37,15,25,7,7,7,0,66,\N,\N,\N,\N,\N,\N,14
8462,371,131,34,8,8,8,8,8,0,64,\N,\N,\N,\N,\N,\N,16
8463,371,158,21,10,22,\N,R,9,0,42,\N,\N,\N,\N,\N,\N,20
8464,371,109,46,37,17,\N,R,10,0,27,\N,\N,\N,\N,\N,\N,10
8465,371,129,27,26,24,\N,R,11,0,22,\N,\N,\N,\N,\N,\N,20
8466,371,137,32,11,18,\N,R,12,0,19,\N,\N,\N,\N,\N,\N,4
8467,371,160,45,18,21,\N,R,13,0,18,\N,\N,\N,\N,\N,\N,4
8468,371,95,6,27,7,\N,R,14,0,17,\N,\N,\N,\N,\N,\N,20
8469,371,102,1,1,1,\N,R,15,0,13,\N,\N,\N,\N,\N,\N,4
8470,371,133,35,21,10,\N,R,16,0,13,\N,\N,\N,\N,\N,\N,20
8471,371,122,37,16,16,\N,R,17,0,13,\N,\N,\N,\N,\N,\N,21
8472,371,110,35,22,9,\N,R,18,0,12,\N,\N,\N,\N,\N,\N,20
8473,371,84,34,7,12,\N,R,19,0,12,\N,\N,\N,\N,\N,\N,4
8474,371,118,21,9,20,\N,R,20,0,7,\N,\N,\N,\N,\N,\N,20
8475,371,112,33,30,19,\N,R,21,0,6,\N,\N,\N,\N,\N,\N,4
8476,371,77,6,28,14,\N,R,22,0,6,\N,\N,\N,\N,\N,\N,4
8477,371,55,25,4,15,\N,R,23,0,5,\N,\N,\N,\N,\N,\N,10
8478,371,163,27,25,26,\N,R,24,0,4,\N,\N,\N,\N,\N,\N,4
8479,371,117,1,2,2,\N,R,25,0,0,\N,\N,\N,\N,\N,\N,54
8480,371,78,45,17,11,\N,R,26,0,0,\N,\N,\N,\N,\N,\N,10
8481,371,156,25,3,0,\N,F,27,0,0,\N,\N,\N,\N,\N,\N,81
8482,371,159,18,24,0,\N,F,28,0,0,\N,\N,\N,\N,\N,\N,81
8483,371,92,48,39,0,\N,F,29,0,0,\N,\N,\N,\N,\N,\N,81
8484,371,162,48,38,0,\N,F,30,0,0,\N,\N,\N,\N,\N,\N,81
8485,371,140,46,36,0,\N,F,31,0,0,\N,\N,\N,\N,\N,\N,97
8486,371,105,33,29,0,\N,F,32,0,0,\N,\N,\N,\N,\N,\N,97
8487,371,146,49,34,0,\N,F,33,0,0,\N,\N,\N,\N,\N,\N,97
8488,371,90,42,31,0,\N,F,34,0,0,\N,\N,\N,\N,\N,\N,97
8489,371,165,44,33,0,\N,F,35,0,0,\N,\N,\N,\N,\N,\N,97
8490,371,88,49,35,0,\N,F,36,0,0,\N,\N,\N,\N,\N,\N,97
8491,371,114,39,41,0,\N,F,37,0,0,\N,\N,\N,\N,\N,\N,97
8492,371,99,39,40,0,\N,F,38,0,0,\N,\N,\N,\N,\N,\N,97
8493,371,134,42,32,0,\N,F,39,0,0,\N,\N,\N,\N,\N,\N,97
8494,372,117,1,11,3,1,1,1,9,60,1:36:06.857,5766857,\N,\N,\N,\N,1
8495,372,77,6,28,4,2,2,2,6,60,+9.873,5776730,\N,\N,\N,\N,1
8496,372,137,32,1,5,3,3,3,4,60,+1:08.591,5835448,\N,\N,\N,\N,1
8497,372,118,21,17,11,4,4,4,3,60,+1:13.348,5840205,\N,\N,\N,\N,1
8498,372,105,6,27,6,5,5,5,2,60,+1:14.556,5841413,\N,\N,\N,\N,1
8499,372,138,32,2,10,6,6,6,1,59,\N,\N,\N,\N,\N,\N,11
8500,372,123,22,20,7,7,7,7,0,59,\N,\N,\N,\N,\N,\N,11
8501,372,158,21,18,15,8,8,8,0,59,\N,\N,\N,\N,\N,\N,11
8502,372,140,27,26,21,9,9,9,0,57,\N,\N,\N,\N,\N,\N,13
8503,372,110,48,22,14,\N,R,10,0,53,\N,\N,\N,\N,\N,\N,5
8504,372,156,25,3,22,\N,R,11,0,47,\N,\N,\N,\N,\N,\N,7
8505,372,159,18,24,20,\N,R,12,0,46,\N,\N,\N,\N,\N,\N,83
8506,372,112,33,30,16,\N,R,13,0,40,\N,\N,\N,\N,\N,\N,22
8507,372,99,42,31,25,\N,R,14,0,35,\N,\N,\N,\N,\N,\N,22
8508,372,166,39,14,19,\N,R,15,0,35,\N,\N,\N,\N,\N,\N,23
8509,372,114,33,29,17,\N,R,16,0,32,\N,\N,\N,\N,\N,\N,5
8510,372,102,1,12,1,\N,D,17,0,31,\N,\N,\N,\N,\N,\N,2
8511,372,163,27,25,18,\N,R,18,0,23,\N,\N,\N,\N,\N,\N,8
8512,372,131,44,33,24,\N,R,19,0,20,\N,\N,\N,\N,\N,\N,5
8513,372,95,3,5,2,\N,R,20,0,18,\N,\N,\N,\N,\N,\N,5
8514,372,145,22,19,12,\N,R,21,0,7,\N,\N,\N,\N,\N,\N,5
8515,372,119,3,6,8,\N,R,22,0,6,\N,\N,\N,\N,\N,\N,5
8516,372,122,37,16,9,\N,R,23,0,6,\N,\N,\N,\N,\N,\N,5
8517,372,167,18,23,23,\N,R,24,0,5,\N,\N,\N,\N,\N,\N,83
8518,372,127,37,15,13,\N,R,25,0,0,\N,\N,\N,\N,\N,\N,6
8519,372,165,44,32,26,\N,R,26,0,0,\N,\N,\N,\N,\N,\N,10
8520,372,141,25,4,0,\N,F,27,0,0,\N,\N,\N,\N,\N,\N,81
8521,372,160,49,9,0,\N,F,28,0,0,\N,\N,\N,\N,\N,\N,81
8522,372,78,45,21,0,\N,F,29,0,0,\N,\N,\N,\N,\N,\N,81
8523,372,146,49,10,0,\N,F,30,0,0,\N,\N,\N,\N,\N,\N,81
8524,372,133,35,36,0,\N,F,31,0,0,\N,\N,\N,\N,\N,\N,97
8525,373,102,1,12,1,1,1,1,9,60,1:32:41.264,5561264,\N,\N,\N,\N,1
8526,373,117,1,11,2,2,2,2,6,60,+2.334,5563598,\N,\N,\N,\N,1
8527,373,137,32,1,3,3,3,3,4,59,\N,\N,\N,\N,\N,\N,11
8528,373,123,22,20,8,4,4,4,3,59,\N,\N,\N,\N,\N,\N,11
8529,373,77,6,28,5,5,5,5,2,59,\N,\N,\N,\N,\N,\N,11
8530,373,145,22,19,4,6,6,6,1,59,\N,\N,\N,\N,\N,\N,11
8531,373,158,21,18,7,7,7,7,0,59,\N,\N,\N,\N,\N,\N,11
8532,373,138,32,2,12,8,8,8,0,59,\N,\N,\N,\N,\N,\N,11
8533,373,118,21,17,14,9,9,9,0,58,\N,\N,\N,\N,\N,\N,12
8534,373,166,39,14,13,10,10,10,0,58,\N,\N,\N,\N,\N,\N,12
8535,373,159,18,24,18,11,11,11,0,58,\N,\N,\N,\N,\N,\N,12
8536,373,114,33,29,19,12,12,12,0,58,\N,\N,\N,\N,\N,\N,12
8537,373,119,3,6,6,13,13,13,0,58,\N,\N,\N,\N,\N,\N,12
8538,373,156,25,3,23,14,14,14,0,58,\N,\N,\N,\N,\N,\N,12
8539,373,127,37,15,20,15,15,15,0,58,\N,\N,\N,\N,\N,\N,12
8540,373,167,18,23,22,16,16,16,0,57,\N,\N,\N,\N,\N,\N,13
8541,373,112,33,30,15,17,17,17,0,57,\N,\N,\N,\N,\N,\N,13
8542,373,105,6,27,10,18,18,18,0,54,\N,\N,\N,\N,\N,\N,5
8543,373,131,44,33,26,\N,N,19,0,52,\N,\N,\N,\N,\N,\N,62
8544,373,141,25,4,21,\N,R,20,0,48,\N,\N,\N,\N,\N,\N,6
8545,373,95,3,5,11,\N,R,21,0,42,\N,\N,\N,\N,\N,\N,5
8546,373,99,42,31,17,\N,R,22,0,40,\N,\N,\N,\N,\N,\N,69
8547,373,133,35,36,24,\N,R,23,0,38,\N,\N,\N,\N,\N,\N,6
8548,373,160,49,9,25,\N,R,24,0,36,\N,\N,\N,\N,\N,\N,6
8549,373,122,37,16,9,\N,R,25,0,2,\N,\N,\N,\N,\N,\N,6
8550,373,110,48,22,16,\N,R,26,0,1,\N,\N,\N,\N,\N,\N,22
8551,373,78,45,21,0,\N,E,27,0,0,\N,\N,\N,\N,\N,\N,96
8552,373,165,44,32,0,\N,F,28,0,0,\N,\N,\N,\N,\N,\N,81
8553,373,140,27,26,0,\N,F,29,0,0,\N,\N,\N,\N,\N,\N,81
8554,373,163,27,25,0,\N,F,30,0,0,\N,\N,\N,\N,\N,\N,81
8555,374,117,1,11,2,1,1,1,9,78,1:57:17.077,7037077,\N,\N,\N,\N,1
8556,374,77,6,28,3,2,2,2,6,78,+20.453,7057530,\N,\N,\N,\N,1
8557,374,105,6,27,4,3,3,3,4,78,+41.229,7078306,\N,\N,\N,\N,1
8558,374,118,21,17,7,4,4,4,3,77,\N,\N,\N,\N,\N,\N,11
8559,374,156,25,3,10,5,5,5,2,77,\N,\N,\N,\N,\N,\N,11
8560,374,119,3,6,8,6,6,6,1,77,\N,\N,\N,\N,\N,\N,11
8561,374,114,33,29,21,7,7,7,0,77,\N,\N,\N,\N,\N,\N,11
8562,374,123,22,20,16,8,8,8,0,76,\N,\N,\N,\N,\N,\N,12
8563,374,78,45,21,25,9,9,9,0,75,\N,\N,\N,\N,\N,\N,13
8564,374,122,37,16,22,10,10,10,0,72,\N,\N,\N,\N,\N,\N,16
8565,374,102,1,12,1,\N,R,11,0,66,\N,\N,\N,\N,\N,\N,20
8566,374,112,33,30,13,\N,R,12,0,50,\N,\N,\N,\N,\N,\N,4
8567,374,127,37,15,14,\N,R,13,0,45,\N,\N,\N,\N,\N,\N,69
8568,374,160,49,9,23,\N,R,14,0,43,\N,\N,\N,\N,\N,\N,6
8569,374,145,22,19,6,\N,R,15,0,38,\N,\N,\N,\N,\N,\N,6
8570,374,159,18,24,15,\N,R,16,0,36,\N,\N,\N,\N,\N,\N,86
8571,374,95,3,5,5,\N,R,17,0,32,\N,\N,\N,\N,\N,\N,4
8572,374,110,48,22,19,\N,R,18,0,28,\N,\N,\N,\N,\N,\N,5
8573,374,163,27,25,20,\N,R,19,0,17,\N,\N,\N,\N,\N,\N,5
8574,374,165,44,32,18,\N,R,20,0,14,\N,\N,\N,\N,\N,\N,23
8575,374,158,21,18,9,\N,R,21,0,8,\N,\N,\N,\N,\N,\N,5
8576,374,140,27,26,26,\N,R,22,0,6,\N,\N,\N,\N,\N,\N,5
8577,374,99,42,31,24,\N,R,23,0,5,\N,\N,\N,\N,\N,\N,22
8578,374,137,32,1,11,\N,R,24,0,1,\N,\N,\N,\N,\N,\N,4
8579,374,133,35,36,17,\N,R,25,0,0,\N,\N,\N,\N,\N,\N,20
8580,374,166,39,14,12,\N,R,26,0,0,\N,\N,\N,\N,\N,\N,37
8581,374,138,32,2,0,\N,F,27,0,0,\N,\N,\N,\N,\N,\N,81
8582,374,146,49,10,0,\N,F,28,0,0,\N,\N,\N,\N,\N,\N,81
8583,374,167,18,23,0,\N,F,29,0,0,\N,\N,\N,\N,\N,\N,81
8584,374,141,25,4,0,\N,F,30,0,0,\N,\N,\N,\N,\N,\N,81
8585,374,131,44,33,0,\N,E,31,0,0,\N,\N,\N,\N,\N,\N,96
8586,375,117,1,11,2,1,1,1,9,67,1:30:15.737,5415737,\N,\N,\N,\N,1
8587,375,102,1,12,1,2,2,2,6,67,+7.104,5422841,\N,\N,\N,\N,1
8588,375,77,6,28,3,3,3,3,4,67,+57.314,5473051,\N,\N,\N,\N,1
8589,375,105,6,27,5,4,4,4,3,66,\N,\N,\N,\N,\N,\N,11
8590,375,118,21,17,9,5,5,5,2,66,\N,\N,\N,\N,\N,\N,11
8591,375,158,21,18,7,6,6,6,1,66,\N,\N,\N,\N,\N,\N,11
8592,375,145,22,19,8,7,7,7,0,65,\N,\N,\N,\N,\N,\N,12
8593,375,123,22,20,11,8,8,8,0,64,\N,\N,\N,\N,\N,\N,13
8594,375,114,33,29,22,9,9,9,0,64,\N,\N,\N,\N,\N,\N,13
8595,375,140,27,26,24,10,10,10,0,63,\N,\N,\N,\N,\N,\N,14
8596,375,159,18,24,25,11,11,11,0,63,\N,\N,\N,\N,\N,\N,14
8597,375,166,39,14,19,12,12,12,0,63,\N,\N,\N,\N,\N,\N,14
8598,375,165,44,32,26,13,13,13,0,63,\N,\N,\N,\N,\N,\N,14
8599,375,99,42,31,21,14,14,14,0,62,\N,\N,\N,\N,\N,\N,15
8600,375,160,49,9,18,15,15,15,0,61,\N,\N,\N,\N,\N,\N,16
8601,375,122,37,16,10,16,16,16,0,61,\N,\N,\N,\N,\N,\N,16
8602,375,137,32,1,4,\N,R,17,0,58,\N,\N,\N,\N,\N,\N,5
8603,375,110,48,22,12,\N,R,18,0,52,\N,\N,\N,\N,\N,\N,6
8604,375,138,32,2,6,\N,R,19,0,27,\N,\N,\N,\N,\N,\N,5
8605,375,95,3,5,14,\N,R,20,0,20,\N,\N,\N,\N,\N,\N,5
8606,375,146,49,10,15,\N,R,21,0,16,\N,\N,\N,\N,\N,\N,5
8607,375,119,3,6,17,\N,R,22,0,16,\N,\N,\N,\N,\N,\N,5
8608,375,163,27,25,20,\N,R,23,0,13,\N,\N,\N,\N,\N,\N,3
8609,375,133,35,36,23,\N,R,24,0,13,\N,\N,\N,\N,\N,\N,23
8610,375,127,37,15,16,\N,R,25,0,10,\N,\N,\N,\N,\N,\N,10
8611,375,112,33,30,13,\N,R,26,0,0,\N,\N,\N,\N,\N,\N,22
8612,375,167,18,23,0,\N,F,27,0,0,\N,\N,\N,\N,\N,\N,81
8613,375,156,25,3,0,\N,F,28,0,0,\N,\N,\N,\N,\N,\N,81
8614,375,78,45,21,0,\N,F,29,0,0,\N,\N,\N,\N,\N,\N,81
8615,375,141,25,4,0,\N,F,30,0,0,\N,\N,\N,\N,\N,\N,81
8616,375,131,44,33,0,\N,E,31,0,0,\N,\N,\N,\N,\N,\N,96
8617,376,102,1,12,1,1,1,1,9,69,1:39:46.618,5986618,\N,\N,\N,\N,1
8618,376,117,1,11,2,2,2,2,6,69,+5.934,5992552,\N,\N,\N,\N,1
8619,376,123,22,20,7,3,3,3,4,69,+51.409,6038027,\N,\N,\N,\N,1
8620,376,137,32,1,6,4,4,4,3,68,\N,\N,\N,\N,\N,\N,11
8621,376,122,37,16,14,5,5,5,2,68,\N,\N,\N,\N,\N,\N,11
8622,376,156,25,3,19,6,6,6,1,67,\N,\N,\N,\N,\N,\N,12
8623,376,118,21,17,16,7,7,7,0,67,\N,\N,\N,\N,\N,\N,12
8624,376,99,42,31,26,8,8,8,0,67,\N,\N,\N,\N,\N,\N,12
8625,376,110,48,22,12,9,9,9,0,66,\N,\N,\N,\N,\N,\N,60
8626,376,112,33,30,17,10,10,10,0,66,\N,\N,\N,\N,\N,\N,10
8627,376,138,32,2,13,11,11,11,0,66,\N,\N,\N,\N,\N,\N,13
8628,376,131,44,33,15,12,12,12,0,66,\N,\N,\N,\N,\N,\N,13
8629,376,159,18,24,21,13,13,13,0,64,\N,\N,\N,\N,\N,\N,15
8630,376,160,49,9,22,14,14,14,0,63,\N,\N,\N,\N,\N,\N,5
8631,376,127,37,15,18,\N,R,15,0,54,\N,\N,\N,\N,\N,\N,6
8632,376,166,39,14,10,\N,R,16,0,41,\N,\N,\N,\N,\N,\N,22
8633,376,163,27,25,20,\N,R,17,0,36,\N,\N,\N,\N,\N,\N,7
8634,376,105,6,27,4,\N,R,18,0,33,\N,\N,\N,\N,\N,\N,5
8635,376,119,3,6,11,\N,R,19,0,32,\N,\N,\N,\N,\N,\N,5
8636,376,158,21,18,8,\N,R,20,0,31,\N,\N,\N,\N,\N,\N,37
8637,376,95,3,5,9,\N,R,21,0,28,\N,\N,\N,\N,\N,\N,5
8638,376,140,27,26,25,\N,R,22,0,24,\N,\N,\N,\N,\N,\N,5
8639,376,77,6,28,3,\N,R,23,0,22,\N,\N,\N,\N,\N,\N,10
8640,376,145,22,19,5,\N,R,24,0,15,\N,\N,\N,\N,\N,\N,80
8641,376,165,44,32,24,\N,R,25,0,8,\N,\N,\N,\N,\N,\N,83
8642,376,141,25,4,23,\N,R,26,0,0,\N,\N,\N,\N,\N,\N,4
8643,376,167,18,23,0,\N,F,27,0,0,\N,\N,\N,\N,\N,\N,81
8644,376,78,45,21,0,\N,F,28,0,0,\N,\N,\N,\N,\N,\N,81
8645,376,114,33,29,0,\N,F,29,0,0,\N,\N,\N,\N,\N,\N,81
8646,376,146,49,10,0,\N,F,30,0,0,\N,\N,\N,\N,\N,\N,81
8647,376,133,35,36,0,\N,F,31,0,0,\N,\N,\N,\N,\N,\N,97
8648,377,102,1,12,1,1,1,1,9,63,1:54:56.035,6896035,\N,\N,\N,\N,1
8649,377,117,1,11,4,2,2,2,6,63,+38.713,6934748,\N,\N,\N,\N,1
8650,377,123,22,20,5,3,3,3,4,62,\N,\N,\N,\N,\N,\N,11
8651,377,110,48,22,12,4,4,4,3,62,\N,\N,\N,\N,\N,\N,11
8652,377,156,25,3,17,5,5,5,2,62,\N,\N,\N,\N,\N,\N,11
8653,377,94,18,23,16,6,6,6,1,62,\N,\N,\N,\N,\N,\N,11
8654,377,114,33,29,24,7,7,7,0,61,\N,\N,\N,\N,\N,\N,12
8655,377,133,35,36,21,8,8,8,0,61,\N,\N,\N,\N,\N,\N,12
8656,377,141,25,4,22,9,9,9,0,59,\N,\N,\N,\N,\N,\N,20
8657,377,159,18,24,25,\N,R,10,0,54,\N,\N,\N,\N,\N,\N,6
8658,377,112,33,30,14,\N,R,11,0,46,\N,\N,\N,\N,\N,\N,86
8659,377,131,44,33,19,\N,R,12,0,46,\N,\N,\N,\N,\N,\N,20
8660,377,105,6,27,3,\N,R,13,0,45,\N,\N,\N,\N,\N,\N,4
8661,377,163,27,25,20,\N,R,14,0,45,\N,\N,\N,\N,\N,\N,25
8662,377,127,37,15,13,\N,R,15,0,34,\N,\N,\N,\N,\N,\N,5
8663,377,119,3,6,10,\N,R,16,0,26,\N,\N,\N,\N,\N,\N,10
8664,377,137,32,1,8,\N,R,17,0,26,\N,\N,\N,\N,\N,\N,20
8665,377,165,44,32,23,\N,R,18,0,26,\N,\N,\N,\N,\N,\N,6
8666,377,118,21,17,9,\N,R,19,0,24,\N,\N,\N,\N,\N,\N,20
8667,377,95,3,5,6,\N,R,20,0,18,\N,\N,\N,\N,\N,\N,5
8668,377,166,39,14,11,\N,R,21,0,15,\N,\N,\N,\N,\N,\N,22
8669,377,145,22,19,7,\N,R,22,0,14,\N,\N,\N,\N,\N,\N,22
8670,377,158,21,18,15,\N,R,23,0,14,\N,\N,\N,\N,\N,\N,10
8671,377,78,45,21,26,\N,R,24,0,7,\N,\N,\N,\N,\N,\N,5
8672,377,77,6,28,2,\N,R,25,0,6,\N,\N,\N,\N,\N,\N,29
8673,377,140,27,26,18,\N,R,26,0,2,\N,\N,\N,\N,\N,\N,25
8674,377,122,37,16,0,\N,W,27,0,0,\N,\N,\N,\N,\N,\N,73
8675,377,138,32,2,0,\N,F,28,0,0,\N,\N,\N,\N,\N,\N,81
8676,377,146,49,10,0,\N,F,29,0,0,\N,\N,\N,\N,\N,\N,81
8677,377,160,49,9,0,\N,F,30,0,0,\N,\N,\N,\N,\N,\N,81
8678,377,99,42,31,0,\N,F,31,0,0,\N,\N,\N,\N,\N,\N,81
8679,378,117,1,11,1,1,1,1,9,80,1:37:37.328,5857328,\N,\N,\N,\N,1
8680,378,102,1,12,2,2,2,2,6,80,+31.752,5889080,\N,\N,\N,\N,1
8681,378,105,6,27,4,3,3,3,4,80,+1:06.505,5923833,\N,\N,\N,\N,1
8682,378,77,6,28,3,4,4,4,3,79,\N,\N,\N,\N,\N,\N,11
8683,378,137,32,1,7,5,5,5,2,79,\N,\N,\N,\N,\N,\N,11
8684,378,145,22,19,6,6,6,6,1,79,\N,\N,\N,\N,\N,\N,11
8685,378,138,32,2,8,7,7,7,0,79,\N,\N,\N,\N,\N,\N,11
8686,378,127,37,15,16,8,8,8,0,79,\N,\N,\N,\N,\N,\N,11
8687,378,122,37,16,10,9,9,9,0,79,\N,\N,\N,\N,\N,\N,11
8688,378,110,48,22,12,10,10,10,0,78,\N,\N,\N,\N,\N,\N,12
8689,378,158,21,18,13,11,11,11,0,78,\N,\N,\N,\N,\N,\N,12
8690,378,133,35,36,14,12,12,12,0,78,\N,\N,\N,\N,\N,\N,12
8691,378,114,33,29,19,13,13,13,0,78,\N,\N,\N,\N,\N,\N,12
8692,378,131,44,33,20,14,14,14,0,77,\N,\N,\N,\N,\N,\N,13
8693,378,94,18,23,22,15,15,15,0,77,\N,\N,\N,\N,\N,\N,13
8694,378,159,18,24,25,\N,N,16,0,70,\N,\N,\N,\N,\N,\N,62
8695,378,165,44,32,26,\N,R,17,0,64,\N,\N,\N,\N,\N,\N,8
8696,378,78,45,21,24,\N,R,18,0,56,\N,\N,\N,\N,\N,\N,86
8697,378,146,49,10,21,\N,R,19,0,55,\N,\N,\N,\N,\N,\N,6
8698,378,95,3,5,9,\N,R,20,0,48,\N,\N,\N,\N,\N,\N,22
8699,378,112,33,30,18,\N,R,21,0,46,\N,\N,\N,\N,\N,\N,10
8700,378,156,25,3,23,\N,R,22,0,40,\N,\N,\N,\N,\N,\N,5
8701,378,119,3,6,15,\N,R,23,0,35,\N,\N,\N,\N,\N,\N,23
8702,378,123,22,20,5,\N,R,24,0,28,\N,\N,\N,\N,\N,\N,5
8703,378,166,39,14,17,\N,R,25,0,20,\N,\N,\N,\N,\N,\N,95
8704,378,118,21,17,11,\N,R,26,0,11,\N,\N,\N,\N,\N,\N,20
8705,378,163,27,25,0,\N,F,27,0,0,\N,\N,\N,\N,\N,\N,81
8706,378,141,25,4,0,\N,F,28,0,0,\N,\N,\N,\N,\N,\N,81
8707,378,140,27,26,0,\N,F,29,0,0,\N,\N,\N,\N,\N,\N,81
8708,378,99,42,31,0,\N,F,30,0,0,\N,\N,\N,\N,\N,\N,97
8709,378,160,49,9,0,\N,E,31,0,0,\N,\N,\N,\N,\N,\N,96
8710,379,102,1,12,3,1,1,1,9,65,1:33:16.367,5596367,\N,\N,\N,\N,1
8711,379,95,3,5,11,2,2,2,6,65,+23.344,5619711,\N,\N,\N,\N,1
8712,379,145,22,19,8,3,3,3,4,65,+51.214,5647581,\N,\N,\N,\N,1
8713,379,127,37,15,5,4,4,4,3,65,+1:11.378,5667745,\N,\N,\N,\N,1
8714,379,137,32,1,7,5,5,5,2,65,+1:20.835,5677202,\N,\N,\N,\N,1
8715,379,118,21,17,9,6,6,6,1,64,\N,\N,\N,\N,\N,\N,11
8716,379,158,21,18,13,7,7,7,0,64,\N,\N,\N,\N,\N,\N,11
8717,379,119,3,6,15,8,8,8,0,64,\N,\N,\N,\N,\N,\N,11
8718,379,77,6,28,1,9,9,9,0,64,\N,\N,\N,\N,\N,\N,11
8719,379,138,32,2,10,10,10,10,0,64,\N,\N,\N,\N,\N,\N,11
8720,379,133,35,36,21,11,11,11,0,64,\N,\N,\N,\N,\N,\N,11
8721,379,131,44,33,20,12,12,12,0,64,\N,\N,\N,\N,\N,\N,11
8722,379,114,33,29,23,13,13,13,0,63,\N,\N,\N,\N,\N,\N,12
8723,379,112,33,30,22,14,14,14,0,63,\N,\N,\N,\N,\N,\N,12
8724,379,94,18,23,19,15,15,15,0,63,\N,\N,\N,\N,\N,\N,12
8725,379,141,25,4,24,16,16,16,0,63,\N,\N,\N,\N,\N,\N,12
8726,379,105,6,27,2,17,17,17,0,62,\N,\N,\N,\N,\N,\N,60
8727,379,163,27,25,25,18,18,18,0,62,\N,\N,\N,\N,\N,\N,13
8728,379,78,45,21,26,19,19,19,0,60,\N,\N,\N,\N,\N,\N,60
8729,379,123,22,20,12,\N,R,20,0,38,\N,\N,\N,\N,\N,\N,7
8730,379,122,37,16,6,\N,R,21,0,34,\N,\N,\N,\N,\N,\N,91
8731,379,117,1,11,4,\N,R,22,0,24,\N,\N,\N,\N,\N,\N,64
8732,379,156,25,3,17,\N,R,23,0,14,\N,\N,\N,\N,\N,\N,5
8733,379,110,48,22,14,\N,R,24,0,9,\N,\N,\N,\N,\N,\N,8
8734,379,166,39,14,16,\N,R,25,0,8,\N,\N,\N,\N,\N,\N,41
8735,379,159,18,24,18,\N,R,26,0,0,\N,\N,\N,\N,\N,\N,22
8736,379,165,44,32,0,\N,F,27,0,0,\N,\N,\N,\N,\N,\N,81
8737,379,160,49,9,0,\N,F,28,0,0,\N,\N,\N,\N,\N,\N,81
8738,379,140,27,26,0,\N,F,29,0,0,\N,\N,\N,\N,\N,\N,81
8739,379,146,49,10,0,\N,F,30,0,0,\N,\N,\N,\N,\N,\N,81
8740,379,99,42,31,0,\N,F,31,0,0,\N,\N,\N,\N,\N,\N,97
8741,380,102,1,12,1,1,1,1,9,44,1:32:54.188,5574188,\N,\N,\N,\N,1
8742,380,117,1,11,2,2,2,2,6,44,+13.609,5587797,\N,\N,\N,\N,1
8743,380,77,6,28,3,3,3,3,4,44,+52.095,5626283,\N,\N,\N,\N,1
8744,380,105,6,27,4,4,4,4,3,44,+1:40.912,5675100,\N,\N,\N,\N,1
8745,380,122,37,16,7,5,5,5,2,44,+1:49.606,5683794,\N,\N,\N,\N,1
8746,380,123,22,20,9,6,6,6,1,43,\N,\N,\N,\N,\N,\N,11
8747,380,118,21,17,12,7,7,7,0,43,\N,\N,\N,\N,\N,\N,11
8748,380,127,37,15,10,8,8,8,0,43,\N,\N,\N,\N,\N,\N,11
8749,380,138,32,2,8,9,9,9,0,43,\N,\N,\N,\N,\N,\N,11
8750,380,158,21,18,15,10,10,10,0,43,\N,\N,\N,\N,\N,\N,11
8751,380,156,25,3,24,11,11,11,0,43,\N,\N,\N,\N,\N,\N,11
8752,380,146,49,10,22,12,12,12,0,43,\N,\N,\N,\N,\N,\N,11
8753,380,110,48,22,14,13,13,13,0,42,\N,\N,\N,\N,\N,\N,12
8754,380,160,49,9,23,14,14,14,0,42,\N,\N,\N,\N,\N,\N,12
8755,380,133,35,36,19,15,15,15,0,42,\N,\N,\N,\N,\N,\N,12
8756,380,165,44,32,26,16,16,16,0,42,\N,\N,\N,\N,\N,\N,12
8757,380,163,27,25,17,17,17,17,0,41,\N,\N,\N,\N,\N,\N,13
8758,380,145,22,19,6,18,18,18,0,40,\N,\N,\N,\N,\N,\N,14
8759,380,114,33,29,21,19,19,19,0,39,\N,\N,\N,\N,\N,\N,8
8760,380,166,39,14,16,\N,R,20,0,38,\N,\N,\N,\N,\N,\N,37
8761,380,119,3,6,13,\N,R,21,0,34,\N,\N,\N,\N,\N,\N,20
8762,380,78,45,21,18,\N,R,22,0,27,\N,\N,\N,\N,\N,\N,5
8763,380,95,3,5,11,\N,R,23,0,16,\N,\N,\N,\N,\N,\N,20
8764,380,131,44,33,25,\N,R,24,0,15,\N,\N,\N,\N,\N,\N,5
8765,380,112,33,30,20,\N,R,25,0,8,\N,\N,\N,\N,\N,\N,20
8766,380,137,32,1,5,\N,R,26,0,1,\N,\N,\N,\N,\N,\N,20
8767,380,159,18,24,0,\N,F,27,0,0,\N,\N,\N,\N,\N,\N,81
8768,380,140,27,26,0,\N,F,28,0,0,\N,\N,\N,\N,\N,\N,81
8769,380,141,25,4,0,\N,F,29,0,0,\N,\N,\N,\N,\N,\N,81
8770,380,94,18,23,0,\N,F,30,0,0,\N,\N,\N,\N,\N,\N,81
8771,380,99,42,31,0,\N,F,31,0,0,\N,\N,\N,\N,\N,\N,97
8772,381,102,1,12,1,1,1,1,9,76,1:57:47.081,7067081,\N,\N,\N,\N,1
8773,381,117,1,11,7,2,2,2,6,76,+0.529,7067610,\N,\N,\N,\N,1
8774,381,123,22,20,3,3,3,3,4,76,+31.410,7098491,\N,\N,\N,\N,1
8775,381,77,6,28,9,4,4,4,3,76,+1:28.670,7155751,\N,\N,\N,\N,1
8776,381,127,37,15,8,5,5,5,2,75,\N,\N,\N,\N,\N,\N,11
8777,381,119,3,6,6,6,6,6,1,75,\N,\N,\N,\N,\N,\N,11
8778,381,138,32,2,19,7,7,7,0,73,\N,\N,\N,\N,\N,\N,13
8779,381,137,32,1,13,8,8,8,0,73,\N,\N,\N,\N,\N,\N,13
8780,381,114,33,29,17,9,9,9,0,73,\N,\N,\N,\N,\N,\N,13
8781,381,159,18,24,11,10,10,10,0,72,\N,\N,\N,\N,\N,\N,14
8782,381,131,44,33,26,11,11,11,0,72,\N,\N,\N,\N,\N,\N,14
8783,381,112,33,30,20,12,12,12,0,72,\N,\N,\N,\N,\N,\N,14
8784,381,99,42,31,22,13,13,13,0,71,\N,\N,\N,\N,\N,\N,15
8785,381,118,21,17,12,\N,R,14,0,65,\N,\N,\N,\N,\N,\N,23
8786,381,95,3,5,2,\N,R,15,0,60,\N,\N,\N,\N,\N,\N,100
8787,381,158,21,18,14,\N,R,16,0,55,\N,\N,\N,\N,\N,\N,23
8788,381,105,6,27,15,\N,R,17,0,40,\N,\N,\N,\N,\N,\N,10
8789,381,163,27,25,25,\N,R,18,0,32,\N,\N,\N,\N,\N,\N,5
8790,381,110,48,22,18,\N,R,19,0,28,\N,\N,\N,\N,\N,\N,86
8791,381,145,22,19,5,\N,R,20,0,24,\N,\N,\N,\N,\N,\N,25
8792,381,133,35,36,10,\N,R,21,0,22,\N,\N,\N,\N,\N,\N,5
8793,381,140,27,26,24,\N,R,22,0,19,\N,\N,\N,\N,\N,\N,37
8794,381,94,18,23,16,\N,R,23,0,8,\N,\N,\N,\N,\N,\N,4
8795,381,166,39,14,23,\N,R,24,0,8,\N,\N,\N,\N,\N,\N,4
8796,381,122,37,16,4,\N,R,25,0,5,\N,\N,\N,\N,\N,\N,5
8797,381,156,25,3,21,\N,R,26,0,3,\N,\N,\N,\N,\N,\N,5
8798,381,165,44,32,0,\N,F,27,0,0,\N,\N,\N,\N,\N,\N,81
8799,381,146,49,10,0,\N,F,28,0,0,\N,\N,\N,\N,\N,\N,81
8800,381,141,25,4,0,\N,F,29,0,0,\N,\N,\N,\N,\N,\N,81
8801,381,160,49,9,0,\N,F,30,0,0,\N,\N,\N,\N,\N,\N,81
8802,381,78,45,21,0,\N,F,31,0,0,\N,\N,\N,\N,\N,\N,97
8803,382,102,1,12,1,1,1,1,9,43,1:28:00.549,5280549,\N,\N,\N,\N,1
8804,382,117,1,11,2,2,2,2,6,43,+30.470,5311019,\N,\N,\N,\N,1
8805,382,122,37,16,14,3,3,3,4,43,+1:15.768,5356317,\N,\N,\N,\N,1
8806,382,137,32,1,9,4,4,4,3,43,+1:23.628,5364177,\N,\N,\N,\N,1
8807,382,118,21,17,10,5,5,5,2,43,+1:25.355,5365904,\N,\N,\N,\N,1
8808,382,158,21,18,11,6,6,6,1,42,\N,\N,\N,\N,\N,\N,11
8809,382,84,3,5,12,7,7,7,0,42,\N,\N,\N,\N,\N,\N,11
8810,382,133,35,36,15,8,8,8,0,42,\N,\N,\N,\N,\N,\N,11
8811,382,112,33,30,16,9,9,9,0,42,\N,\N,\N,\N,\N,\N,11
8812,382,166,39,14,18,10,10,10,0,42,\N,\N,\N,\N,\N,\N,11
8813,382,140,27,26,20,11,11,11,0,39,\N,\N,\N,\N,\N,\N,5
8814,382,156,25,3,21,12,12,12,0,39,\N,\N,\N,\N,\N,\N,37
8815,382,146,49,10,25,13,13,13,0,38,\N,\N,\N,\N,\N,\N,6
8816,382,123,22,20,6,\N,D,14,0,43,\N,\N,\N,\N,\N,\N,2
8817,382,145,22,19,7,\N,D,15,0,43,\N,\N,\N,\N,\N,\N,2
8818,382,99,42,31,22,\N,R,16,0,36,\N,\N,\N,\N,\N,\N,38
8819,382,105,6,27,4,\N,R,17,0,35,\N,\N,\N,\N,\N,\N,5
8820,382,119,3,6,5,\N,R,18,0,30,\N,\N,\N,\N,\N,\N,5
8821,382,127,37,15,13,\N,R,19,0,29,\N,\N,\N,\N,\N,\N,20
8822,382,160,49,9,24,\N,R,20,0,25,\N,\N,\N,\N,\N,\N,44
8823,382,138,32,2,8,\N,R,21,0,22,\N,\N,\N,\N,\N,\N,5
8824,382,78,45,21,26,\N,R,22,0,14,\N,\N,\N,\N,\N,\N,69
8825,382,77,6,28,3,\N,R,23,0,11,\N,\N,\N,\N,\N,\N,98
8826,382,114,33,29,23,\N,R,24,0,9,\N,\N,\N,\N,\N,\N,5
8827,382,110,48,22,19,\N,R,25,0,2,\N,\N,\N,\N,\N,\N,3
8828,382,163,27,25,17,\N,R,26,0,2,\N,\N,\N,\N,\N,\N,3
8829,382,159,18,24,0,\N,F,27,0,0,\N,\N,\N,\N,\N,\N,81
8830,382,94,18,23,0,\N,F,28,0,0,\N,\N,\N,\N,\N,\N,81
8831,382,131,44,33,0,\N,F,29,0,0,\N,\N,\N,\N,\N,\N,81
8832,382,141,25,4,0,\N,F,30,0,0,\N,\N,\N,\N,\N,\N,81
8833,382,165,44,32,0,\N,F,31,0,0,\N,\N,\N,\N,\N,\N,97
8834,383,77,6,28,3,1,1,1,9,51,1:17:39.744,4659744,\N,\N,\N,\N,1
8835,383,105,6,27,4,2,2,2,6,51,+0.502,4660246,\N,\N,\N,\N,1
8836,383,158,21,18,5,3,3,3,4,51,+35.532,4695276,\N,\N,\N,\N,1
8837,383,118,21,17,6,4,4,4,3,51,+36.114,4695858,\N,\N,\N,\N,1
8838,383,122,37,16,11,5,5,5,2,51,+52.522,4712266,\N,\N,\N,\N,1
8839,383,123,22,20,8,6,6,6,1,51,+59.878,4719622,\N,\N,\N,\N,1
8840,383,119,3,6,10,7,7,7,0,51,+1:14.743,4734487,\N,\N,\N,\N,1
8841,383,127,37,15,13,8,8,8,0,51,+1:32.566,4752310,\N,\N,\N,\N,1
8842,383,145,22,19,9,9,9,9,0,50,\N,\N,\N,\N,\N,\N,11
8843,383,102,1,12,1,10,10,10,0,49,\N,\N,\N,\N,\N,\N,4
8844,383,168,3,5,22,11,11,11,0,49,\N,\N,\N,\N,\N,\N,12
8845,383,141,25,4,26,12,12,12,0,49,\N,\N,\N,\N,\N,\N,12
8846,383,163,27,25,24,13,13,13,0,49,\N,\N,\N,\N,\N,\N,12
8847,383,117,1,11,2,\N,R,14,0,34,\N,\N,\N,\N,\N,\N,5
8848,383,112,33,30,20,\N,R,15,0,33,\N,\N,\N,\N,\N,\N,5
8849,383,166,39,14,23,\N,R,16,0,31,\N,\N,\N,\N,\N,\N,8
8850,383,146,49,10,15,\N,R,17,0,28,\N,\N,\N,\N,\N,\N,5
8851,383,110,48,22,18,\N,R,18,0,27,\N,\N,\N,\N,\N,\N,83
8852,383,160,49,9,16,\N,R,19,0,25,\N,\N,\N,\N,\N,\N,5
8853,383,133,35,36,21,\N,R,20,0,24,\N,\N,\N,\N,\N,\N,5
8854,383,114,33,29,25,\N,R,21,0,17,\N,\N,\N,\N,\N,\N,21
8855,383,94,18,23,14,\N,R,22,0,15,\N,\N,\N,\N,\N,\N,5
8856,383,138,32,2,12,\N,R,23,0,14,\N,\N,\N,\N,\N,\N,5
8857,383,159,18,24,19,\N,R,24,0,12,\N,\N,\N,\N,\N,\N,6
8858,383,137,32,1,7,\N,R,25,0,11,\N,\N,\N,\N,\N,\N,8
8859,383,78,45,21,17,\N,R,26,0,2,\N,\N,\N,\N,\N,\N,5
8860,383,156,25,3,0,\N,F,27,0,0,\N,\N,\N,\N,\N,\N,81
8861,383,140,27,26,0,\N,F,28,0,0,\N,\N,\N,\N,\N,\N,81
8862,383,99,42,31,0,\N,F,29,0,0,\N,\N,\N,\N,\N,\N,81
8863,383,131,44,33,0,\N,F,30,0,0,\N,\N,\N,\N,\N,\N,81
8864,383,165,44,32,0,\N,F,31,0,0,\N,\N,\N,\N,\N,\N,97
8865,384,117,1,11,1,1,1,1,9,70,1:37:40.958,5860958,\N,\N,\N,\N,1
8866,384,122,37,16,3,2,2,2,6,70,+9.553,5870511,\N,\N,\N,\N,1
8867,384,123,22,20,13,3,3,3,4,70,+44.619,5905577,\N,\N,\N,\N,1
8868,384,118,21,17,10,4,4,4,3,70,+1:07.419,5928377,\N,\N,\N,\N,1
8869,384,105,6,27,7,5,5,5,2,70,+1:11.884,5932842,\N,\N,\N,\N,1
8870,384,102,1,12,2,6,6,6,1,70,+1:18.269,5939227,\N,\N,\N,\N,1
8871,384,133,35,36,17,7,7,7,0,69,\N,\N,\N,\N,\N,\N,11
8872,384,159,18,24,19,8,8,8,0,68,\N,\N,\N,\N,\N,\N,12
8873,384,166,39,14,21,9,9,9,0,68,\N,\N,\N,\N,\N,\N,12
8874,384,163,27,25,23,10,10,10,0,68,\N,\N,\N,\N,\N,\N,12
8875,384,99,42,31,26,11,11,11,0,65,\N,\N,\N,\N,\N,\N,15
8876,384,78,45,21,25,12,12,12,0,63,\N,\N,\N,\N,\N,\N,17
8877,384,127,37,15,5,\N,R,13,0,59,\N,\N,\N,\N,\N,\N,5
8878,384,95,3,5,6,\N,R,14,0,54,\N,\N,\N,\N,\N,\N,20
8879,384,156,25,3,22,\N,R,15,0,53,\N,\N,\N,\N,\N,\N,25
8880,384,145,22,19,9,\N,R,16,0,52,\N,\N,\N,\N,\N,\N,64
8881,384,77,6,28,4,\N,R,17,0,35,\N,\N,\N,\N,\N,\N,20
8882,384,137,32,1,8,\N,R,18,0,34,\N,\N,\N,\N,\N,\N,8
8883,384,119,3,6,11,\N,R,19,0,29,\N,\N,\N,\N,\N,\N,21
8884,384,94,18,23,14,\N,R,20,0,27,\N,\N,\N,\N,\N,\N,5
8885,384,114,33,29,15,\N,R,21,0,20,\N,\N,\N,\N,\N,\N,91
8886,384,138,32,2,16,\N,R,22,0,16,\N,\N,\N,\N,\N,\N,20
8887,384,110,48,22,12,\N,R,23,0,11,\N,\N,\N,\N,\N,\N,86
8888,384,158,21,18,18,\N,R,24,0,10,\N,\N,\N,\N,\N,\N,101
8889,384,112,33,30,20,\N,R,25,0,7,\N,\N,\N,\N,\N,\N,5
8890,384,140,27,26,24,\N,R,26,0,4,\N,\N,\N,\N,\N,\N,5
8891,384,141,25,4,0,\N,F,27,0,0,\N,\N,\N,\N,\N,\N,81
8892,384,160,49,9,0,\N,F,28,0,0,\N,\N,\N,\N,\N,\N,81
8893,384,131,44,33,0,\N,F,29,0,0,\N,\N,\N,\N,\N,\N,81
8894,384,146,49,10,0,\N,F,30,0,0,\N,\N,\N,\N,\N,\N,81
8895,384,165,44,32,0,\N,F,31,0,0,\N,\N,\N,\N,\N,\N,97
8896,385,117,1,11,2,1,1,1,9,72,1:48:43.851,6523851,\N,\N,\N,\N,1
8897,385,95,3,5,3,2,2,2,6,72,+26.232,6550083,\N,\N,\N,\N,1
8898,385,145,22,19,5,3,3,3,4,72,+35.446,6559297,\N,\N,\N,\N,1
8899,385,102,1,12,1,4,4,4,3,72,+46.710,6570561,\N,\N,\N,\N,1
8900,385,119,3,6,7,5,5,5,2,72,+47.430,6571281,\N,\N,\N,\N,1
8901,385,77,6,28,8,6,6,6,1,72,+51.813,6575664,\N,\N,\N,\N,1
8902,385,127,37,15,11,7,7,7,0,72,+1:15.964,6599815,\N,\N,\N,\N,1
8903,385,137,32,1,9,8,8,8,0,72,+1:17.309,6601160,\N,\N,\N,\N,1
8904,385,123,22,20,4,9,9,9,0,72,+1:17.655,6601506,\N,\N,\N,\N,1
8905,385,133,35,36,18,10,10,10,0,71,\N,\N,\N,\N,\N,\N,11
8906,385,114,33,29,16,11,11,11,0,71,\N,\N,\N,\N,\N,\N,11
8907,385,159,18,24,24,12,12,12,0,70,\N,\N,\N,\N,\N,\N,12
8908,385,131,44,33,26,13,13,13,0,70,\N,\N,\N,\N,\N,\N,12
8909,385,112,33,30,12,14,14,14,0,69,\N,\N,\N,\N,\N,\N,13
8910,385,140,27,26,21,\N,R,15,0,62,\N,\N,\N,\N,\N,\N,36
8911,385,158,21,18,25,\N,R,16,0,60,\N,\N,\N,\N,\N,\N,83
8912,385,122,37,16,6,\N,R,17,0,45,\N,\N,\N,\N,\N,\N,5
8913,385,118,21,17,17,\N,R,18,0,41,\N,\N,\N,\N,\N,\N,83
8914,385,110,48,22,23,\N,R,19,0,37,\N,\N,\N,\N,\N,\N,5
8915,385,166,39,14,13,\N,R,20,0,16,\N,\N,\N,\N,\N,\N,5
8916,385,105,6,27,10,\N,R,21,0,15,\N,\N,\N,\N,\N,\N,5
8917,385,94,18,23,20,\N,R,22,0,15,\N,\N,\N,\N,\N,\N,6
8918,385,138,32,2,15,\N,R,23,0,14,\N,\N,\N,\N,\N,\N,20
8919,385,78,45,21,14,\N,R,24,0,9,\N,\N,\N,\N,\N,\N,22
8920,385,156,25,3,22,\N,R,25,0,4,\N,\N,\N,\N,\N,\N,83
8921,385,163,27,25,19,\N,R,26,0,0,\N,\N,\N,\N,\N,\N,37
8922,385,146,49,10,0,\N,F,27,0,0,\N,\N,\N,\N,\N,\N,81
8923,385,165,44,32,0,\N,F,28,0,0,\N,\N,\N,\N,\N,\N,81
8924,385,141,25,4,0,\N,F,29,0,0,\N,\N,\N,\N,\N,\N,81
8925,385,160,49,9,0,\N,F,30,0,0,\N,\N,\N,\N,\N,\N,81
8926,385,99,42,31,0,\N,F,31,0,0,\N,\N,\N,\N,\N,\N,97
8927,386,102,1,12,1,1,1,1,9,51,1:33:26.173,5606173,\N,\N,\N,\N,1
8928,386,117,1,11,2,2,2,2,6,51,+13.363,5619536,\N,\N,\N,\N,1
8929,386,123,22,20,10,3,3,3,4,51,+36.109,5642282,\N,\N,\N,\N,1
8930,386,77,6,28,3,4,4,4,3,51,+1:26.714,5692887,\N,\N,\N,\N,1
8931,386,145,22,19,12,5,5,5,2,51,+1:30.603,5696776,\N,\N,\N,\N,1
8932,386,119,3,6,11,6,6,6,1,51,+1:37.615,5703788,\N,\N,\N,\N,1
8933,386,138,32,2,6,7,7,7,0,50,\N,\N,\N,\N,\N,\N,11
8934,386,166,39,14,18,8,8,8,0,50,\N,\N,\N,\N,\N,\N,11
8935,386,112,33,30,19,9,9,9,0,50,\N,\N,\N,\N,\N,\N,11
8936,386,127,37,15,13,10,10,10,0,50,\N,\N,\N,\N,\N,\N,11
8937,386,105,6,27,9,11,11,11,0,50,\N,\N,\N,\N,\N,\N,11
8938,386,156,25,3,16,12,12,12,0,50,\N,\N,\N,\N,\N,\N,11
8939,386,94,18,23,17,13,13,13,0,49,\N,\N,\N,\N,\N,\N,12
8940,386,141,25,4,26,14,14,14,0,49,\N,\N,\N,\N,\N,\N,12
8941,386,159,18,24,22,15,15,15,0,49,\N,\N,\N,\N,\N,\N,12
8942,386,88,33,29,20,16,16,16,0,48,\N,\N,\N,\N,\N,\N,13
8943,386,163,27,25,23,17,17,17,0,48,\N,\N,\N,\N,\N,\N,13
8944,386,110,48,22,14,\N,R,18,0,36,\N,\N,\N,\N,\N,\N,25
8945,386,158,21,18,15,\N,R,19,0,35,\N,\N,\N,\N,\N,\N,80
8946,386,78,45,21,24,\N,R,20,0,34,\N,\N,\N,\N,\N,\N,23
8947,386,137,32,1,5,\N,R,21,0,34,\N,\N,\N,\N,\N,\N,100
8948,386,95,3,5,8,\N,R,22,0,24,\N,\N,\N,\N,\N,\N,4
8949,386,133,35,36,21,\N,R,23,0,22,\N,\N,\N,\N,\N,\N,20
8950,386,122,37,16,4,\N,R,24,0,19,\N,\N,\N,\N,\N,\N,10
8951,386,118,21,17,7,\N,R,25,0,16,\N,\N,\N,\N,\N,\N,20
8952,386,146,49,10,25,\N,R,26,0,14,\N,\N,\N,\N,\N,\N,100
8953,386,140,27,26,0,\N,F,27,0,0,\N,\N,\N,\N,\N,\N,81
8954,386,165,44,32,0,\N,F,28,0,0,\N,\N,\N,\N,\N,\N,81
8955,386,160,49,9,0,\N,F,29,0,0,\N,\N,\N,\N,\N,\N,81
8956,386,131,44,33,0,\N,F,30,0,0,\N,\N,\N,\N,\N,\N,81
8957,386,99,42,31,0,\N,F,31,0,0,\N,\N,\N,\N,\N,\N,97
8958,387,117,1,11,2,1,1,1,9,82,1:53:14.676,6794676,\N,\N,\N,\N,1
8959,387,102,1,12,1,2,2,2,6,82,+36.387,6831063,\N,\N,\N,\N,1
8960,387,137,32,1,5,3,3,3,4,82,+47.546,6842222,\N,\N,\N,\N,1
8961,387,119,3,6,6,4,4,4,3,82,+1:20.088,6874764,\N,\N,\N,\N,1
8962,387,123,22,20,10,5,5,5,2,81,\N,\N,\N,\N,\N,\N,11
8963,387,122,37,16,9,6,6,6,1,81,\N,\N,\N,\N,\N,\N,11
8964,387,94,18,23,14,7,7,7,0,80,\N,\N,\N,\N,\N,\N,12
8965,387,110,48,22,15,8,8,8,0,77,\N,\N,\N,\N,\N,\N,60
8966,387,140,27,26,22,9,9,9,0,76,\N,\N,\N,\N,\N,\N,60
8967,387,112,33,30,24,10,10,10,0,75,\N,\N,\N,\N,\N,\N,60
8968,387,166,39,14,16,11,11,11,0,73,\N,\N,\N,\N,\N,\N,10
8969,387,160,49,9,26,\N,R,12,0,69,\N,\N,\N,\N,\N,\N,69
8970,387,95,3,5,3,\N,R,13,0,65,\N,\N,\N,\N,\N,\N,20
8971,387,145,22,19,8,\N,R,14,0,63,\N,\N,\N,\N,\N,\N,20
8972,387,131,44,33,20,\N,R,15,0,63,\N,\N,\N,\N,\N,\N,86
8973,387,118,21,17,7,\N,R,16,0,52,\N,\N,\N,\N,\N,\N,5
8974,387,158,21,18,18,\N,R,17,0,51,\N,\N,\N,\N,\N,\N,5
8975,387,127,37,15,19,\N,R,18,0,46,\N,\N,\N,\N,\N,\N,4
8976,387,138,32,2,13,\N,R,19,0,45,\N,\N,\N,\N,\N,\N,4
8977,387,159,18,24,21,\N,R,20,0,41,\N,\N,\N,\N,\N,\N,5
8978,387,133,35,36,11,\N,R,21,0,32,\N,\N,\N,\N,\N,\N,8
8979,387,77,6,28,4,\N,R,22,0,25,\N,\N,\N,\N,\N,\N,4
8980,387,163,27,25,23,\N,R,23,0,24,\N,\N,\N,\N,\N,\N,4
8981,387,156,25,3,17,\N,R,24,0,16,\N,\N,\N,\N,\N,\N,7
8982,387,165,44,32,25,\N,R,25,0,12,\N,\N,\N,\N,\N,\N,86
8983,387,105,6,27,12,\N,R,26,0,0,\N,\N,\N,\N,\N,\N,4
8984,387,99,42,31,0,\N,F,27,0,0,\N,\N,\N,\N,\N,\N,81
8985,387,141,25,4,0,\N,F,28,0,0,\N,\N,\N,\N,\N,\N,81
8986,387,162,33,29,0,\N,F,29,0,0,\N,\N,\N,\N,\N,\N,81
8987,387,146,49,10,0,\N,F,30,0,0,\N,\N,\N,\N,\N,\N,81
8988,387,78,45,21,0,\N,F,31,0,0,\N,\N,\N,\N,\N,\N,97
8989,388,117,1,1,5,1,1,1,9,61,1:39:45.141,5985141,\N,\N,\N,\N,1
8990,388,137,3,6,2,2,2,2,6,61,+40.547,6025688,\N,\N,\N,\N,1
8991,388,140,1,2,10,3,3,3,4,61,+56.758,6041899,\N,\N,\N,\N,1
8992,388,77,6,28,7,4,4,4,3,61,+1:39.235,6084376,\N,\N,\N,\N,1
8993,388,123,22,20,6,5,5,5,2,60,\N,\N,\N,\N,\N,\N,11
8994,388,95,3,5,1,6,6,6,1,60,\N,\N,\N,\N,\N,\N,11
8995,388,138,32,11,12,7,7,7,0,59,\N,\N,\N,\N,\N,\N,12
8996,388,105,6,27,9,8,8,8,0,58,\N,\N,\N,\N,\N,\N,20
8997,388,157,49,10,17,9,9,9,0,58,\N,\N,\N,\N,\N,\N,13
8998,388,156,25,3,18,10,10,10,0,58,\N,\N,\N,\N,\N,\N,13
8999,388,166,25,4,20,11,11,11,0,57,\N,\N,\N,\N,\N,\N,14
9000,388,169,39,14,22,12,12,12,0,55,\N,\N,\N,\N,\N,\N,16
9001,388,158,21,18,14,\N,R,13,0,52,\N,\N,\N,\N,\N,\N,25
9002,388,102,32,12,3,\N,R,14,0,50,\N,\N,\N,\N,\N,\N,5
9003,388,119,34,7,11,\N,R,15,0,48,\N,\N,\N,\N,\N,\N,10
9004,388,110,34,8,13,\N,R,16,0,21,\N,\N,\N,\N,\N,\N,24
9005,388,118,21,17,8,\N,R,17,0,20,\N,\N,\N,\N,\N,\N,5
9006,388,133,45,21,21,\N,R,18,0,20,\N,\N,\N,\N,\N,\N,54
9007,388,145,18,24,15,\N,R,19,0,17,\N,\N,\N,\N,\N,\N,22
9008,388,84,49,9,19,\N,R,20,0,15,\N,\N,\N,\N,\N,\N,101
9009,388,170,22,19,4,\N,R,21,0,9,\N,\N,\N,\N,\N,\N,101
9010,388,167,18,23,16,\N,D,22,0,3,\N,\N,\N,\N,\N,\N,2
9011,388,122,37,16,23,\N,W,23,0,0,\N,\N,\N,\N,\N,\N,54
9012,389,95,3,5,2,1,1,1,9,59,1:31:24.076,5484076,\N,\N,\N,\N,1
9013,389,102,32,12,1,2,2,2,6,59,+27.545,5511621,\N,\N,\N,\N,1
9014,389,105,6,27,6,3,3,3,4,59,+39.144,5523220,\N,\N,\N,\N,1
9015,389,140,1,2,8,4,4,4,3,59,+1:00.588,5544664,\N,\N,\N,\N,1
9016,389,84,49,9,14,5,5,5,2,57,\N,\N,\N,\N,\N,\N,12
9017,389,138,32,11,12,6,6,6,1,57,\N,\N,\N,\N,\N,\N,60
9018,389,157,49,10,17,7,7,7,0,57,\N,\N,\N,\N,\N,\N,12
9019,389,166,25,4,20,8,8,8,0,57,\N,\N,\N,\N,\N,\N,12
9020,389,119,34,7,7,9,9,9,0,57,\N,\N,\N,\N,\N,\N,12
9021,389,112,33,30,21,10,10,10,0,56,\N,\N,\N,\N,\N,\N,13
9022,389,118,21,17,10,11,11,11,0,55,\N,\N,\N,\N,\N,\N,60
9023,389,133,45,21,19,12,12,12,0,54,\N,\N,\N,\N,\N,\N,60
9024,389,169,39,14,24,13,13,13,0,53,\N,\N,\N,\N,\N,\N,16
9025,389,170,22,19,4,\N,R,14,0,51,\N,\N,\N,\N,\N,\N,101
9026,389,123,22,20,11,\N,R,15,0,48,\N,\N,\N,\N,\N,\N,5
9027,389,158,21,18,9,\N,R,16,0,48,\N,\N,\N,\N,\N,\N,8
9028,389,156,25,3,23,\N,R,17,0,48,\N,\N,\N,\N,\N,\N,8
9029,389,110,34,8,13,\N,R,18,0,39,\N,\N,\N,\N,\N,\N,20
9030,389,167,18,23,16,\N,R,19,0,30,\N,\N,\N,\N,\N,\N,6
9031,389,99,45,22,25,\N,R,20,0,26,\N,\N,\N,\N,\N,\N,6
9032,389,145,18,24,15,\N,R,21,0,25,\N,\N,\N,\N,\N,\N,101
9033,389,122,37,16,22,\N,R,22,0,18,\N,\N,\N,\N,\N,\N,5
9034,389,77,6,28,5,\N,R,23,0,16,\N,\N,\N,\N,\N,\N,10
9035,389,117,1,1,3,\N,R,24,0,14,\N,\N,\N,\N,\N,\N,10
9036,389,160,27,26,18,\N,R,25,0,7,\N,\N,\N,\N,\N,\N,64
9037,389,137,3,6,0,\N,W,26,0,0,\N,\N,\N,\N,\N,\N,82
9038,389,163,27,25,0,\N,W,27,0,0,\N,\N,\N,\N,\N,\N,22
9039,390,117,1,1,6,1,1,1,9,43,1:27:03.217,5223217,\N,\N,\N,\N,1
9040,390,140,1,2,10,2,2,2,6,43,+24.764,5247981,\N,\N,\N,\N,1
9041,390,110,34,8,13,3,3,3,4,42,\N,\N,\N,\N,\N,\N,11
9042,390,158,21,18,11,4,4,4,3,42,\N,\N,\N,\N,\N,\N,11
9043,390,138,32,11,15,5,5,5,2,42,\N,\N,\N,\N,\N,\N,11
9044,390,163,27,25,16,6,6,6,1,41,\N,\N,\N,\N,\N,\N,12
9045,390,160,27,26,17,7,7,7,0,40,\N,\N,\N,\N,\N,\N,13
9046,390,112,33,30,22,8,8,8,0,40,\N,\N,\N,\N,\N,\N,13
9047,390,166,25,4,23,9,9,9,0,39,\N,\N,\N,\N,\N,\N,14
9048,390,169,39,14,25,10,10,10,0,38,\N,\N,\N,\N,\N,\N,15
9049,390,170,22,19,9,\N,R,11,0,34,\N,\N,\N,\N,\N,\N,5
9050,390,84,49,9,18,\N,R,12,0,19,\N,\N,\N,\N,\N,\N,25
9051,390,123,22,20,7,\N,R,13,0,18,\N,\N,\N,\N,\N,\N,67
9052,390,95,3,5,1,\N,R,14,0,17,\N,\N,\N,\N,\N,\N,3
9053,390,102,32,12,3,\N,R,15,0,17,\N,\N,\N,\N,\N,\N,3
9054,390,122,37,16,21,\N,R,16,0,14,\N,\N,\N,\N,\N,\N,5
9055,390,137,3,6,2,\N,R,17,0,11,\N,\N,\N,\N,\N,\N,43
9056,390,133,45,21,26,\N,R,18,0,11,\N,\N,\N,\N,\N,\N,95
9057,390,105,6,27,5,\N,R,19,0,9,\N,\N,\N,\N,\N,\N,7
9058,390,157,49,10,20,\N,R,20,0,9,\N,\N,\N,\N,\N,\N,23
9059,390,118,21,17,12,\N,R,21,0,8,\N,\N,\N,\N,\N,\N,21
9060,390,119,34,7,8,\N,R,22,0,5,\N,\N,\N,\N,\N,\N,8
9061,390,77,6,28,4,\N,R,23,0,2,\N,\N,\N,\N,\N,\N,5
9062,390,145,18,24,14,\N,R,24,0,1,\N,\N,\N,\N,\N,\N,101
9063,390,167,18,23,19,\N,R,25,0,0,\N,\N,\N,\N,\N,\N,6
9064,390,156,25,3,24,\N,R,26,0,0,\N,\N,\N,\N,\N,\N,3
9065,391,102,32,12,2,1,1,1,9,78,1:57:54.085,7074085,\N,\N,\N,\N,1
9066,391,137,3,6,3,2,2,2,6,78,+33.212,7107297,\N,\N,\N,\N,1
9067,391,105,6,27,5,3,3,3,4,78,+1:12.839,7146924,\N,\N,\N,\N,1
9068,391,77,6,28,8,4,4,4,3,77,\N,\N,\N,\N,\N,\N,11
9069,391,156,25,3,15,5,5,5,2,76,\N,\N,\N,\N,\N,\N,12
9070,391,122,37,16,19,6,6,6,1,76,\N,\N,\N,\N,\N,\N,12
9071,391,84,49,9,14,7,7,7,0,76,\N,\N,\N,\N,\N,\N,12
9072,391,170,22,19,12,8,8,8,0,76,\N,\N,\N,\N,\N,\N,12
9073,391,117,1,1,4,9,9,9,0,75,\N,\N,\N,\N,\N,\N,5
9074,391,138,32,11,17,10,10,10,0,75,\N,\N,\N,\N,\N,\N,13
9075,391,163,27,25,22,11,11,11,0,74,\N,\N,\N,\N,\N,\N,14
9076,391,160,27,26,20,12,12,12,0,74,\N,\N,\N,\N,\N,\N,14
9077,391,169,39,14,24,13,13,13,0,71,\N,\N,\N,\N,\N,\N,17
9078,391,158,21,18,6,\N,R,14,0,59,\N,\N,\N,\N,\N,\N,25
9079,391,118,21,17,11,\N,R,15,0,58,\N,\N,\N,\N,\N,\N,6
9080,391,140,1,2,7,\N,R,16,0,57,\N,\N,\N,\N,\N,\N,5
9081,391,112,33,30,18,\N,R,17,0,42,\N,\N,\N,\N,\N,\N,5
9082,391,119,34,7,10,\N,R,18,0,41,\N,\N,\N,\N,\N,\N,10
9083,391,133,45,21,16,\N,R,19,0,39,\N,\N,\N,\N,\N,\N,10
9084,391,110,34,8,21,\N,R,20,0,38,\N,\N,\N,\N,\N,\N,22
9085,391,95,3,5,1,\N,R,21,0,29,\N,\N,\N,\N,\N,\N,101
9086,391,145,18,24,13,\N,R,22,0,21,\N,\N,\N,\N,\N,\N,10
9087,391,166,25,4,23,\N,R,23,0,9,\N,\N,\N,\N,\N,\N,3
9088,391,123,22,20,9,\N,R,24,0,5,\N,\N,\N,\N,\N,\N,7
9089,391,167,18,23,0,\N,W,25,0,0,\N,\N,\N,\N,\N,\N,54
9090,391,157,49,10,0,\N,E,26,0,0,\N,\N,\N,\N,\N,\N,96
9091,392,102,32,12,2,1,1,1,9,63,1:50:16.358,6616358,\N,\N,\N,\N,1
9092,392,137,3,6,3,2,2,2,6,63,+33.819,6650177,\N,\N,\N,\N,1
9093,392,117,1,1,5,3,3,3,4,63,+45.327,6661685,\N,\N,\N,\N,1
9094,392,77,6,28,12,4,4,4,3,63,+1:02.601,6678959,\N,\N,\N,\N,1
9095,392,95,3,5,1,5,5,5,2,62,\N,\N,\N,\N,\N,\N,11
9096,392,158,21,18,6,6,6,6,1,60,\N,\N,\N,\N,\N,\N,13
9097,392,140,1,2,11,7,7,7,0,60,\N,\N,\N,\N,\N,\N,13
9098,392,157,49,10,16,8,8,8,0,60,\N,\N,\N,\N,\N,\N,13
9099,392,119,34,7,9,9,9,9,0,60,\N,\N,\N,\N,\N,\N,13
9100,392,163,27,25,21,10,10,10,0,60,\N,\N,\N,\N,\N,\N,13
9101,392,156,25,3,13,11,11,11,0,60,\N,\N,\N,\N,\N,\N,13
9102,392,169,39,14,26,12,12,12,0,58,\N,\N,\N,\N,\N,\N,15
9103,392,123,22,20,4,\N,R,13,0,52,\N,\N,\N,\N,\N,\N,23
9104,392,160,27,26,23,\N,R,14,0,51,\N,\N,\N,\N,\N,\N,8
9105,392,166,25,4,14,\N,R,15,0,44,\N,\N,\N,\N,\N,\N,36
9106,392,112,33,30,20,\N,R,16,0,38,\N,\N,\N,\N,\N,\N,3
9107,392,105,6,27,7,\N,R,17,0,25,\N,\N,\N,\N,\N,\N,6
9108,392,145,18,24,18,\N,R,18,0,22,\N,\N,\N,\N,\N,\N,6
9109,392,84,49,9,15,\N,R,19,0,16,\N,\N,\N,\N,\N,\N,101
9110,392,118,21,17,10,\N,R,20,0,12,\N,\N,\N,\N,\N,\N,3
9111,392,122,37,16,22,\N,R,21,0,9,\N,\N,\N,\N,\N,\N,10
9112,392,170,22,19,8,\N,R,22,0,6,\N,\N,\N,\N,\N,\N,3
9113,392,133,45,21,19,\N,R,23,0,3,\N,\N,\N,\N,\N,\N,7
9114,392,110,34,8,17,\N,R,24,0,2,\N,\N,\N,\N,\N,\N,6
9115,392,167,18,23,25,\N,R,25,0,1,\N,\N,\N,\N,\N,\N,3
9116,392,138,32,11,24,\N,R,26,0,0,\N,\N,\N,\N,\N,\N,3
9117,393,95,3,5,1,1,1,1,9,80,1:37:03.839,5823839,\N,\N,\N,\N,1
9118,393,137,3,6,4,2,2,2,6,80,+7.711,5831550,\N,\N,\N,\N,1
9119,393,117,1,1,2,3,3,3,4,80,+55.255,5879094,\N,\N,\N,\N,1
9120,393,102,32,12,3,4,4,4,3,79,\N,\N,\N,\N,\N,\N,11
9121,393,170,22,19,7,5,5,5,2,77,\N,\N,\N,\N,\N,\N,13
9122,393,166,25,4,25,6,6,6,1,76,\N,\N,\N,\N,\N,\N,14
9123,393,156,25,3,24,7,7,7,0,76,\N,\N,\N,\N,\N,\N,14
9124,393,140,1,2,9,8,8,8,0,74,\N,\N,\N,\N,\N,\N,16
9125,393,169,39,14,26,9,9,9,0,74,\N,\N,\N,\N,\N,\N,16
9126,393,77,6,28,6,\N,R,10,0,71,\N,\N,\N,\N,\N,\N,22
9127,393,138,32,11,16,\N,N,11,0,71,\N,\N,\N,\N,\N,\N,62
9128,393,105,6,27,8,\N,R,12,0,64,\N,\N,\N,\N,\N,\N,5
9129,393,118,21,17,10,\N,R,13,0,62,\N,\N,\N,\N,\N,\N,101
9130,393,112,33,30,23,\N,R,14,0,57,\N,\N,\N,\N,\N,\N,6
9131,393,122,37,16,22,\N,R,15,0,52,\N,\N,\N,\N,\N,\N,5
9132,393,167,18,23,21,\N,R,16,0,52,\N,\N,\N,\N,\N,\N,101
9133,393,163,27,25,13,\N,R,17,0,33,\N,\N,\N,\N,\N,\N,43
9134,393,123,22,20,5,\N,R,18,0,31,\N,\N,\N,\N,\N,\N,5
9135,393,157,49,10,19,\N,R,19,0,26,\N,\N,\N,\N,\N,\N,25
9136,393,160,27,26,17,\N,R,20,0,24,\N,\N,\N,\N,\N,\N,5
9137,393,145,18,24,15,\N,R,21,0,23,\N,\N,\N,\N,\N,\N,101
9138,393,119,34,7,12,\N,R,22,0,19,\N,\N,\N,\N,\N,\N,24
9139,393,84,49,9,18,\N,R,23,0,18,\N,\N,\N,\N,\N,\N,36
9140,393,133,45,21,20,\N,R,24,0,11,\N,\N,\N,\N,\N,\N,5
9141,393,110,34,8,11,\N,R,25,0,2,\N,\N,\N,\N,\N,\N,101
9142,393,158,21,18,14,\N,R,26,0,0,\N,\N,\N,\N,\N,\N,10
9143,394,95,3,5,2,1,1,1,9,65,1:19:11.780,4751780,\N,\N,\N,\N,1
9144,394,137,3,6,1,2,2,2,6,65,+1.918,4753698,\N,\N,\N,\N,1
9145,394,102,32,12,3,3,3,3,4,64,\N,\N,\N,\N,\N,\N,11
9146,394,138,32,11,12,4,4,4,3,63,\N,\N,\N,\N,\N,\N,12
9147,394,118,21,17,13,5,5,5,2,63,\N,\N,\N,\N,\N,\N,12
9148,394,170,22,19,6,6,6,6,1,63,\N,\N,\N,\N,\N,\N,12
9149,394,123,22,20,5,7,7,7,0,62,\N,\N,\N,\N,\N,\N,13
9150,394,156,25,3,23,8,8,8,0,60,\N,\N,\N,\N,\N,\N,15
9151,394,169,39,14,25,9,9,9,0,59,\N,\N,\N,\N,\N,\N,16
9152,394,166,25,4,22,\N,R,10,0,57,\N,\N,\N,\N,\N,\N,5
9153,394,84,49,9,17,\N,N,11,0,54,\N,\N,\N,\N,\N,\N,62
9154,394,117,1,1,4,\N,R,12,0,53,\N,\N,\N,\N,\N,\N,5
9155,394,105,6,27,7,\N,R,13,0,52,\N,\N,\N,\N,\N,\N,22
9156,394,158,21,18,14,\N,R,14,0,45,\N,\N,\N,\N,\N,\N,5
9157,394,167,18,23,19,\N,R,15,0,34,\N,\N,\N,\N,\N,\N,69
9158,394,133,45,21,20,\N,R,16,0,32,\N,\N,\N,\N,\N,\N,5
9159,394,157,49,10,18,\N,R,17,0,32,\N,\N,\N,\N,\N,\N,6
9160,394,119,34,7,11,\N,R,18,0,28,\N,\N,\N,\N,\N,\N,101
9161,394,140,1,2,10,\N,R,19,0,18,\N,\N,\N,\N,\N,\N,5
9162,394,145,18,24,15,\N,R,20,0,10,\N,\N,\N,\N,\N,\N,5
9163,394,110,34,8,9,\N,R,21,0,8,\N,\N,\N,\N,\N,\N,101
9164,394,77,6,28,8,\N,R,22,0,7,\N,\N,\N,\N,\N,\N,3
9165,394,112,33,30,21,\N,R,23,0,7,\N,\N,\N,\N,\N,\N,6
9166,394,163,27,25,16,\N,R,24,0,3,\N,\N,\N,\N,\N,\N,10
9167,394,122,37,16,24,\N,R,25,0,3,\N,\N,\N,\N,\N,\N,3
9168,394,160,27,26,19,\N,E,26,0,0,\N,\N,\N,\N,\N,\N,96
9169,395,137,3,6,4,1,1,1,9,44,1:21:25.091,4885091,\N,\N,\N,\N,1
9170,395,140,1,2,8,2,2,2,6,44,+1:39.591,4984682,\N,\N,\N,\N,1
9171,395,102,32,12,2,3,3,3,4,43,\N,\N,\N,\N,\N,\N,11
9172,395,166,25,4,22,4,4,4,3,43,\N,\N,\N,\N,\N,\N,11
9173,395,156,25,3,23,5,5,5,2,43,\N,\N,\N,\N,\N,\N,11
9174,395,112,33,30,21,6,6,6,1,42,\N,\N,\N,\N,\N,\N,12
9175,395,117,1,1,3,7,7,7,0,39,\N,\N,\N,\N,\N,\N,10
9176,395,84,49,9,19,\N,N,8,0,34,\N,\N,\N,\N,\N,\N,62
9177,395,160,27,26,17,\N,R,9,0,32,\N,\N,\N,\N,\N,\N,5
9178,395,167,18,23,18,\N,R,10,0,28,\N,\N,\N,\N,\N,\N,5
9179,395,123,22,20,6,\N,R,11,0,26,\N,\N,\N,\N,\N,\N,5
9180,395,95,3,5,1,\N,R,12,0,25,\N,\N,\N,\N,\N,\N,5
9181,395,145,18,24,16,\N,R,13,0,25,\N,\N,\N,\N,\N,\N,5
9182,395,118,21,17,13,\N,R,14,0,23,\N,\N,\N,\N,\N,\N,101
9183,395,157,49,10,20,\N,R,15,0,21,\N,\N,\N,\N,\N,\N,86
9184,395,77,6,28,10,\N,R,16,0,19,\N,\N,\N,\N,\N,\N,101
9185,395,170,22,19,9,\N,R,17,0,18,\N,\N,\N,\N,\N,\N,5
9186,395,133,45,21,26,\N,R,18,0,17,\N,\N,\N,\N,\N,\N,5
9187,395,110,34,8,7,\N,R,19,0,12,\N,\N,\N,\N,\N,\N,5
9188,395,105,6,27,5,\N,R,20,0,10,\N,\N,\N,\N,\N,\N,101
9189,395,169,39,14,25,\N,R,21,0,10,\N,\N,\N,\N,\N,\N,5
9190,395,158,21,18,15,\N,R,22,0,9,\N,\N,\N,\N,\N,\N,37
9191,395,138,32,11,14,\N,R,23,0,9,\N,\N,\N,\N,\N,\N,101
9192,395,122,37,16,24,\N,R,24,0,7,\N,\N,\N,\N,\N,\N,5
9193,395,163,27,25,12,\N,R,25,0,6,\N,\N,\N,\N,\N,\N,80
9194,395,119,34,7,11,\N,R,26,0,5,\N,\N,\N,\N,\N,\N,80
9195,396,137,3,6,3,1,1,1,9,76,1:59:26.793,7166793,\N,\N,\N,\N,1
9196,396,102,32,12,6,2,2,2,6,76,+37.727,7204520,\N,\N,\N,\N,1
9197,396,117,1,1,4,3,3,3,4,76,+1:27.456,7254249,\N,\N,\N,\N,1
9198,396,123,22,20,7,4,4,4,3,75,\N,\N,\N,\N,\N,\N,11
9199,396,119,34,7,10,5,5,5,2,75,\N,\N,\N,\N,\N,\N,11
9200,396,118,21,17,9,6,6,6,1,74,\N,\N,\N,\N,\N,\N,12
9201,396,156,25,3,16,7,7,7,0,74,\N,\N,\N,\N,\N,\N,12
9202,396,158,21,18,11,8,8,8,0,74,\N,\N,\N,\N,\N,\N,12
9203,396,166,25,4,14,9,9,9,0,74,\N,\N,\N,\N,\N,\N,12
9204,396,122,37,16,18,10,10,10,0,74,\N,\N,\N,\N,\N,\N,12
9205,396,145,18,24,20,11,11,11,0,73,\N,\N,\N,\N,\N,\N,13
9206,396,160,27,26,25,12,12,12,0,73,\N,\N,\N,\N,\N,\N,13
9207,396,169,39,14,26,13,13,13,0,71,\N,\N,\N,\N,\N,\N,15
9208,396,95,3,5,1,14,14,14,0,70,\N,\N,\N,\N,\N,\N,36
9209,396,133,45,21,21,\N,R,15,0,64,\N,\N,\N,\N,\N,\N,69
9210,396,163,27,25,19,\N,R,16,0,57,\N,\N,\N,\N,\N,\N,10
9211,396,112,33,30,15,\N,R,17,0,48,\N,\N,\N,\N,\N,\N,3
9212,396,84,49,9,22,\N,R,18,0,45,\N,\N,\N,\N,\N,\N,101
9213,396,105,6,27,5,\N,R,19,0,43,\N,\N,\N,\N,\N,\N,5
9214,396,110,34,8,13,\N,R,20,0,43,\N,\N,\N,\N,\N,\N,6
9215,396,140,1,2,8,\N,R,21,0,14,\N,\N,\N,\N,\N,\N,6
9216,396,170,22,19,12,\N,R,22,0,14,\N,\N,\N,\N,\N,\N,6
9217,396,167,18,23,24,\N,R,23,0,14,\N,\N,\N,\N,\N,\N,20
9218,396,77,6,28,2,\N,R,24,0,13,\N,\N,\N,\N,\N,\N,24
9219,396,157,49,10,23,\N,R,25,0,3,\N,\N,\N,\N,\N,\N,5
9220,396,138,32,11,17,\N,R,26,0,1,\N,\N,\N,\N,\N,\N,30
9221,397,95,3,5,2,1,1,1,9,52,1:18:44.898,4724898,\N,\N,\N,\N,1
9222,397,137,3,6,1,2,2,2,6,52,+55.704,4780602,\N,\N,\N,\N,1
9223,397,170,22,19,5,3,3,3,4,51,\N,\N,\N,\N,\N,\N,11
9224,397,123,22,20,4,4,4,4,3,51,\N,\N,\N,\N,\N,\N,11
9225,397,102,32,12,7,5,5,5,2,50,\N,\N,\N,\N,\N,\N,12
9226,397,117,1,1,9,6,6,6,1,50,\N,\N,\N,\N,\N,\N,12
9227,397,140,1,2,14,7,7,7,0,50,\N,\N,\N,\N,\N,\N,12
9228,397,160,27,26,18,8,8,8,0,50,\N,\N,\N,\N,\N,\N,12
9229,397,157,49,10,20,9,9,9,0,49,\N,\N,\N,\N,\N,\N,13
9230,397,163,27,25,16,10,10,10,0,49,\N,\N,\N,\N,\N,\N,13
9231,397,122,37,16,23,11,11,11,0,49,\N,\N,\N,\N,\N,\N,13
9232,397,112,33,30,22,12,12,12,0,49,\N,\N,\N,\N,\N,\N,13
9233,397,138,32,11,13,13,13,13,0,49,\N,\N,\N,\N,\N,\N,13
9234,397,156,25,3,24,14,14,14,0,47,\N,\N,\N,\N,\N,\N,15
9235,397,84,49,9,17,\N,D,15,0,48,\N,\N,\N,\N,\N,\N,2
9236,397,169,39,14,26,\N,N,16,0,45,\N,\N,\N,\N,\N,\N,62
9237,397,119,34,7,8,\N,R,17,0,43,\N,\N,\N,\N,\N,\N,5
9238,397,105,6,27,6,\N,R,18,0,42,\N,\N,\N,\N,\N,\N,101
9239,397,110,34,8,10,\N,R,19,0,35,\N,\N,\N,\N,\N,\N,5
9240,397,118,21,17,11,\N,R,20,0,35,\N,\N,\N,\N,\N,\N,5
9241,397,158,21,18,12,\N,R,21,0,31,\N,\N,\N,\N,\N,\N,27
9242,397,77,6,28,3,\N,R,22,0,5,\N,\N,\N,\N,\N,\N,101
9243,397,167,18,23,19,\N,R,23,0,3,\N,\N,\N,\N,\N,\N,10
9244,397,145,18,24,15,\N,R,24,0,1,\N,\N,\N,\N,\N,\N,5
9245,397,133,45,21,21,\N,R,25,0,0,\N,\N,\N,\N,\N,\N,10
9246,397,166,25,4,25,\N,R,26,0,0,\N,\N,\N,\N,\N,\N,3
9247,398,137,3,6,1,1,1,1,9,50,1:14:47.707,4487707,\N,\N,\N,\N,1
9248,398,102,32,12,4,2,2,2,6,50,+1.806,4489513,\N,\N,\N,\N,1
9249,398,95,3,5,2,3,3,3,4,50,+49.036,4536743,\N,\N,\N,\N,1
9250,398,77,6,28,3,4,4,4,3,50,+57.979,4545686,\N,\N,\N,\N,1
9251,398,123,22,20,6,5,5,5,2,50,+1:21.319,4569026,\N,\N,\N,\N,1
9252,398,140,1,2,11,6,6,6,1,50,+1:28.787,4576494,\N,\N,\N,\N,1
9253,398,170,22,19,7,7,7,7,0,49,\N,\N,\N,\N,\N,\N,11
9254,398,160,27,26,19,8,8,8,0,48,\N,\N,\N,\N,\N,\N,12
9255,398,157,49,10,16,9,9,9,0,48,\N,\N,\N,\N,\N,\N,12
9256,398,163,27,25,15,10,10,10,0,48,\N,\N,\N,\N,\N,\N,12
9257,398,138,32,11,14,11,11,11,0,47,\N,\N,\N,\N,\N,\N,13
9258,398,166,25,4,24,12,12,12,0,47,\N,\N,\N,\N,\N,\N,13
9259,398,122,37,16,25,13,13,13,0,47,\N,\N,\N,\N,\N,\N,13
9260,398,156,25,3,22,14,14,14,0,47,\N,\N,\N,\N,\N,\N,13
9261,398,117,1,1,5,15,15,15,0,46,\N,\N,\N,\N,\N,\N,14
9262,398,145,18,24,18,16,16,16,0,45,\N,\N,\N,\N,\N,\N,15
9263,398,84,49,9,17,\N,R,17,0,43,\N,\N,\N,\N,\N,\N,6
9264,398,112,33,30,23,\N,R,18,0,37,\N,\N,\N,\N,\N,\N,20
9265,398,167,18,23,20,\N,R,19,0,34,\N,\N,\N,\N,\N,\N,5
9266,398,158,21,18,13,\N,R,20,0,27,\N,\N,\N,\N,\N,\N,86
9267,398,171,45,22,26,\N,R,21,0,27,\N,\N,\N,\N,\N,\N,101
9268,398,133,45,21,21,\N,R,22,0,16,\N,\N,\N,\N,\N,\N,22
9269,398,105,6,27,8,\N,R,23,0,13,\N,\N,\N,\N,\N,\N,101
9270,398,118,21,17,12,\N,R,24,0,9,\N,\N,\N,\N,\N,\N,10
9271,398,110,34,8,10,\N,R,25,0,7,\N,\N,\N,\N,\N,\N,22
9272,398,119,34,7,9,\N,R,26,0,5,\N,\N,\N,\N,\N,\N,5
9273,398,78,42,32,0,\N,F,27,0,0,\N,\N,\N,\N,\N,\N,81
9274,398,169,39,14,0,\N,F,28,0,0,\N,\N,\N,\N,\N,\N,81
9275,399,117,1,1,3,1,1,1,9,70,1:37:03.906,5823906,\N,\N,\N,\N,1
9276,399,77,6,28,1,2,2,2,6,70,+20.493,5844399,\N,\N,\N,\N,1
9277,399,137,3,6,4,3,3,3,4,70,+1:03.295,5887201,\N,\N,\N,\N,1
9278,399,170,22,19,10,4,4,4,3,69,\N,\N,\N,\N,\N,\N,60
9279,399,140,1,2,8,5,5,5,2,69,\N,\N,\N,\N,\N,\N,11
9280,399,158,21,18,11,6,6,6,1,68,\N,\N,\N,\N,\N,\N,12
9281,399,102,32,12,5,7,7,7,0,68,\N,\N,\N,\N,\N,\N,12
9282,399,138,32,11,15,8,8,8,0,68,\N,\N,\N,\N,\N,\N,12
9283,399,122,37,16,22,9,9,9,0,67,\N,\N,\N,\N,\N,\N,13
9284,399,156,25,3,24,10,10,10,0,67,\N,\N,\N,\N,\N,\N,13
9285,399,145,18,24,14,11,11,11,0,66,\N,\N,\N,\N,\N,\N,60
9286,399,166,25,4,21,12,12,12,0,66,\N,\N,\N,\N,\N,\N,14
9287,399,118,21,17,12,13,13,13,0,66,\N,\N,\N,\N,\N,\N,14
9288,399,123,22,20,9,14,14,14,0,64,\N,\N,\N,\N,\N,\N,16
9289,399,110,34,8,13,\N,R,15,0,54,\N,\N,\N,\N,\N,\N,98
9290,399,105,6,27,6,\N,R,16,0,38,\N,\N,\N,\N,\N,\N,6
9291,399,84,49,9,17,\N,R,17,0,35,\N,\N,\N,\N,\N,\N,6
9292,399,171,45,22,26,\N,R,18,0,32,\N,\N,\N,\N,\N,\N,22
9293,399,112,33,30,19,\N,R,19,0,31,\N,\N,\N,\N,\N,\N,5
9294,399,163,27,25,18,\N,R,20,0,29,\N,\N,\N,\N,\N,\N,21
9295,399,133,45,21,25,\N,R,21,0,27,\N,\N,\N,\N,\N,\N,101
9296,399,160,27,26,23,\N,R,22,0,24,\N,\N,\N,\N,\N,\N,80
9297,399,167,18,23,20,\N,R,23,0,24,\N,\N,\N,\N,\N,\N,3
9298,399,95,3,5,2,\N,R,24,0,13,\N,\N,\N,\N,\N,\N,10
9299,399,119,34,7,7,\N,R,25,0,13,\N,\N,\N,\N,\N,\N,5
9300,399,157,49,10,16,\N,R,26,0,0,\N,\N,\N,\N,\N,\N,3
9301,400,95,3,5,2,1,1,1,9,72,1:49:12.692,6552692,\N,\N,\N,\N,1
9302,400,117,1,1,7,2,2,2,6,72,+22.225,6574917,\N,\N,\N,\N,1
9303,400,140,1,2,11,3,3,3,4,72,+30.818,6583510,\N,\N,\N,\N,1
9304,400,137,3,6,1,4,4,4,3,72,+31.450,6584142,\N,\N,\N,\N,1
9305,400,102,32,12,5,5,5,5,2,72,+1:13.507,6626199,\N,\N,\N,\N,1
9306,400,112,33,30,17,6,6,6,1,71,\N,\N,\N,\N,\N,\N,11
9307,400,166,25,4,15,7,7,7,0,71,\N,\N,\N,\N,\N,\N,11
9308,400,158,21,18,13,8,8,8,0,70,\N,\N,\N,\N,\N,\N,60
9309,400,138,32,11,18,9,9,9,0,70,\N,\N,\N,\N,\N,\N,12
9310,400,118,21,17,12,10,10,10,0,70,\N,\N,\N,\N,\N,\N,12
9311,400,84,49,9,20,11,11,11,0,70,\N,\N,\N,\N,\N,\N,12
9312,400,122,37,16,19,12,12,12,0,70,\N,\N,\N,\N,\N,\N,12
9313,400,119,34,7,9,13,13,13,0,68,\N,\N,\N,\N,\N,\N,14
9314,400,167,18,23,24,14,14,14,0,68,\N,\N,\N,\N,\N,\N,14
9315,400,105,6,27,4,15,15,15,0,67,\N,\N,\N,\N,\N,\N,5
9316,400,123,22,20,8,16,16,16,0,66,\N,\N,\N,\N,\N,\N,3
9317,400,77,6,28,3,\N,R,17,0,62,\N,\N,\N,\N,\N,\N,5
9318,400,156,25,3,16,\N,R,18,0,55,\N,\N,\N,\N,\N,\N,4
9319,400,163,27,25,14,\N,R,19,0,55,\N,\N,\N,\N,\N,\N,4
9320,400,157,49,10,22,\N,R,20,0,50,\N,\N,\N,\N,\N,\N,7
9321,400,145,18,24,21,\N,R,21,0,45,\N,\N,\N,\N,\N,\N,101
9322,400,170,22,19,6,\N,R,22,0,40,\N,\N,\N,\N,\N,\N,23
9323,400,110,34,8,10,\N,R,23,0,26,\N,\N,\N,\N,\N,\N,6
9324,400,160,27,26,23,\N,R,24,0,24,\N,\N,\N,\N,\N,\N,80
9325,400,169,39,14,25,\N,R,25,0,10,\N,\N,\N,\N,\N,\N,8
9326,400,78,42,32,26,\N,R,26,0,8,\N,\N,\N,\N,\N,\N,22
9327,400,133,45,21,0,\N,F,27,0,0,\N,\N,\N,\N,\N,\N,81
9328,401,95,3,5,1,1,1,1,9,63,1:26:24.207,5184207,\N,\N,\N,\N,1
9329,401,137,3,6,3,2,2,2,6,63,+26.176,5210383,\N,\N,\N,\N,1
9330,401,119,34,7,8,3,3,3,4,63,+1:26.879,5271086,\N,\N,\N,\N,1
9331,401,158,21,18,13,4,4,4,3,63,+1:41.352,5285559,\N,\N,\N,\N,1
9332,401,170,22,19,6,5,5,5,2,61,\N,\N,\N,\N,\N,\N,12
9333,401,112,33,30,24,6,6,6,1,60,\N,\N,\N,\N,\N,\N,13
9334,401,156,25,3,22,7,7,7,0,60,\N,\N,\N,\N,\N,\N,13
9335,401,166,25,4,25,8,8,8,0,60,\N,\N,\N,\N,\N,\N,13
9336,401,114,33,29,23,9,9,9,0,59,\N,\N,\N,\N,\N,\N,14
9337,401,102,32,12,7,\N,R,10,0,54,\N,\N,\N,\N,\N,\N,20
9338,401,122,37,16,20,\N,R,11,0,51,\N,\N,\N,\N,\N,\N,47
9339,401,133,45,21,26,\N,R,12,0,50,\N,\N,\N,\N,\N,\N,5
9340,401,160,27,26,21,\N,R,13,0,43,\N,\N,\N,\N,\N,\N,47
9341,401,167,18,23,19,\N,R,14,0,32,\N,\N,\N,\N,\N,\N,7
9342,401,163,27,25,18,\N,R,15,0,29,\N,\N,\N,\N,\N,\N,25
9343,401,118,21,17,11,\N,R,16,0,26,\N,\N,\N,\N,\N,\N,3
9344,401,110,34,8,10,\N,R,17,0,22,\N,\N,\N,\N,\N,\N,3
9345,401,77,6,28,2,\N,R,18,0,20,\N,\N,\N,\N,\N,\N,101
9346,401,123,22,20,4,\N,R,19,0,15,\N,\N,\N,\N,\N,\N,10
9347,401,145,18,24,14,\N,R,20,0,13,\N,\N,\N,\N,\N,\N,101
9348,401,105,6,27,9,\N,R,21,0,12,\N,\N,\N,\N,\N,\N,5
9349,401,84,49,9,13,\N,R,22,0,3,\N,\N,\N,\N,\N,\N,101
9350,401,140,1,2,15,\N,R,23,0,1,\N,\N,\N,\N,\N,\N,3
9351,401,138,32,11,16,\N,R,24,0,1,\N,\N,\N,\N,\N,\N,3
9352,401,157,49,10,17,\N,R,25,0,1,\N,\N,\N,\N,\N,\N,3
9353,401,117,1,1,5,\N,R,26,0,0,\N,\N,\N,\N,\N,\N,4
9354,402,77,6,28,1,1,1,1,9,51,1:32:58.072,5578072,\N,\N,\N,\N,1
9355,402,102,32,12,7,2,2,2,6,51,+17.384,5595456,\N,\N,\N,\N,1
9356,402,140,1,2,9,3,3,3,4,51,+17.694,5595766,\N,\N,\N,\N,1
9357,402,105,6,27,4,4,4,4,3,51,+1:20.441,5658513,\N,\N,\N,\N,1
9358,402,123,22,20,3,5,5,5,2,51,+1:25.576,5663648,\N,\N,\N,\N,1
9359,402,138,32,11,11,6,6,6,1,51,+1:36.479,5674551,\N,\N,\N,\N,1
9360,402,117,1,1,2,7,7,7,0,50,\N,\N,\N,\N,\N,\N,11
9361,402,156,25,3,19,8,8,8,0,50,\N,\N,\N,\N,\N,\N,11
9362,402,158,21,18,12,9,9,9,0,50,\N,\N,\N,\N,\N,\N,60
9363,402,118,21,17,13,10,10,10,0,50,\N,\N,\N,\N,\N,\N,11
9364,402,119,34,7,8,11,11,11,0,49,\N,\N,\N,\N,\N,\N,12
9365,402,166,25,4,25,12,12,12,0,49,\N,\N,\N,\N,\N,\N,12
9366,402,160,27,26,24,13,13,13,0,48,\N,\N,\N,\N,\N,\N,13
9367,402,114,33,29,22,14,14,14,0,47,\N,\N,\N,\N,\N,\N,14
9368,402,137,3,6,5,15,15,15,0,46,\N,\N,\N,\N,\N,\N,5
9369,402,163,27,25,17,\N,R,16,0,44,\N,\N,\N,\N,\N,\N,60
9370,402,133,45,21,23,\N,R,17,0,43,\N,\N,\N,\N,\N,\N,60
9371,402,90,39,14,26,\N,R,18,0,38,\N,\N,\N,\N,\N,\N,10
9372,402,145,18,24,14,\N,R,19,0,35,\N,\N,\N,\N,\N,\N,5
9373,402,84,49,9,15,\N,R,20,0,32,\N,\N,\N,\N,\N,\N,5
9374,402,110,34,8,10,\N,R,21,0,26,\N,\N,\N,\N,\N,\N,5
9375,402,170,22,19,6,\N,R,22,0,16,\N,\N,\N,\N,\N,\N,5
9376,402,157,49,10,16,\N,R,23,0,13,\N,\N,\N,\N,\N,\N,5
9377,402,122,37,16,20,\N,R,24,0,13,\N,\N,\N,\N,\N,\N,3
9378,402,167,18,23,21,\N,R,25,0,2,\N,\N,\N,\N,\N,\N,5
9379,402,112,33,30,18,\N,R,26,0,0,\N,\N,\N,\N,\N,\N,3
9380,402,95,3,5,0,\N,W,27,0,0,\N,\N,\N,\N,\N,\N,3
9381,403,77,6,28,1,1,1,1,9,82,1:52:56.144,6776144,\N,\N,\N,\N,1
9382,403,105,6,27,6,2,2,2,6,82,+1:07.884,6844028,\N,\N,\N,\N,1
9383,403,123,22,20,5,3,3,3,4,81,\N,\N,\N,\N,\N,\N,11
9384,403,156,25,3,19,4,4,4,3,80,\N,\N,\N,\N,\N,\N,12
9385,403,114,33,29,21,5,5,5,0,79,\N,\N,\N,\N,\N,\N,13
9386,403,90,39,14,25,6,6,6,1,79,\N,\N,\N,\N,\N,\N,13
9387,403,157,49,10,24,7,7,7,0,79,\N,\N,\N,\N,\N,\N,13
9388,403,110,34,8,10,8,8,8,0,78,\N,\N,\N,\N,\N,\N,20
9389,403,119,3,5,7,9,9,9,0,76,\N,\N,\N,\N,\N,\N,44
9390,403,102,32,12,4,\N,D,10,0,82,\N,\N,\N,\N,\N,\N,2
9391,403,137,3,6,3,\N,R,11,0,58,\N,\N,\N,\N,\N,\N,23
9392,403,122,37,16,23,\N,R,12,0,58,\N,\N,\N,\N,\N,\N,20
9393,403,117,1,1,2,\N,R,13,0,53,\N,\N,\N,\N,\N,\N,23
9394,403,158,21,18,11,\N,R,14,0,53,\N,\N,\N,\N,\N,\N,25
9395,403,140,1,2,8,\N,R,15,0,48,\N,\N,\N,\N,\N,\N,23
9396,403,170,22,19,9,\N,R,16,0,46,\N,\N,\N,\N,\N,\N,23
9397,403,167,18,23,26,\N,R,17,0,46,\N,\N,\N,\N,\N,\N,7
9398,403,112,33,30,17,\N,R,18,0,45,\N,\N,\N,\N,\N,\N,10
9399,403,163,27,25,20,\N,R,19,0,41,\N,\N,\N,\N,\N,\N,80
9400,403,131,34,7,15,\N,R,20,0,31,\N,\N,\N,\N,\N,\N,68
9401,403,160,27,26,22,\N,R,21,0,26,\N,\N,\N,\N,\N,\N,80
9402,403,138,32,11,14,\N,R,22,0,22,\N,\N,\N,\N,\N,\N,9
9403,403,118,21,17,12,\N,R,23,0,19,\N,\N,\N,\N,\N,\N,7
9404,403,84,49,9,16,\N,R,24,0,18,\N,\N,\N,\N,\N,\N,5
9405,403,166,25,4,18,\N,R,25,0,6,\N,\N,\N,\N,\N,\N,20
9406,403,145,18,24,13,\N,R,26,0,0,\N,\N,\N,\N,\N,\N,3
9407,403,133,45,21,27,\N,F,27,0,0,\N,\N,\N,\N,\N,\N,81
9408,404,137,3,6,2,1,1,1,9,61,1:39:32.583,5972583,\N,\N,\N,\N,1
9409,404,102,32,12,1,2,2,2,6,61,+34.827,6007410,\N,\N,\N,\N,1
9410,404,172,27,26,5,3,3,3,4,61,+59.759,6032342,\N,\N,\N,\N,1
9411,404,163,27,25,4,4,4,4,3,61,+1:28.429,6061012,\N,\N,\N,\N,1
9412,404,84,25,3,17,5,5,5,2,60,\N,\N,\N,\N,\N,\N,11
9413,404,77,22,20,16,6,6,6,1,59,\N,\N,\N,\N,\N,\N,12
9414,404,166,25,4,18,7,7,7,0,59,\N,\N,\N,\N,\N,\N,12
9415,404,173,34,8,14,8,8,8,0,58,\N,\N,\N,\N,\N,\N,13
9416,404,174,32,11,11,9,9,9,0,58,\N,\N,\N,\N,\N,\N,13
9417,404,170,22,19,12,10,10,10,0,56,\N,\N,\N,\N,\N,\N,15
9418,404,123,21,18,15,\N,R,11,0,37,\N,\N,\N,\N,\N,\N,43
9419,404,105,6,27,6,\N,R,12,0,35,\N,\N,\N,\N,\N,\N,69
9420,404,117,1,1,9,\N,R,13,0,30,\N,\N,\N,\N,\N,\N,5
9421,404,157,45,22,24,\N,R,14,0,29,\N,\N,\N,\N,\N,\N,5
9422,404,140,6,28,8,\N,R,15,0,26,\N,\N,\N,\N,\N,\N,23
9423,404,175,26,16,13,\N,R,16,0,24,\N,\N,\N,\N,\N,\N,84
9424,404,119,34,7,10,\N,R,17,0,21,\N,\N,\N,\N,\N,\N,47
9425,404,156,49,14,21,\N,R,18,0,20,\N,\N,\N,\N,\N,\N,5
9426,404,176,21,17,20,\N,R,19,0,19,\N,\N,\N,\N,\N,\N,5
9427,404,145,18,24,25,\N,R,20,0,18,\N,\N,\N,\N,\N,\N,8
9428,404,110,18,23,22,\N,R,21,0,16,\N,\N,\N,\N,\N,\N,101
9429,404,160,45,21,23,\N,R,22,0,16,\N,\N,\N,\N,\N,\N,5
9430,404,177,1,2,7,\N,R,23,0,6,\N,\N,\N,\N,\N,\N,5
9431,404,178,26,15,19,\N,R,24,0,5,\N,\N,\N,\N,\N,\N,98
9432,404,95,3,5,3,\N,R,25,0,0,\N,\N,\N,\N,\N,\N,20
9433,405,102,32,12,1,1,1,1,9,72,1:48:47.735,6527735,\N,\N,\N,\N,1
9434,405,95,3,5,3,2,2,2,6,72,+0.014,6527749,\N,\N,\N,\N,1
9435,405,117,1,1,4,3,3,3,4,72,+21.552,6549287,\N,\N,\N,\N,1
9436,405,177,1,2,5,4,4,4,3,71,\N,\N,\N,\N,\N,\N,11
9437,405,170,22,19,9,5,5,5,2,71,\N,\N,\N,\N,\N,\N,11
9438,405,77,22,20,7,6,6,6,1,71,\N,\N,\N,\N,\N,\N,11
9439,405,123,21,18,19,7,7,7,0,68,\N,\N,\N,\N,\N,\N,14
9440,405,175,26,16,18,8,8,8,0,66,\N,\N,\N,\N,\N,\N,16
9441,405,174,32,11,10,\N,R,9,0,52,\N,\N,\N,\N,\N,\N,6
9442,405,84,25,3,12,\N,R,10,0,41,\N,\N,\N,\N,\N,\N,5
9443,405,172,27,26,8,\N,R,11,0,40,\N,\N,\N,\N,\N,\N,86
9444,405,176,21,17,22,\N,R,12,0,39,\N,\N,\N,\N,\N,\N,69
9445,405,137,3,6,2,\N,R,13,0,39,\N,\N,\N,\N,\N,\N,5
9446,405,173,34,8,15,\N,R,14,0,29,\N,\N,\N,\N,\N,\N,6
9447,405,163,27,25,6,\N,R,15,0,29,\N,\N,\N,\N,\N,\N,86
9448,405,105,6,27,13,\N,R,16,0,22,\N,\N,\N,\N,\N,\N,67
9449,405,166,25,4,20,\N,R,17,0,22,\N,\N,\N,\N,\N,\N,5
9450,405,157,45,22,23,\N,R,18,0,14,\N,\N,\N,\N,\N,\N,5
9451,405,140,6,28,11,\N,R,19,0,11,\N,\N,\N,\N,\N,\N,23
9452,405,160,45,21,21,\N,R,20,0,10,\N,\N,\N,\N,\N,\N,5
9453,405,119,34,7,14,\N,R,21,0,8,\N,\N,\N,\N,\N,\N,6
9454,405,110,18,23,24,\N,R,22,0,1,\N,\N,\N,\N,\N,\N,24
9455,405,156,49,14,16,\N,R,23,0,0,\N,\N,\N,\N,\N,\N,4
9456,405,178,26,15,17,\N,R,24,0,0,\N,\N,\N,\N,\N,\N,4
9457,405,145,18,24,25,\N,R,25,0,0,\N,\N,\N,\N,\N,\N,24
9458,406,117,1,1,4,1,1,1,9,60,1:32:28.408,5548408,\N,\N,\N,\N,1
9459,406,137,3,6,2,2,2,2,6,60,+7.645,5556053,\N,\N,\N,\N,1
9460,406,77,22,20,9,3,3,3,4,59,\N,\N,\N,\N,\N,\N,11
9461,406,140,6,28,7,4,4,4,3,59,\N,\N,\N,\N,\N,\N,11
9462,406,177,1,2,6,5,5,5,2,58,\N,\N,\N,\N,\N,\N,60
9463,406,119,34,7,16,6,6,6,1,58,\N,\N,\N,\N,\N,\N,60
9464,406,123,21,18,12,7,7,7,0,58,\N,\N,\N,\N,\N,\N,12
9465,406,84,25,3,13,8,8,8,0,58,\N,\N,\N,\N,\N,\N,12
9466,406,176,21,17,15,9,9,9,0,57,\N,\N,\N,\N,\N,\N,13
9467,406,105,6,27,5,10,10,10,0,56,\N,\N,\N,\N,\N,\N,101
9468,406,160,45,21,26,\N,R,11,0,52,\N,\N,\N,\N,\N,\N,60
9469,406,163,27,25,8,\N,R,12,0,46,\N,\N,\N,\N,\N,\N,36
9470,406,166,25,4,22,\N,R,13,0,41,\N,\N,\N,\N,\N,\N,7
9471,406,170,22,19,10,\N,R,14,0,39,\N,\N,\N,\N,\N,\N,5
9472,406,156,49,14,20,\N,R,15,0,38,\N,\N,\N,\N,\N,\N,23
9473,406,157,45,22,25,\N,R,16,0,31,\N,\N,\N,\N,\N,\N,10
9474,406,178,26,15,21,\N,R,17,0,28,\N,\N,\N,\N,\N,\N,25
9475,406,110,18,23,23,\N,R,18,0,20,\N,\N,\N,\N,\N,\N,5
9476,406,173,34,8,19,\N,R,19,0,19,\N,\N,\N,\N,\N,\N,5
9477,406,172,27,26,14,\N,R,20,0,14,\N,\N,\N,\N,\N,\N,7
9478,406,102,32,12,1,\N,R,21,0,11,\N,\N,\N,\N,\N,\N,67
9479,406,95,3,5,3,\N,R,22,0,8,\N,\N,\N,\N,\N,\N,5
9480,406,174,32,11,17,\N,R,23,0,8,\N,\N,\N,\N,\N,\N,67
9481,406,179,49,29,24,\N,R,24,0,7,\N,\N,\N,\N,\N,\N,101
9482,406,175,26,16,11,\N,R,25,0,5,\N,\N,\N,\N,\N,\N,5
9483,406,145,18,24,18,\N,R,26,0,0,\N,\N,\N,\N,\N,\N,3
9484,407,117,1,1,1,1,1,1,9,78,1:55:41.060,6941060,\N,\N,\N,\N,1
9485,407,177,1,2,9,2,2,2,6,78,+25.022,6966082,\N,\N,\N,\N,1
9486,407,102,32,12,3,3,3,3,4,78,+53.646,6994706,\N,\N,\N,\N,1
9487,407,95,3,5,2,4,4,4,3,78,+1:11.402,7012462,\N,\N,\N,\N,1
9488,407,163,27,25,12,5,5,5,2,77,\N,\N,\N,\N,\N,\N,11
9489,407,172,27,26,7,6,6,6,1,77,\N,\N,\N,\N,\N,\N,11
9490,407,137,3,6,11,7,7,7,0,77,\N,\N,\N,\N,\N,\N,11
9491,407,123,21,18,14,8,8,8,0,75,\N,\N,\N,\N,\N,\N,13
9492,407,176,21,17,17,9,9,9,0,75,\N,\N,\N,\N,\N,\N,13
9493,407,140,6,28,15,10,10,10,0,75,\N,\N,\N,\N,\N,\N,13
9494,407,166,25,4,13,11,11,11,0,74,\N,\N,\N,\N,\N,\N,14
9495,407,156,49,14,19,12,12,12,0,74,\N,\N,\N,\N,\N,\N,14
9496,407,84,25,3,10,\N,R,13,0,67,\N,\N,\N,\N,\N,\N,3
9497,407,175,26,16,8,\N,R,14,0,67,\N,\N,\N,\N,\N,\N,3
9498,407,77,22,20,5,\N,R,15,0,42,\N,\N,\N,\N,\N,\N,38
9499,407,119,34,7,6,\N,R,16,0,38,\N,\N,\N,\N,\N,\N,48
9500,407,105,6,27,4,\N,R,17,0,38,\N,\N,\N,\N,\N,\N,101
9501,407,173,34,8,20,\N,R,18,0,31,\N,\N,\N,\N,\N,\N,5
9502,407,170,22,19,16,\N,R,19,0,17,\N,\N,\N,\N,\N,\N,23
9503,407,178,26,15,18,\N,R,20,0,2,\N,\N,\N,\N,\N,\N,3
9504,407,160,45,21,0,\N,F,21,0,0,\N,\N,\N,\N,\N,\N,81
9505,407,174,32,11,0,\N,F,22,0,0,\N,\N,\N,\N,\N,\N,81
9506,407,179,49,29,0,\N,F,23,0,0,\N,\N,\N,\N,\N,\N,81
9507,407,157,45,22,0,\N,F,24,0,0,\N,\N,\N,\N,\N,\N,81
9508,407,110,18,23,0,\N,F,25,0,0,\N,\N,\N,\N,\N,\N,81
9509,408,95,3,5,5,1,1,1,9,43,1:27:57.925,5277925,\N,\N,\N,\N,1
9510,408,102,32,12,4,2,2,2,6,43,+19.827,5297752,\N,\N,\N,\N,1
9511,408,140,6,28,11,3,3,3,4,43,+23.592,5301517,\N,\N,\N,\N,1
9512,408,105,6,27,9,4,4,4,3,43,+29.634,5307559,\N,\N,\N,\N,1
9513,408,172,27,26,17,5,5,5,2,43,+1:10.690,5348615,\N,\N,\N,\N,1
9514,408,117,1,1,3,6,6,6,1,43,+2:17.772,5415697,\N,\N,\N,\N,1
9515,408,170,22,19,6,7,7,7,0,42,\N,\N,\N,\N,\N,\N,11
9516,408,119,34,7,15,8,8,8,0,42,\N,\N,\N,\N,\N,\N,11
9517,408,176,21,17,21,9,9,9,0,41,\N,\N,\N,\N,\N,\N,12
9518,408,77,22,20,2,10,10,10,0,41,\N,\N,\N,\N,\N,\N,12
9519,408,178,26,15,16,11,11,11,0,40,\N,\N,\N,\N,\N,\N,60
9520,408,166,25,4,18,12,12,12,0,40,\N,\N,\N,\N,\N,\N,13
9521,408,156,49,14,20,13,13,13,0,37,\N,\N,\N,\N,\N,\N,16
9522,408,110,18,23,19,\N,R,14,0,35,\N,\N,\N,\N,\N,\N,60
9523,408,179,49,29,23,\N,R,15,0,25,\N,\N,\N,\N,\N,\N,10
9524,408,84,25,3,12,\N,R,16,0,25,\N,\N,\N,\N,\N,\N,6
9525,408,145,18,24,22,\N,R,17,0,24,\N,\N,\N,\N,\N,\N,6
9526,408,163,27,25,7,\N,R,18,0,23,\N,\N,\N,\N,\N,\N,5
9527,408,137,3,6,1,\N,R,19,0,16,\N,\N,\N,\N,\N,\N,101
9528,408,123,21,18,14,\N,R,20,0,7,\N,\N,\N,\N,\N,\N,10
9529,408,174,32,11,13,\N,R,21,0,7,\N,\N,\N,\N,\N,\N,20
9530,408,177,1,2,8,\N,R,22,0,6,\N,\N,\N,\N,\N,\N,5
9531,408,160,45,21,24,\N,R,23,0,3,\N,\N,\N,\N,\N,\N,5
9532,408,157,45,22,25,\N,R,24,0,2,\N,\N,\N,\N,\N,\N,5
9533,408,175,26,16,10,\N,R,25,0,0,\N,\N,\N,\N,\N,\N,3
9534,409,95,3,5,1,1,1,1,9,69,1:42:26.415,6146415,\N,\N,\N,\N,1
9535,409,117,1,1,4,2,2,2,6,69,+20.659,6167074,\N,\N,\N,\N,1
9536,409,137,3,6,3,3,3,3,4,69,+36.262,6182677,\N,\N,\N,\N,1
9537,409,177,1,2,6,4,4,4,3,69,+1:35.673,6242088,\N,\N,\N,\N,1
9538,409,102,32,12,2,5,5,5,2,68,\N,\N,\N,\N,\N,\N,11
9539,409,163,27,25,5,6,6,6,1,68,\N,\N,\N,\N,\N,\N,11
9540,409,172,27,26,8,7,7,7,0,68,\N,\N,\N,\N,\N,\N,11
9541,409,105,6,27,11,8,8,8,0,68,\N,\N,\N,\N,\N,\N,11
9542,409,84,25,3,19,9,9,9,0,67,\N,\N,\N,\N,\N,\N,12
9543,409,178,26,15,13,10,10,10,0,66,\N,\N,\N,\N,\N,\N,13
9544,409,166,25,4,17,11,11,11,0,65,\N,\N,\N,\N,\N,\N,14
9545,409,179,49,29,24,12,12,12,0,63,\N,\N,\N,\N,\N,\N,16
9546,409,119,34,7,9,\N,R,13,0,44,\N,\N,\N,\N,\N,\N,101
9547,409,160,45,21,23,\N,R,14,0,43,\N,\N,\N,\N,\N,\N,6
9548,409,110,18,23,21,\N,R,15,0,40,\N,\N,\N,\N,\N,\N,6
9549,409,123,21,18,12,\N,R,16,0,38,\N,\N,\N,\N,\N,\N,10
9550,409,77,22,20,7,\N,R,17,0,34,\N,\N,\N,\N,\N,\N,101
9551,409,140,6,28,18,\N,R,18,0,29,\N,\N,\N,\N,\N,\N,3
9552,409,174,32,11,16,\N,R,19,0,28,\N,\N,\N,\N,\N,\N,3
9553,409,156,49,14,22,\N,R,20,0,24,\N,\N,\N,\N,\N,\N,5
9554,409,118,34,8,10,\N,R,21,0,20,\N,\N,\N,\N,\N,\N,5
9555,409,145,18,24,20,\N,R,22,0,17,\N,\N,\N,\N,\N,\N,101
9556,409,170,22,19,15,\N,R,23,0,13,\N,\N,\N,\N,\N,\N,84
9557,409,157,45,22,25,\N,R,24,0,6,\N,\N,\N,\N,\N,\N,101
9558,409,175,26,16,14,\N,R,25,0,0,\N,\N,\N,\N,\N,\N,3
9559,410,102,32,12,1,1,1,1,9,63,1:51:12.847,6672847,\N,\N,\N,\N,1
9560,410,172,27,26,6,2,2,2,6,63,+31.017,6703864,\N,\N,\N,\N,1
9561,410,117,1,1,7,3,3,3,4,63,+31.824,6704671,\N,\N,\N,\N,1
9562,410,105,6,27,11,4,4,4,3,63,+1:30.936,6763783,\N,\N,\N,\N,1
9563,410,95,3,5,2,5,5,5,2,62,\N,\N,\N,\N,\N,\N,11
9564,410,119,34,7,8,6,6,6,1,62,\N,\N,\N,\N,\N,\N,11
9565,410,174,32,11,14,7,7,7,0,61,\N,\N,\N,\N,\N,\N,12
9566,410,156,49,14,20,8,8,8,0,61,\N,\N,\N,\N,\N,\N,12
9567,410,166,25,4,18,9,9,9,0,61,\N,\N,\N,\N,\N,\N,12
9568,410,118,34,8,15,10,10,10,0,60,\N,\N,\N,\N,\N,\N,13
9569,410,157,21,17,19,\N,R,11,0,51,\N,\N,\N,\N,\N,\N,10
9570,410,163,27,25,4,\N,R,12,0,46,\N,\N,\N,\N,\N,\N,3
9571,410,123,21,18,13,\N,R,13,0,44,\N,\N,\N,\N,\N,\N,3
9572,410,110,18,23,23,\N,R,14,0,43,\N,\N,\N,\N,\N,\N,6
9573,410,137,3,6,3,\N,R,15,0,41,\N,\N,\N,\N,\N,\N,3
9574,410,140,6,28,5,\N,R,16,0,40,\N,\N,\N,\N,\N,\N,10
9575,410,170,22,19,17,\N,R,17,0,38,\N,\N,\N,\N,\N,\N,6
9576,410,158,26,16,10,\N,R,18,0,37,\N,\N,\N,\N,\N,\N,38
9577,410,178,26,15,21,\N,R,19,0,33,\N,\N,\N,\N,\N,\N,38
9578,410,180,45,22,25,\N,R,20,0,28,\N,\N,\N,\N,\N,\N,10
9579,410,84,25,3,16,\N,R,21,0,15,\N,\N,\N,\N,\N,\N,10
9580,410,160,45,21,22,\N,R,22,0,14,\N,\N,\N,\N,\N,\N,101
9581,410,177,1,2,9,\N,R,23,0,12,\N,\N,\N,\N,\N,\N,7
9582,410,77,22,20,12,\N,R,24,0,8,\N,\N,\N,\N,\N,\N,5
9583,410,145,18,24,24,\N,R,25,0,3,\N,\N,\N,\N,\N,\N,101
9584,410,179,49,29,26,\N,R,26,0,0,\N,\N,\N,\N,\N,\N,10
9585,411,95,3,5,2,1,1,1,9,80,1:37:19.272,5839272,\N,\N,\N,\N,1
9586,411,117,1,1,5,2,2,2,6,80,+17.128,5856400,\N,\N,\N,\N,1
9587,411,137,3,6,3,3,3,3,4,80,+37.545,5876817,\N,\N,\N,\N,1
9588,411,177,1,2,7,4,4,4,3,80,+48.703,5887975,\N,\N,\N,\N,1
9589,411,163,27,25,4,5,5,5,2,79,\N,\N,\N,\N,\N,\N,11
9590,411,172,27,26,11,6,6,6,1,79,\N,\N,\N,\N,\N,\N,11
9591,411,119,34,7,16,7,7,7,0,78,\N,\N,\N,\N,\N,\N,12
9592,411,105,6,27,9,8,8,8,0,78,\N,\N,\N,\N,\N,\N,12
9593,411,118,34,8,14,9,9,9,0,77,\N,\N,\N,\N,\N,\N,13
9594,411,84,25,3,15,10,10,10,0,77,\N,\N,\N,\N,\N,\N,13
9595,411,157,21,17,18,11,11,11,0,76,\N,\N,\N,\N,\N,\N,14
9596,411,123,21,18,21,\N,N,12,0,67,\N,\N,\N,\N,\N,\N,62
9597,411,175,26,16,13,\N,R,13,0,64,\N,\N,\N,\N,\N,\N,23
9598,411,174,32,11,12,\N,R,14,0,56,\N,\N,\N,\N,\N,\N,5
9599,411,156,49,14,22,\N,R,15,0,46,\N,\N,\N,\N,\N,\N,5
9600,411,166,25,4,17,\N,R,16,0,43,\N,\N,\N,\N,\N,\N,42
9601,411,179,49,29,24,\N,R,17,0,32,\N,\N,\N,\N,\N,\N,3
9602,411,180,45,22,26,\N,R,18,0,25,\N,\N,\N,\N,\N,\N,101
9603,411,77,22,20,8,\N,R,19,0,22,\N,\N,\N,\N,\N,\N,6
9604,411,170,22,19,6,\N,R,20,0,7,\N,\N,\N,\N,\N,\N,5
9605,411,140,6,28,10,\N,R,21,0,5,\N,\N,\N,\N,\N,\N,101
9606,411,102,32,12,1,\N,R,22,0,3,\N,\N,\N,\N,\N,\N,3
9607,411,160,45,21,25,\N,R,23,0,3,\N,\N,\N,\N,\N,\N,3
9608,411,145,18,24,19,\N,R,24,0,3,\N,\N,\N,\N,\N,\N,3
9609,411,110,18,23,23,\N,R,25,0,3,\N,\N,\N,\N,\N,\N,101
9610,411,178,26,15,20,\N,R,26,0,2,\N,\N,\N,\N,\N,\N,3
9611,412,95,3,5,2,1,1,1,9,75,1:30:38.471,5438471,\N,\N,\N,\N,1
9612,412,137,3,6,1,2,2,2,6,75,+5.574,5444045,\N,\N,\N,\N,1
9613,412,117,1,1,6,3,3,3,4,74,\N,\N,\N,\N,\N,\N,11
9614,412,163,27,25,8,4,4,4,3,73,\N,\N,\N,\N,\N,\N,12
9615,412,84,25,3,11,5,5,5,2,72,\N,\N,\N,\N,\N,\N,13
9616,412,166,25,4,16,6,6,6,1,72,\N,\N,\N,\N,\N,\N,13
9617,412,174,32,11,10,7,7,7,0,72,\N,\N,\N,\N,\N,\N,13
9618,412,118,34,8,9,8,8,8,0,72,\N,\N,\N,\N,\N,\N,13
9619,412,156,49,14,22,9,9,9,0,69,\N,\N,\N,\N,\N,\N,16
9620,412,123,21,18,13,\N,N,10,0,62,\N,\N,\N,\N,\N,\N,62
9621,412,175,26,16,17,\N,R,11,0,60,\N,\N,\N,\N,\N,\N,6
9622,412,105,6,27,12,\N,R,12,0,51,\N,\N,\N,\N,\N,\N,101
9623,412,145,18,24,20,\N,R,13,0,50,\N,\N,\N,\N,\N,\N,38
9624,412,170,22,19,7,\N,R,14,0,45,\N,\N,\N,\N,\N,\N,69
9625,412,119,34,7,15,\N,R,15,0,39,\N,\N,\N,\N,\N,\N,5
9626,412,102,32,12,3,\N,R,16,0,27,\N,\N,\N,\N,\N,\N,6
9627,412,179,49,29,25,\N,R,17,0,24,\N,\N,\N,\N,\N,\N,5
9628,412,110,18,23,21,\N,R,18,0,23,\N,\N,\N,\N,\N,\N,10
9629,412,77,22,20,4,\N,R,19,0,22,\N,\N,\N,\N,\N,\N,10
9630,412,178,26,15,14,\N,R,20,0,22,\N,\N,\N,\N,\N,\N,37
9631,412,140,6,28,18,\N,R,21,0,20,\N,\N,\N,\N,\N,\N,5
9632,412,177,1,2,5,\N,R,22,0,7,\N,\N,\N,\N,\N,\N,6
9633,412,172,27,26,19,\N,R,23,0,0,\N,\N,\N,\N,\N,\N,4
9634,412,157,21,17,23,\N,R,24,0,0,\N,\N,\N,\N,\N,\N,4
9635,412,160,45,21,24,\N,R,25,0,0,\N,\N,\N,\N,\N,\N,4
9636,412,180,45,22,26,\N,R,26,0,0,\N,\N,\N,\N,\N,\N,4
9637,413,137,3,6,5,1,1,1,9,44,1:22:08.263,4928263,\N,\N,\N,\N,1
9638,413,102,32,12,3,2,2,2,6,44,+15.437,4943700,\N,\N,\N,\N,1
9639,413,95,3,5,6,3,3,3,4,44,+44.580,4972843,\N,\N,\N,\N,1
9640,413,163,27,25,8,4,4,4,3,44,+1:15.176,5003439,\N,\N,\N,\N,1
9641,413,177,1,2,1,5,5,5,2,43,\N,\N,\N,\N,\N,\N,60
9642,413,117,1,1,2,6,6,6,1,43,\N,\N,\N,\N,\N,\N,60
9643,413,118,34,8,20,7,7,7,0,43,\N,\N,\N,\N,\N,\N,11
9644,413,175,26,16,13,8,8,8,0,43,\N,\N,\N,\N,\N,\N,11
9645,413,178,26,15,19,9,9,9,0,42,\N,\N,\N,\N,\N,\N,12
9646,413,77,22,20,4,10,10,10,0,42,\N,\N,\N,\N,\N,\N,12
9647,413,140,6,28,11,11,11,11,0,41,\N,\N,\N,\N,\N,\N,41
9648,413,180,45,22,26,12,12,12,0,40,\N,\N,\N,\N,\N,\N,14
9649,413,157,21,17,17,\N,R,13,0,38,\N,\N,\N,\N,\N,\N,101
9650,413,179,49,29,24,\N,R,14,0,38,\N,\N,\N,\N,\N,\N,6
9651,413,156,49,14,16,\N,R,15,0,37,\N,\N,\N,\N,\N,\N,5
9652,413,84,25,3,15,\N,R,16,0,34,\N,\N,\N,\N,\N,\N,10
9653,413,119,34,7,7,\N,R,17,0,22,\N,\N,\N,\N,\N,\N,101
9654,413,110,18,23,23,\N,R,18,0,20,\N,\N,\N,\N,\N,\N,6
9655,413,145,18,24,22,\N,R,19,0,19,\N,\N,\N,\N,\N,\N,25
9656,413,174,32,11,12,\N,R,20,0,17,\N,\N,\N,\N,\N,\N,21
9657,413,123,21,18,21,\N,R,21,0,13,\N,\N,\N,\N,\N,\N,101
9658,413,112,27,26,14,\N,R,22,0,11,\N,\N,\N,\N,\N,\N,5
9659,413,160,45,21,25,\N,R,23,0,10,\N,\N,\N,\N,\N,\N,8
9660,413,166,25,4,18,\N,R,24,0,7,\N,\N,\N,\N,\N,\N,5
9661,413,105,6,27,10,\N,R,25,0,6,\N,\N,\N,\N,\N,\N,7
9662,413,170,22,19,9,\N,R,26,0,0,\N,\N,\N,\N,\N,\N,3
9663,414,137,3,6,2,1,1,1,9,76,2:00:34.508,7234508,\N,\N,\N,\N,1
9664,414,102,32,12,1,2,2,2,6,76,+17.673,7252181,\N,\N,\N,\N,1
9665,414,95,3,5,4,3,3,3,4,75,\N,\N,\N,\N,\N,\N,11
9666,414,140,6,28,7,4,4,4,3,75,\N,\N,\N,\N,\N,\N,11
9667,414,174,32,11,8,5,5,5,2,74,\N,\N,\N,\N,\N,\N,12
9668,414,84,25,3,16,6,6,6,1,74,\N,\N,\N,\N,\N,\N,12
9669,414,175,26,16,6,7,7,7,0,74,\N,\N,\N,\N,\N,\N,12
9670,414,166,25,4,18,8,8,8,0,74,\N,\N,\N,\N,\N,\N,12
9671,414,112,27,26,12,9,9,9,0,73,\N,\N,\N,\N,\N,\N,13
9672,414,156,49,14,24,10,10,10,0,70,\N,\N,\N,\N,\N,\N,16
9673,414,163,27,25,9,\N,R,11,0,48,\N,\N,\N,\N,\N,\N,5
9674,414,178,26,15,10,\N,R,12,0,46,\N,\N,\N,\N,\N,\N,24
9675,414,77,22,20,11,\N,R,13,0,44,\N,\N,\N,\N,\N,\N,7
9676,414,123,21,18,22,\N,R,14,0,40,\N,\N,\N,\N,\N,\N,10
9677,414,177,1,2,5,\N,R,15,0,34,\N,\N,\N,\N,\N,\N,22
9678,414,170,22,19,13,\N,R,16,0,32,\N,\N,\N,\N,\N,\N,7
9679,414,145,18,24,17,\N,R,17,0,30,\N,\N,\N,\N,\N,\N,5
9680,414,105,6,27,15,\N,R,18,0,29,\N,\N,\N,\N,\N,\N,3
9681,414,118,34,8,19,\N,R,19,0,28,\N,\N,\N,\N,\N,\N,3
9682,414,117,1,1,3,\N,R,20,0,23,\N,\N,\N,\N,\N,\N,3
9683,414,160,45,21,23,\N,R,21,0,15,\N,\N,\N,\N,\N,\N,22
9684,414,157,21,17,21,\N,R,22,0,7,\N,\N,\N,\N,\N,\N,22
9685,414,119,34,7,14,\N,R,23,0,5,\N,\N,\N,\N,\N,\N,6
9686,414,110,18,23,20,\N,R,24,0,5,\N,\N,\N,\N,\N,\N,5
9687,414,179,49,29,25,\N,R,25,0,2,\N,\N,\N,\N,\N,\N,21
9688,414,180,45,22,26,\N,R,26,0,1,\N,\N,\N,\N,\N,\N,101
9689,415,117,1,1,5,1,1,1,9,52,1:21:22.531,4882531,\N,\N,\N,\N,1
9690,415,105,6,27,9,2,2,2,6,51,\N,\N,\N,\N,\N,\N,11
9691,415,140,6,28,14,3,3,3,4,50,\N,\N,\N,\N,\N,\N,12
9692,415,178,26,15,16,4,4,4,3,50,\N,\N,\N,\N,\N,\N,12
9693,415,175,26,16,13,5,5,5,2,50,\N,\N,\N,\N,\N,\N,12
9694,415,157,21,17,22,6,6,6,1,49,\N,\N,\N,\N,\N,\N,13
9695,415,77,22,20,2,7,7,7,0,49,\N,\N,\N,\N,\N,\N,13
9696,415,179,49,29,24,8,8,8,0,48,\N,\N,\N,\N,\N,\N,14
9697,415,177,1,2,3,9,9,9,0,47,\N,\N,\N,\N,\N,\N,10
9698,415,163,27,25,12,10,10,10,0,47,\N,\N,\N,\N,\N,\N,15
9699,415,160,45,21,25,11,11,11,0,46,\N,\N,\N,\N,\N,\N,16
9700,415,95,3,5,6,\N,R,12,0,32,\N,\N,\N,\N,\N,\N,86
9701,415,137,3,6,7,\N,R,13,0,29,\N,\N,\N,\N,\N,\N,5
9702,415,123,21,18,18,\N,R,14,0,25,\N,\N,\N,\N,\N,\N,101
9703,415,170,22,19,1,\N,R,15,0,17,\N,\N,\N,\N,\N,\N,5
9704,415,112,27,26,11,\N,R,16,0,16,\N,\N,\N,\N,\N,\N,5
9705,415,145,18,24,19,\N,R,17,0,13,\N,\N,\N,\N,\N,\N,22
9706,415,110,18,23,23,\N,R,18,0,13,\N,\N,\N,\N,\N,\N,8
9707,415,102,32,12,8,\N,R,19,0,13,\N,\N,\N,\N,\N,\N,5
9708,415,84,25,3,17,\N,R,20,0,12,\N,\N,\N,\N,\N,\N,101
9709,415,166,25,4,20,\N,R,21,0,10,\N,\N,\N,\N,\N,\N,5
9710,415,174,32,11,15,\N,R,22,0,9,\N,\N,\N,\N,\N,\N,5
9711,415,156,49,14,21,\N,R,23,0,8,\N,\N,\N,\N,\N,\N,5
9712,415,180,45,22,26,\N,R,24,0,6,\N,\N,\N,\N,\N,\N,10
9713,415,119,34,7,4,\N,R,25,0,2,\N,\N,\N,\N,\N,\N,5
9714,415,118,34,8,10,\N,W,26,0,0,\N,\N,\N,\N,\N,\N,54
9715,416,137,3,6,6,1,1,1,9,51,1:17:42.889,4662889,\N,\N,\N,\N,1
9716,416,95,3,5,3,2,2,2,6,51,+9.828,4672717,\N,\N,\N,\N,1
9717,416,140,6,28,12,3,3,3,4,51,+22.915,4685804,\N,\N,\N,\N,1
9718,416,177,1,2,8,4,4,4,3,51,+53.809,4716698,\N,\N,\N,\N,1
9719,416,77,22,20,4,5,5,5,2,50,\N,\N,\N,\N,\N,\N,11
9720,416,178,26,15,18,6,6,6,1,49,\N,\N,\N,\N,\N,\N,12
9721,416,123,21,18,13,7,7,7,0,49,\N,\N,\N,\N,\N,\N,12
9722,416,157,21,17,16,8,8,8,0,49,\N,\N,\N,\N,\N,\N,12
9723,416,166,25,4,23,9,9,9,0,49,\N,\N,\N,\N,\N,\N,12
9724,416,84,25,3,20,10,10,10,0,49,\N,\N,\N,\N,\N,\N,12
9725,416,133,45,22,27,\N,N,11,0,45,\N,\N,\N,\N,\N,\N,62
9726,416,170,22,19,1,\N,R,12,0,44,\N,\N,\N,\N,\N,\N,29
9727,416,105,6,27,9,\N,R,13,0,33,\N,\N,\N,\N,\N,\N,5
9728,416,110,18,23,21,\N,R,14,0,33,\N,\N,\N,\N,\N,\N,5
9729,416,122,39,31,25,\N,R,15,0,31,\N,\N,\N,\N,\N,\N,29
9730,416,163,27,25,11,\N,R,16,0,30,\N,\N,\N,\N,\N,\N,6
9731,416,156,49,14,22,\N,R,17,0,27,\N,\N,\N,\N,\N,\N,5
9732,416,117,1,1,2,\N,D,18,0,27,\N,\N,\N,\N,\N,\N,2
9733,416,112,27,26,14,\N,R,19,0,22,\N,\N,\N,\N,\N,\N,5
9734,416,174,32,11,17,\N,R,20,0,18,\N,\N,\N,\N,\N,\N,6
9735,416,118,34,8,7,\N,R,21,0,16,\N,\N,\N,\N,\N,\N,20
9736,416,145,18,24,19,\N,R,22,0,15,\N,\N,\N,\N,\N,\N,10
9737,416,160,45,21,26,\N,R,23,0,12,\N,\N,\N,\N,\N,\N,22
9738,416,175,26,16,15,\N,R,24,0,2,\N,\N,\N,\N,\N,\N,3
9739,416,119,34,7,10,\N,R,25,0,2,\N,\N,\N,\N,\N,\N,3
9740,416,179,49,29,24,\N,R,26,0,1,\N,\N,\N,\N,\N,\N,5
9741,416,102,32,12,5,\N,R,27,0,0,\N,\N,\N,\N,\N,\N,7
9742,417,95,3,5,2,1,1,1,9,70,1:37:21.900,5841900,\N,\N,\N,\N,1
9743,417,117,1,1,3,2,2,2,6,70,+18.772,5860672,\N,\N,\N,\N,1
9744,417,137,3,6,6,3,3,3,4,70,+49.274,5891174,\N,\N,\N,\N,1
9745,417,102,32,12,1,4,4,4,3,69,\N,\N,\N,\N,\N,\N,60
9746,417,105,6,27,13,5,5,5,2,69,\N,\N,\N,\N,\N,\N,11
9747,417,140,6,28,8,6,6,6,1,69,\N,\N,\N,\N,\N,\N,11
9748,417,163,27,25,10,7,7,7,0,69,\N,\N,\N,\N,\N,\N,11
9749,417,170,22,19,5,8,8,8,0,68,\N,\N,\N,\N,\N,\N,12
9750,417,174,32,11,15,9,9,9,0,68,\N,\N,\N,\N,\N,\N,12
9751,417,123,21,18,21,10,10,10,0,67,\N,\N,\N,\N,\N,\N,13
9752,417,157,21,17,22,11,11,11,0,67,\N,\N,\N,\N,\N,\N,13
9753,417,156,49,14,20,12,12,12,0,67,\N,\N,\N,\N,\N,\N,13
9754,417,180,45,22,27,13,13,13,0,63,\N,\N,\N,\N,\N,\N,17
9755,417,119,34,7,9,\N,R,14,0,62,\N,\N,\N,\N,\N,\N,5
9756,417,175,26,16,14,\N,N,15,0,62,\N,\N,\N,\N,\N,\N,62
9757,417,145,18,24,18,\N,N,16,0,60,\N,\N,\N,\N,\N,\N,62
9758,417,77,22,20,4,\N,R,17,0,44,\N,\N,\N,\N,\N,\N,20
9759,417,110,18,23,16,\N,R,18,0,43,\N,\N,\N,\N,\N,\N,20
9760,417,177,1,2,7,\N,R,19,0,41,\N,\N,\N,\N,\N,\N,10
9761,417,118,34,8,12,\N,R,20,0,41,\N,\N,\N,\N,\N,\N,10
9762,417,112,27,26,11,\N,R,21,0,39,\N,\N,\N,\N,\N,\N,5
9763,417,166,25,4,23,\N,R,22,0,28,\N,\N,\N,\N,\N,\N,5
9764,417,84,25,3,19,\N,R,23,0,18,\N,\N,\N,\N,\N,\N,5
9765,417,178,26,15,17,\N,R,24,0,10,\N,\N,\N,\N,\N,\N,23
9766,417,179,49,29,26,\N,R,25,0,9,\N,\N,\N,\N,\N,\N,7
9767,417,160,45,21,24,\N,R,26,0,8,\N,\N,\N,\N,\N,\N,5
9768,417,122,39,31,25,\N,R,27,0,6,\N,\N,\N,\N,\N,\N,7
9769,418,77,22,20,4,1,1,1,9,68,1:33:18.700,5598700,\N,\N,\N,\N,1
9770,418,117,1,1,6,2,2,2,6,68,+25.438,5624138,\N,\N,\N,\N,1
9771,418,102,32,12,1,3,3,3,4,68,+52.513,5651213,\N,\N,\N,\N,1
9772,418,137,3,6,2,4,4,4,3,67,\N,\N,\N,\N,\N,\N,11
9773,418,95,3,5,3,5,5,5,2,67,\N,\N,\N,\N,\N,\N,11
9774,418,112,27,26,10,6,6,6,1,67,\N,\N,\N,\N,\N,\N,11
9775,418,123,21,18,21,7,7,7,0,66,\N,\N,\N,\N,\N,\N,12
9776,418,110,18,23,22,8,8,8,0,66,\N,\N,\N,\N,\N,\N,12
9777,418,157,21,17,20,9,9,9,0,66,\N,\N,\N,\N,\N,\N,12
9778,418,156,49,14,18,10,10,10,0,65,\N,\N,\N,\N,\N,\N,60
9779,418,84,25,3,16,11,11,11,0,65,\N,\N,\N,\N,\N,\N,13
9780,418,140,6,28,14,12,12,12,0,64,\N,\N,\N,\N,\N,\N,101
9781,418,119,34,7,5,13,13,13,0,64,\N,\N,\N,\N,\N,\N,20
9782,418,145,18,24,24,14,14,14,0,64,\N,\N,\N,\N,\N,\N,14
9783,418,163,27,25,13,15,15,15,0,63,\N,\N,\N,\N,\N,\N,5
9784,418,180,45,22,26,16,16,16,0,61,\N,\N,\N,\N,\N,\N,17
9785,418,174,32,11,17,\N,R,17,0,53,\N,\N,\N,\N,\N,\N,10
9786,418,118,34,8,7,\N,R,18,0,37,\N,\N,\N,\N,\N,\N,5
9787,418,178,26,15,15,\N,R,19,0,35,\N,\N,\N,\N,\N,\N,27
9788,418,177,1,2,11,\N,R,20,0,32,\N,\N,\N,\N,\N,\N,29
9789,418,105,6,27,12,\N,R,21,0,10,\N,\N,\N,\N,\N,\N,101
9790,418,160,45,21,25,\N,R,22,0,8,\N,\N,\N,\N,\N,\N,101
9791,418,166,25,4,19,\N,R,23,0,8,\N,\N,\N,\N,\N,\N,101
9792,418,170,22,19,9,\N,R,24,0,4,\N,\N,\N,\N,\N,\N,5
9793,418,175,26,16,8,\N,R,25,0,0,\N,\N,\N,\N,\N,\N,3
9794,419,117,1,1,4,1,1,1,9,82,1:54:20.388,6860388,\N,\N,\N,\N,1
9795,419,137,3,6,2,2,2,2,6,82,+4.205,6864593,\N,\N,\N,\N,1
9796,419,140,6,28,12,3,3,3,4,81,\N,\N,\N,\N,\N,\N,11
9797,419,84,25,3,16,4,4,4,3,81,\N,\N,\N,\N,\N,\N,11
9798,419,166,25,4,10,5,5,5,2,80,\N,\N,\N,\N,\N,\N,60
9799,419,174,32,11,14,6,6,6,1,80,\N,\N,\N,\N,\N,\N,12
9800,419,163,27,25,5,7,7,7,0,79,\N,\N,\N,\N,\N,\N,13
9801,419,112,27,26,8,8,8,8,0,79,\N,\N,\N,\N,\N,\N,13
9802,419,156,49,14,21,9,9,9,0,77,\N,\N,\N,\N,\N,\N,15
9803,419,170,22,19,13,10,10,10,0,77,\N,\N,\N,\N,\N,\N,15
9804,419,175,26,16,17,\N,N,11,0,70,\N,\N,\N,\N,\N,\N,62
9805,419,95,3,5,1,\N,R,12,0,63,\N,\N,\N,\N,\N,\N,27
9806,419,119,34,7,19,\N,R,13,0,63,\N,\N,\N,\N,\N,\N,10
9807,419,177,1,2,7,\N,R,14,0,62,\N,\N,\N,\N,\N,\N,27
9808,419,180,45,22,26,\N,N,15,0,61,\N,\N,\N,\N,\N,\N,62
9809,419,118,34,8,20,\N,R,16,0,57,\N,\N,\N,\N,\N,\N,23
9810,419,157,21,17,24,\N,R,17,0,52,\N,\N,\N,\N,\N,\N,5
9811,419,123,21,18,22,\N,R,18,0,50,\N,\N,\N,\N,\N,\N,5
9812,419,102,32,12,3,\N,R,19,0,43,\N,\N,\N,\N,\N,\N,5
9813,419,110,18,23,11,\N,R,20,0,40,\N,\N,\N,\N,\N,\N,26
9814,419,77,22,20,6,\N,R,21,0,40,\N,\N,\N,\N,\N,\N,5
9815,419,179,49,29,23,\N,R,22,0,29,\N,\N,\N,\N,\N,\N,22
9816,419,178,26,15,15,\N,R,23,0,16,\N,\N,\N,\N,\N,\N,5
9817,419,145,18,24,18,\N,R,24,0,10,\N,\N,\N,\N,\N,\N,3
9818,419,160,45,21,25,\N,R,25,0,2,\N,\N,\N,\N,\N,\N,7
9819,419,105,6,27,9,\N,R,26,0,0,\N,\N,\N,\N,\N,\N,3
9820,420,117,1,2,6,1,1,1,9,61,1:41:26.115,6086115,\N,\N,\N,\N,1
9821,420,105,6,27,1,2,2,2,6,61,+3.259,6089374,\N,\N,\N,\N,1
9822,420,173,32,11,3,3,3,3,4,60,\N,\N,\N,\N,\N,\N,11
9823,420,163,6,28,7,4,4,4,3,59,\N,\N,\N,\N,\N,\N,12
9824,420,175,4,15,11,5,5,5,2,59,\N,\N,\N,\N,\N,\N,12
9825,420,172,27,26,15,6,6,6,1,59,\N,\N,\N,\N,\N,\N,12
9826,420,140,25,4,23,7,7,7,0,58,\N,\N,\N,\N,\N,\N,13
9827,420,84,25,3,21,8,8,8,0,58,\N,\N,\N,\N,\N,\N,13
9828,420,112,50,10,20,9,9,9,0,58,\N,\N,\N,\N,\N,\N,13
9829,420,118,4,16,10,10,10,10,0,57,\N,\N,\N,\N,\N,\N,14
9830,420,123,21,18,12,11,11,11,0,57,\N,\N,\N,\N,\N,\N,14
9831,420,160,45,24,22,12,12,12,0,57,\N,\N,\N,\N,\N,\N,14
9832,420,181,50,9,16,13,13,13,0,57,\N,\N,\N,\N,\N,\N,14
9833,420,77,21,17,19,\N,R,14,0,51,\N,\N,\N,\N,\N,\N,22
9834,420,102,32,12,4,\N,R,15,0,48,\N,\N,\N,\N,\N,\N,10
9835,420,158,51,23,18,\N,R,16,0,42,\N,\N,\N,\N,\N,\N,5
9836,420,94,18,29,25,\N,R,17,0,41,\N,\N,\N,\N,\N,\N,5
9837,420,182,1,1,9,\N,R,18,0,27,\N,\N,\N,\N,\N,\N,69
9838,420,110,27,25,13,\N,R,19,0,26,\N,\N,\N,\N,\N,\N,3
9839,420,119,51,22,14,\N,R,20,0,20,\N,\N,\N,\N,\N,\N,29
9840,420,177,3,6,2,\N,R,21,0,10,\N,\N,\N,\N,\N,\N,101
9841,420,183,34,8,17,\N,R,22,0,9,\N,\N,\N,\N,\N,\N,3
9842,420,95,3,5,5,\N,R,23,0,8,\N,\N,\N,\N,\N,\N,43
9843,420,184,52,21,24,\N,R,24,0,7,\N,\N,\N,\N,\N,\N,101
9844,420,137,34,7,8,\N,R,25,0,2,\N,\N,\N,\N,\N,\N,7
9845,421,102,32,12,1,1,1,1,9,67,2:00:28.006,7228006,\N,\N,\N,\N,1
9846,421,105,6,27,5,2,2,2,6,67,+1:02.978,7290984,\N,\N,\N,\N,1
9847,421,175,4,15,12,3,3,3,4,66,\N,\N,\N,\N,\N,\N,11
9848,421,173,32,11,4,4,4,4,3,66,\N,\N,\N,\N,\N,\N,11
9849,421,95,3,5,9,5,5,5,2,65,\N,\N,\N,\N,\N,\N,12
9850,421,185,25,4,21,6,6,6,1,65,\N,\N,\N,\N,\N,\N,12
9851,421,118,4,16,6,7,7,7,0,65,\N,\N,\N,\N,\N,\N,12
9852,421,140,6,28,11,8,8,8,0,62,\N,\N,\N,\N,\N,\N,15
9853,421,160,45,24,26,9,9,9,0,61,\N,\N,\N,\N,\N,\N,16
9854,421,181,50,9,15,\N,N,10,0,50,\N,\N,\N,\N,\N,\N,62
9855,421,182,1,1,7,\N,R,11,0,49,\N,\N,\N,\N,\N,\N,5
9856,421,158,51,23,14,\N,R,12,0,36,\N,\N,\N,\N,\N,\N,5
9857,421,117,1,2,2,\N,R,13,0,30,\N,\N,\N,\N,\N,\N,20
9858,421,110,27,25,8,\N,R,14,0,29,\N,\N,\N,\N,\N,\N,27
9859,421,137,34,7,16,\N,R,15,0,28,\N,\N,\N,\N,\N,\N,27
9860,421,123,21,18,10,\N,R,16,0,28,\N,\N,\N,\N,\N,\N,10
9861,421,84,25,3,22,\N,R,17,0,20,\N,\N,\N,\N,\N,\N,7
9862,421,184,52,21,29,\N,R,18,0,19,\N,\N,\N,\N,\N,\N,20
9863,421,177,3,6,3,\N,R,19,0,16,\N,\N,\N,\N,\N,\N,20
9864,421,172,27,26,18,\N,R,20,0,15,\N,\N,\N,\N,\N,\N,27
9865,421,77,21,17,17,\N,R,21,0,12,\N,\N,\N,\N,\N,\N,20
9866,421,94,18,29,25,\N,R,22,0,12,\N,\N,\N,\N,\N,\N,20
9867,421,119,51,22,13,\N,R,23,0,4,\N,\N,\N,\N,\N,\N,20
9868,421,112,50,10,20,\N,R,24,0,3,\N,\N,\N,\N,\N,\N,20
9869,421,183,34,8,19,\N,R,25,0,3,\N,\N,\N,\N,\N,\N,10
9870,421,156,49,30,23,\N,R,26,0,2,\N,\N,\N,\N,\N,\N,22
9871,422,173,32,11,3,1,1,1,9,60,1:34:35.955,5675955,\N,\N,\N,\N,1
9872,422,123,21,18,5,2,2,2,6,59,\N,\N,\N,\N,\N,\N,11
9873,422,175,4,15,11,3,3,3,4,59,\N,\N,\N,\N,\N,\N,11
9874,422,182,1,1,8,4,4,4,3,59,\N,\N,\N,\N,\N,\N,11
9875,422,95,3,5,7,5,5,5,2,58,\N,\N,\N,\N,\N,\N,12
9876,422,140,6,28,15,6,6,6,1,57,\N,\N,\N,\N,\N,\N,60
9877,422,102,32,12,1,7,7,7,0,57,\N,\N,\N,\N,\N,\N,60
9878,422,137,34,7,9,8,8,8,0,57,\N,\N,\N,\N,\N,\N,60
9879,422,84,25,3,25,9,9,9,0,56,\N,\N,\N,\N,\N,\N,60
9880,422,118,4,16,14,10,10,10,0,56,\N,\N,\N,\N,\N,\N,60
9881,422,117,1,2,6,\N,D,11,0,60,\N,\N,\N,\N,\N,\N,2
9882,422,158,51,23,12,\N,R,12,0,50,\N,\N,\N,\N,\N,\N,5
9883,422,160,45,24,22,\N,N,13,0,46,\N,\N,\N,\N,\N,\N,62
9884,422,105,6,27,4,\N,R,14,0,29,\N,\N,\N,\N,\N,\N,10
9885,422,181,50,9,23,\N,R,15,0,27,\N,\N,\N,\N,\N,\N,5
9886,422,112,50,10,21,\N,R,16,0,24,\N,\N,\N,\N,\N,\N,5
9887,422,177,3,6,2,\N,R,17,0,23,\N,\N,\N,\N,\N,\N,23
9888,422,172,27,26,16,\N,R,18,0,22,\N,\N,\N,\N,\N,\N,101
9889,422,94,18,29,19,\N,R,19,0,14,\N,\N,\N,\N,\N,\N,101
9890,422,110,27,25,13,\N,R,20,0,11,\N,\N,\N,\N,\N,\N,20
9891,422,184,52,21,26,\N,R,21,0,9,\N,\N,\N,\N,\N,\N,10
9892,422,183,34,8,20,\N,R,22,0,5,\N,\N,\N,\N,\N,\N,5
9893,422,185,25,4,24,\N,R,23,0,5,\N,\N,\N,\N,\N,\N,5
9894,422,77,21,17,18,\N,R,24,0,4,\N,\N,\N,\N,\N,\N,5
9895,422,119,51,22,18,\N,R,25,0,4,\N,\N,\N,\N,\N,\N,5
9896,422,156,49,30,17,\N,R,26,0,0,\N,\N,\N,\N,\N,\N,31
9897,423,117,1,2,5,1,1,1,9,78,1:51:58.034,6718034,\N,\N,\N,\N,1
9898,423,105,6,27,3,2,2,2,6,78,+7.541,6725575,\N,\N,\N,\N,1
9899,423,173,32,11,9,3,3,3,4,78,+1:27.171,6805205,\N,\N,\N,\N,1
9900,423,110,27,25,8,4,4,4,3,77,\N,\N,\N,\N,\N,\N,11
9901,423,118,4,16,10,5,5,5,2,77,\N,\N,\N,\N,\N,\N,11
9902,423,172,27,26,16,6,6,6,1,77,\N,\N,\N,\N,\N,\N,11
9903,423,95,3,5,2,7,7,7,0,77,\N,\N,\N,\N,\N,\N,11
9904,423,177,3,6,7,8,8,8,0,76,\N,\N,\N,\N,\N,\N,12
9905,423,123,21,18,6,9,9,9,0,76,\N,\N,\N,\N,\N,\N,12
9906,423,84,25,3,18,10,10,10,0,74,\N,\N,\N,\N,\N,\N,14
9907,423,156,49,30,19,11,11,11,0,74,\N,\N,\N,\N,\N,\N,14
9908,423,182,1,1,14,\N,R,12,0,17,\N,\N,\N,\N,\N,\N,20
9909,423,119,51,22,12,\N,R,13,0,16,\N,\N,\N,\N,\N,\N,3
9910,423,137,34,7,13,\N,R,14,0,16,\N,\N,\N,\N,\N,\N,3
9911,423,170,53,19,20,\N,R,15,0,16,\N,\N,\N,\N,\N,\N,101
9912,423,102,32,12,1,\N,R,16,0,13,\N,\N,\N,\N,\N,\N,5
9913,423,158,51,23,4,\N,R,17,0,10,\N,\N,\N,\N,\N,\N,91
9914,423,140,6,28,15,\N,R,18,0,1,\N,\N,\N,\N,\N,\N,3
9915,423,77,21,17,11,\N,R,19,0,0,\N,\N,\N,\N,\N,\N,3
9916,423,175,4,15,17,\N,R,20,0,0,\N,\N,\N,\N,\N,\N,3
9917,423,160,45,24,0,\N,F,21,0,0,\N,\N,\N,\N,\N,\N,81
9918,423,185,25,4,0,\N,F,22,0,0,\N,\N,\N,\N,\N,\N,81
9919,423,112,50,10,0,\N,F,23,0,0,\N,\N,\N,\N,\N,\N,81
9920,423,181,50,9,0,\N,F,24,0,0,\N,\N,\N,\N,\N,\N,81
9921,423,183,34,8,0,\N,F,25,0,0,\N,\N,\N,\N,\N,\N,81
9922,424,105,6,27,3,1,1,1,9,70,1:46:01.813,6361813,\N,\N,\N,\N,1
9923,424,140,6,28,4,2,2,2,6,70,+1.957,6363770,\N,\N,\N,\N,1
9924,424,117,1,2,5,3,3,3,4,70,+4.341,6366154,\N,\N,\N,\N,1
9925,424,177,3,6,8,4,4,4,3,70,+27.821,6389634,\N,\N,\N,\N,1
9926,424,173,32,11,1,5,5,5,2,70,+43.349,6405162,\N,\N,\N,\N,1
9927,424,95,3,5,16,6,6,6,1,70,+1:17.878,6439691,\N,\N,\N,\N,1
9928,424,175,4,15,10,7,7,7,0,69,\N,\N,\N,\N,\N,\N,11
9929,424,172,27,26,19,8,8,8,0,69,\N,\N,\N,\N,\N,\N,11
9930,424,123,21,18,7,9,9,9,0,68,\N,\N,\N,\N,\N,\N,12
9931,424,119,51,22,13,10,10,10,0,68,\N,\N,\N,\N,\N,\N,12
9932,424,185,25,4,23,11,11,11,0,68,\N,\N,\N,\N,\N,\N,12
9933,424,84,25,3,24,12,12,12,0,68,\N,\N,\N,\N,\N,\N,12
9934,424,77,21,17,12,13,13,13,0,67,\N,\N,\N,\N,\N,\N,13
9935,424,110,27,25,15,14,14,14,0,67,\N,\N,\N,\N,\N,\N,13
9936,424,176,34,8,20,15,15,15,0,67,\N,\N,\N,\N,\N,\N,13
9937,424,102,32,12,2,16,16,16,0,65,\N,\N,\N,\N,\N,\N,15
9938,424,158,51,23,11,17,17,17,0,64,\N,\N,\N,\N,\N,\N,16
9939,424,94,18,29,25,\N,R,18,0,57,\N,\N,\N,\N,\N,\N,3
9940,424,182,1,1,17,\N,R,19,0,37,\N,\N,\N,\N,\N,\N,5
9941,424,160,45,24,22,\N,R,20,0,35,\N,\N,\N,\N,\N,\N,5
9942,424,112,50,10,21,\N,R,21,0,28,\N,\N,\N,\N,\N,\N,3
9943,424,118,4,16,6,\N,R,22,0,25,\N,\N,\N,\N,\N,\N,3
9944,424,181,50,9,14,\N,R,23,0,5,\N,\N,\N,\N,\N,\N,3
9945,424,170,53,19,18,\N,R,24,0,3,\N,\N,\N,\N,\N,\N,101
9946,424,137,34,7,9,\N,R,25,0,0,\N,\N,\N,\N,\N,\N,7
9947,425,177,3,6,5,1,1,1,9,63,1:55:39.851,6939851,\N,\N,\N,\N,1
9948,425,140,6,28,9,2,2,2,6,63,+57.549,6997400,\N,\N,\N,\N,1
9949,425,105,6,27,3,3,3,3,4,63,+1:03.170,7003021,\N,\N,\N,\N,1
9950,425,185,25,4,19,4,4,4,3,63,+1:06.225,7006076,\N,\N,\N,\N,1
9951,425,173,32,11,8,5,5,5,2,63,+1:26.966,7026817,\N,\N,\N,\N,1
9952,425,137,34,7,10,6,6,6,1,62,\N,\N,\N,\N,\N,\N,11
9953,425,123,21,18,21,7,7,7,0,62,\N,\N,\N,\N,\N,\N,11
9954,425,176,34,8,11,8,8,8,0,62,\N,\N,\N,\N,\N,\N,11
9955,425,158,51,23,7,9,9,9,0,61,\N,\N,\N,\N,\N,\N,12
9956,425,110,27,25,17,10,10,10,0,61,\N,\N,\N,\N,\N,\N,12
9957,425,77,21,17,24,11,11,11,0,60,\N,\N,\N,\N,\N,\N,13
9958,425,172,27,26,16,12,12,12,0,58,\N,\N,\N,\N,\N,\N,15
9959,425,102,32,12,1,\N,R,13,0,51,\N,\N,\N,\N,\N,\N,3
9960,425,84,25,3,18,\N,R,14,0,30,\N,\N,\N,\N,\N,\N,3
9961,425,112,50,10,23,\N,R,15,0,27,\N,\N,\N,\N,\N,\N,3
9962,425,95,3,5,2,\N,R,16,0,26,\N,\N,\N,\N,\N,\N,3
9963,425,117,1,2,4,\N,R,17,0,19,\N,\N,\N,\N,\N,\N,23
9964,425,119,51,22,14,\N,R,18,0,19,\N,\N,\N,\N,\N,\N,10
9965,425,118,4,16,6,\N,R,19,0,18,\N,\N,\N,\N,\N,\N,7
9966,425,175,4,15,15,\N,R,20,0,15,\N,\N,\N,\N,\N,\N,3
9967,425,94,18,29,25,\N,R,21,0,11,\N,\N,\N,\N,\N,\N,5
9968,425,182,1,1,12,\N,R,22,0,10,\N,\N,\N,\N,\N,\N,23
9969,425,170,53,19,13,\N,R,23,0,4,\N,\N,\N,\N,\N,\N,8
9970,425,181,50,9,20,\N,R,24,0,3,\N,\N,\N,\N,\N,\N,101
9971,425,160,45,24,22,\N,R,25,0,0,\N,\N,\N,\N,\N,\N,3
9972,426,137,34,7,5,1,1,1,9,53,1:31:46.266,5506266,\N,\N,\N,\N,1
9973,426,177,3,6,1,2,2,2,6,53,+6.660,5512926,\N,\N,\N,\N,1
9974,426,117,1,2,4,3,3,3,4,53,+9.285,5515551,\N,\N,\N,\N,1
9975,426,140,6,28,16,4,4,4,3,53,+53.491,5559757,\N,\N,\N,\N,1
9976,426,173,32,11,7,5,5,5,2,53,+53.690,5559956,\N,\N,\N,\N,1
9977,426,175,4,15,10,6,6,6,1,53,+1:15.167,5581433,\N,\N,\N,\N,1
9978,426,118,4,16,11,7,7,7,0,53,+1:44.212,5610478,\N,\N,\N,\N,1
9979,426,176,34,8,14,8,8,8,0,52,\N,\N,\N,\N,\N,\N,11
9980,426,123,21,18,12,9,9,9,0,52,\N,\N,\N,\N,\N,\N,11
9981,426,158,51,23,18,10,10,10,0,52,\N,\N,\N,\N,\N,\N,11
9982,426,119,51,22,17,11,11,11,0,52,\N,\N,\N,\N,\N,\N,11
9983,426,181,50,9,20,12,12,12,0,50,\N,\N,\N,\N,\N,\N,13
9984,426,185,25,4,26,13,13,13,0,50,\N,\N,\N,\N,\N,\N,13
9985,426,170,53,19,19,14,14,14,0,49,\N,\N,\N,\N,\N,\N,69
9986,426,160,45,24,24,15,15,15,0,49,\N,\N,\N,\N,\N,\N,14
9987,426,84,25,3,21,\N,R,16,0,32,\N,\N,\N,\N,\N,\N,6
9988,426,182,1,1,6,\N,R,17,0,30,\N,\N,\N,\N,\N,\N,6
9989,426,102,32,12,2,\N,R,18,0,26,\N,\N,\N,\N,\N,\N,3
9990,426,77,21,17,9,\N,R,19,0,20,\N,\N,\N,\N,\N,\N,3
9991,426,94,18,29,25,\N,R,20,0,19,\N,\N,\N,\N,\N,\N,3
9992,426,112,50,10,23,\N,R,21,0,8,\N,\N,\N,\N,\N,\N,69
9993,426,156,49,30,22,\N,R,22,0,6,\N,\N,\N,\N,\N,\N,5
9994,426,105,6,27,3,\N,R,23,0,5,\N,\N,\N,\N,\N,\N,101
9995,426,110,27,25,13,\N,R,24,0,4,\N,\N,\N,\N,\N,\N,38
9996,426,172,27,26,15,\N,R,25,0,2,\N,\N,\N,\N,\N,\N,101
9997,426,95,3,5,8,\N,W,26,0,0,\N,\N,\N,\N,\N,\N,82
9998,427,117,1,2,3,1,1,1,9,65,1:18:10.436,4690436,\N,\N,\N,\N,1
9999,427,105,6,27,6,2,2,2,6,64,\N,\N,\N,\N,\N,\N,11
10000,427,172,27,26,16,3,3,3,4,64,\N,\N,\N,\N,\N,\N,11
10001,427,137,34,7,2,4,4,4,3,64,\N,\N,\N,\N,\N,\N,11
10002,427,118,4,16,12,5,5,5,2,64,\N,\N,\N,\N,\N,\N,11
10003,427,176,34,8,15,6,6,6,1,63,\N,\N,\N,\N,\N,\N,12
10004,427,84,25,3,20,7,7,7,0,63,\N,\N,\N,\N,\N,\N,12
10005,427,77,21,17,17,8,8,8,0,63,\N,\N,\N,\N,\N,\N,12
10006,427,119,51,22,14,9,9,9,0,62,\N,\N,\N,\N,\N,\N,13
10007,427,102,32,12,4,10,10,10,0,60,\N,\N,\N,\N,\N,\N,69
10008,427,185,25,4,26,11,11,11,0,59,\N,\N,\N,\N,\N,\N,16
10009,427,182,1,1,10,\N,R,12,0,57,\N,\N,\N,\N,\N,\N,10
10010,427,123,21,18,19,\N,R,13,0,57,\N,\N,\N,\N,\N,\N,20
10011,427,110,27,25,7,\N,R,14,0,41,\N,\N,\N,\N,\N,\N,8
10012,427,94,18,29,23,\N,R,15,0,38,\N,\N,\N,\N,\N,\N,7
10013,427,173,32,11,8,\N,N,16,0,37,\N,\N,\N,\N,\N,\N,62
10014,427,181,50,9,18,\N,R,17,0,28,\N,\N,\N,\N,\N,\N,101
10015,427,177,3,6,1,\N,R,18,0,21,\N,\N,\N,\N,\N,\N,43
10016,427,95,3,5,5,\N,R,19,0,17,\N,\N,\N,\N,\N,\N,8
10017,427,158,51,23,22,\N,R,20,0,17,\N,\N,\N,\N,\N,\N,101
10018,427,156,49,30,24,\N,R,21,0,6,\N,\N,\N,\N,\N,\N,5
10019,427,170,53,19,9,\N,R,22,0,4,\N,\N,\N,\N,\N,\N,7
10020,427,140,6,28,11,\N,R,23,0,1,\N,\N,\N,\N,\N,\N,3
10021,427,175,4,15,13,\N,R,24,0,0,\N,\N,\N,\N,\N,\N,20
10022,427,112,50,10,21,\N,R,25,0,0,\N,\N,\N,\N,\N,\N,3
10023,427,160,45,24,25,\N,R,26,0,0,\N,\N,\N,\N,\N,\N,3
10024,428,105,6,27,8,1,1,1,9,67,1:35:31.337,5731337,\N,\N,\N,\N,1
10025,428,117,1,2,3,2,2,2,6,67,+11.661,5742998,\N,\N,\N,\N,1
10026,428,172,27,26,13,3,3,3,4,67,+51.154,5782491,\N,\N,\N,\N,1
10027,428,123,21,18,15,4,4,4,3,67,+55.279,5786616,\N,\N,\N,\N,1
10028,428,182,1,1,12,5,5,5,2,67,+1:13.972,5805309,\N,\N,\N,\N,1
10029,428,95,3,5,10,6,6,6,1,67,+1:16.820,5808157,\N,\N,\N,\N,1
10030,428,77,21,17,17,7,7,7,0,66,\N,\N,\N,\N,\N,\N,11
10031,428,185,25,3,19,8,8,8,0,66,\N,\N,\N,\N,\N,\N,11
10032,428,140,6,28,2,9,9,9,0,66,\N,\N,\N,\N,\N,\N,11
10033,428,84,25,4,26,10,10,10,0,63,\N,\N,\N,\N,\N,\N,14
10034,428,94,18,29,27,11,11,11,0,62,\N,\N,\N,\N,\N,\N,5
10035,428,177,3,6,4,12,12,12,0,61,\N,\N,\N,\N,\N,\N,23
10036,428,158,51,23,18,\N,R,13,0,45,\N,\N,\N,\N,\N,\N,101
10037,428,173,32,11,7,\N,R,14,0,40,\N,\N,\N,\N,\N,\N,5
10038,428,179,45,24,25,\N,R,15,0,32,\N,\N,\N,\N,\N,\N,6
10039,428,170,53,19,1,\N,R,16,0,29,\N,\N,\N,\N,\N,\N,8
10040,428,102,32,12,5,\N,R,17,0,27,\N,\N,\N,\N,\N,\N,102
10041,428,118,4,16,20,\N,R,18,0,25,\N,\N,\N,\N,\N,\N,80
10042,428,137,34,7,6,\N,R,19,0,23,\N,\N,\N,\N,\N,\N,101
10043,428,175,4,15,16,\N,R,20,0,19,\N,\N,\N,\N,\N,\N,20
10044,428,176,34,8,11,\N,R,21,0,15,\N,\N,\N,\N,\N,\N,5
10045,428,181,50,9,22,\N,R,22,0,8,\N,\N,\N,\N,\N,\N,5
10046,428,119,51,22,9,\N,R,23,0,8,\N,\N,\N,\N,\N,\N,6
10047,428,183,4,14,23,\N,R,24,0,8,\N,\N,\N,\N,\N,\N,8
10048,428,112,50,10,21,\N,R,25,0,8,\N,\N,\N,\N,\N,\N,51
10049,428,156,49,30,24,\N,R,26,0,7,\N,\N,\N,\N,\N,\N,91
10050,428,110,27,25,14,\N,R,27,0,0,\N,\N,\N,\N,\N,\N,4
10051,429,117,1,2,1,1,1,1,9,52,1:20:12.583,4812583,\N,\N,\N,\N,1
10052,429,102,32,12,14,2,2,2,6,52,+30.002,4842585,\N,\N,\N,\N,1
10053,429,105,6,27,9,3,3,3,4,52,+34.356,4846939,\N,\N,\N,\N,1
10054,429,140,6,28,12,4,4,4,3,52,+39.073,4851656,\N,\N,\N,\N,1
10055,429,173,32,11,7,5,5,5,2,52,+1:22.092,4894675,\N,\N,\N,\N,1
10056,429,176,34,8,11,6,6,6,1,51,\N,\N,\N,\N,\N,\N,11
10057,429,185,25,3,22,7,7,7,0,49,\N,\N,\N,\N,\N,\N,60
10058,429,123,21,18,16,8,8,8,0,49,\N,\N,\N,\N,\N,\N,13
10059,429,179,45,24,24,9,9,9,0,48,\N,\N,\N,\N,\N,\N,14
10060,429,175,4,15,8,10,10,10,0,46,\N,\N,\N,\N,\N,\N,5
10061,429,172,27,26,15,\N,R,11,0,43,\N,\N,\N,\N,\N,\N,3
10062,429,94,18,29,23,\N,R,12,0,40,\N,\N,\N,\N,\N,\N,22
10063,429,182,1,1,3,\N,R,13,0,39,\N,\N,\N,\N,\N,\N,5
10064,429,77,21,17,17,\N,R,14,0,33,\N,\N,\N,\N,\N,\N,101
10065,429,170,53,19,6,\N,R,15,0,31,\N,\N,\N,\N,\N,\N,10
10066,429,118,4,16,13,\N,R,16,0,29,\N,\N,\N,\N,\N,\N,5
10067,429,186,50,10,23,\N,R,17,0,28,\N,\N,\N,\N,\N,\N,5
10068,429,137,34,7,5,\N,R,18,0,26,\N,\N,\N,\N,\N,\N,43
10069,429,95,3,5,2,\N,R,19,0,25,\N,\N,\N,\N,\N,\N,5
10070,429,119,51,22,10,\N,R,20,0,25,\N,\N,\N,\N,\N,\N,5
10071,429,156,49,30,25,\N,R,21,0,17,\N,\N,\N,\N,\N,\N,5
10072,429,112,50,9,21,\N,R,22,0,16,\N,\N,\N,\N,\N,\N,101
10073,429,110,27,25,18,\N,R,23,0,13,\N,\N,\N,\N,\N,\N,3
10074,429,158,51,23,20,\N,R,24,0,6,\N,\N,\N,\N,\N,\N,101
10075,429,177,3,6,4,\N,R,25,0,4,\N,\N,\N,\N,\N,\N,51
10076,429,160,53,20,19,\N,W,26,0,0,\N,\N,\N,\N,\N,\N,54
10077,429,84,25,4,0,\N,F,27,0,0,\N,\N,\N,\N,\N,\N,81
10078,430,182,1,1,10,1,1,1,9,70,1:32:29.263,5549263,\N,\N,\N,\N,1
10079,430,117,1,2,3,2,2,2,6,70,+0.232,5549495,\N,\N,\N,\N,1
10080,430,102,32,12,4,3,3,3,4,70,+48.491,5597754,\N,\N,\N,\N,1
10081,430,105,6,27,16,4,4,4,3,70,+48.837,5598100,\N,\N,\N,\N,1
10082,430,173,32,11,11,5,5,5,2,69,\N,\N,\N,\N,\N,\N,11
10083,430,95,3,5,7,6,6,6,1,69,\N,\N,\N,\N,\N,\N,11
10084,430,84,25,3,21,7,7,7,0,69,\N,\N,\N,\N,\N,\N,11
10085,430,137,34,7,1,8,8,8,0,69,\N,\N,\N,\N,\N,\N,11
10086,430,77,21,17,14,9,9,9,0,68,\N,\N,\N,\N,\N,\N,12
10087,430,176,34,8,9,10,10,10,0,65,\N,\N,\N,\N,\N,\N,43
10088,430,179,45,24,26,\N,N,11,0,56,\N,\N,\N,\N,\N,\N,62
10089,430,123,21,18,8,\N,R,12,0,54,\N,\N,\N,\N,\N,\N,22
10090,430,112,50,9,25,\N,R,13,0,52,\N,\N,\N,\N,\N,\N,5
10091,430,185,25,4,22,\N,R,14,0,39,\N,\N,\N,\N,\N,\N,5
10092,430,118,4,16,12,\N,R,15,0,27,\N,\N,\N,\N,\N,\N,6
10093,430,110,27,25,18,\N,R,16,0,25,\N,\N,\N,\N,\N,\N,101
10094,430,175,4,15,6,\N,R,17,0,22,\N,\N,\N,\N,\N,\N,7
10095,430,177,3,6,2,\N,R,18,0,20,\N,\N,\N,\N,\N,\N,5
10096,430,170,53,19,5,\N,R,19,0,18,\N,\N,\N,\N,\N,\N,67
10097,430,172,27,26,13,\N,R,20,0,17,\N,\N,\N,\N,\N,\N,10
10098,430,156,49,30,23,\N,R,21,0,13,\N,\N,\N,\N,\N,\N,51
10099,430,160,53,20,15,\N,R,22,0,12,\N,\N,\N,\N,\N,\N,5
10100,430,140,6,28,17,\N,R,23,0,9,\N,\N,\N,\N,\N,\N,5
10101,430,94,18,29,24,\N,R,24,0,1,\N,\N,\N,\N,\N,\N,3
10102,430,158,51,23,20,\N,R,25,0,1,\N,\N,\N,\N,\N,\N,101
10103,430,119,51,22,19,\N,R,26,0,1,\N,\N,\N,\N,\N,\N,101
10104,431,117,1,2,5,1,1,1,9,51,1:17:59.451,4679451,\N,\N,\N,\N,1
10105,431,137,34,7,4,2,2,2,6,51,+51.635,4731086,\N,\N,\N,\N,1
10106,431,102,32,12,1,3,3,3,4,51,+1:00.390,4739841,\N,\N,\N,\N,1
10107,431,176,34,8,9,4,4,4,3,51,+1:00.609,4740060,\N,\N,\N,\N,1
10108,431,140,6,28,10,5,5,5,2,50,\N,\N,\N,\N,\N,\N,11
10109,431,173,32,11,6,6,6,6,1,50,\N,\N,\N,\N,\N,\N,11
10110,431,175,4,15,8,7,7,7,0,50,\N,\N,\N,\N,\N,\N,11
10111,431,84,25,3,18,8,8,8,0,50,\N,\N,\N,\N,\N,\N,11
10112,431,123,21,18,14,9,9,9,0,50,\N,\N,\N,\N,\N,\N,11
10113,431,166,27,25,19,10,10,10,0,49,\N,\N,\N,\N,\N,\N,12
10114,431,95,3,5,3,11,11,11,0,47,\N,\N,\N,\N,\N,\N,5
10115,431,170,53,19,15,12,12,12,0,47,\N,\N,\N,\N,\N,\N,14
10116,431,105,6,27,7,13,13,13,0,45,\N,\N,\N,\N,\N,\N,5
10117,431,177,3,6,2,\N,R,14,0,44,\N,\N,\N,\N,\N,\N,5
10118,431,172,27,26,20,\N,R,15,0,40,\N,\N,\N,\N,\N,\N,5
10119,431,182,1,1,16,\N,R,16,0,33,\N,\N,\N,\N,\N,\N,7
10120,431,119,51,22,13,\N,R,17,0,31,\N,\N,\N,\N,\N,\N,43
10121,431,179,45,24,22,\N,R,18,0,26,\N,\N,\N,\N,\N,\N,5
10122,431,112,50,9,26,\N,R,19,0,19,\N,\N,\N,\N,\N,\N,101
10123,431,77,21,17,11,\N,R,20,0,13,\N,\N,\N,\N,\N,\N,5
10124,431,118,4,16,6,\N,R,21,0,9,\N,\N,\N,\N,\N,\N,7
10125,431,178,26,33,25,\N,R,22,0,6,\N,\N,\N,\N,\N,\N,5
10126,431,158,51,23,17,\N,R,23,0,3,\N,\N,\N,\N,\N,\N,5
10127,431,186,50,10,24,\N,R,24,0,2,\N,\N,\N,\N,\N,\N,8
10128,431,94,18,29,23,\N,R,25,0,0,\N,\N,\N,\N,\N,\N,48
10129,431,160,53,20,0,\N,W,26,0,0,\N,\N,\N,\N,\N,\N,54
10130,432,102,32,12,2,1,1,1,9,43,1:34:19.893,5659893,\N,\N,\N,\N,1
10131,432,95,3,5,7,2,2,2,6,43,+28.422,5688315,\N,\N,\N,\N,1
10132,432,117,1,2,1,3,3,3,4,43,+55.109,5715002,\N,\N,\N,\N,1
10133,432,177,3,6,10,4,4,4,3,43,+1:15.290,5735183,\N,\N,\N,\N,1
10134,432,137,34,7,3,5,5,5,2,42,\N,\N,\N,\N,\N,\N,11
10135,432,118,4,16,14,6,6,6,1,42,\N,\N,\N,\N,\N,\N,11
10136,432,77,21,17,8,7,7,7,0,42,\N,\N,\N,\N,\N,\N,11
10137,432,176,34,8,12,8,8,8,0,42,\N,\N,\N,\N,\N,\N,11
10138,432,166,27,25,18,9,9,9,0,42,\N,\N,\N,\N,\N,\N,11
10139,432,123,21,18,9,10,10,10,0,40,\N,\N,\N,\N,\N,\N,13
10140,432,172,27,26,17,11,11,11,0,38,\N,\N,\N,\N,\N,\N,3
10141,432,94,18,29,24,12,12,12,0,38,\N,\N,\N,\N,\N,\N,15
10142,432,84,25,3,21,13,13,13,0,38,\N,\N,\N,\N,\N,\N,15
10143,432,179,45,24,23,\N,N,14,0,37,\N,\N,\N,\N,\N,\N,62
10144,432,119,51,22,15,\N,R,15,0,31,\N,\N,\N,\N,\N,\N,5
10145,432,158,51,23,19,\N,R,16,0,26,\N,\N,\N,\N,\N,\N,6
10146,432,175,4,15,13,\N,R,17,0,24,\N,\N,\N,\N,\N,\N,6
10147,432,170,53,19,11,\N,R,18,0,23,\N,\N,\N,\N,\N,\N,37
10148,432,173,32,11,9,\N,R,19,0,17,\N,\N,\N,\N,\N,\N,101
10149,432,157,49,30,22,\N,R,20,0,16,\N,\N,\N,\N,\N,\N,6
10150,432,112,50,9,20,\N,R,21,0,10,\N,\N,\N,\N,\N,\N,3
10151,432,140,6,28,5,\N,R,22,0,7,\N,\N,\N,\N,\N,\N,20
10152,432,160,53,20,16,\N,R,23,0,7,\N,\N,\N,\N,\N,\N,3
10153,432,105,6,27,4,\N,R,24,0,3,\N,\N,\N,\N,\N,\N,8
10154,433,95,3,5,3,1,1,1,9,75,1:32:58.109,5578109,\N,\N,\N,\N,1
10155,433,102,32,12,1,2,2,2,6,75,+21.396,5599505,\N,\N,\N,\N,1
10156,433,177,3,6,4,3,3,3,4,75,+58.533,5636642,\N,\N,\N,\N,1
10157,433,117,1,2,6,4,4,4,3,75,+1:06.121,5644230,\N,\N,\N,\N,1
10158,433,173,32,11,9,5,5,5,2,74,\N,\N,\N,\N,\N,\N,11
10159,433,123,21,18,12,6,6,6,1,73,\N,\N,\N,\N,\N,\N,12
10160,433,187,1,1,21,7,7,7,0,73,\N,\N,\N,\N,\N,\N,12
10161,433,166,27,25,5,8,8,8,0,73,\N,\N,\N,\N,\N,\N,12
10162,433,119,51,22,11,9,9,9,0,73,\N,\N,\N,\N,\N,\N,12
10163,433,77,21,17,19,10,10,10,0,73,\N,\N,\N,\N,\N,\N,12
10164,433,158,51,23,18,11,11,11,0,73,\N,\N,\N,\N,\N,\N,12
10165,433,175,4,15,17,12,12,12,0,72,\N,\N,\N,\N,\N,\N,13
10166,433,176,34,8,7,13,13,13,0,62,\N,\N,\N,\N,\N,\N,101
10167,433,140,6,28,13,\N,R,14,0,59,\N,\N,\N,\N,\N,\N,10
10168,433,172,27,26,18,\N,R,15,0,58,\N,\N,\N,\N,\N,\N,5
10169,433,157,49,30,25,\N,R,16,0,55,\N,\N,\N,\N,\N,\N,5
10170,433,122,25,4,24,\N,R,17,0,44,\N,\N,\N,\N,\N,\N,3
10171,433,84,25,3,16,\N,R,18,0,40,\N,\N,\N,\N,\N,\N,47
10172,433,170,53,19,20,\N,R,19,0,33,\N,\N,\N,\N,\N,\N,5
10173,433,112,50,9,23,\N,R,20,0,31,\N,\N,\N,\N,\N,\N,5
10174,433,160,53,20,14,\N,R,21,0,16,\N,\N,\N,\N,\N,\N,5
10175,433,178,26,33,22,\N,R,22,0,13,\N,\N,\N,\N,\N,\N,21
10176,433,105,6,27,15,\N,R,23,0,13,\N,\N,\N,\N,\N,\N,101
10177,433,137,34,7,2,\N,R,24,0,6,\N,\N,\N,\N,\N,\N,3
10178,433,118,4,16,8,\N,R,25,0,4,\N,\N,\N,\N,\N,\N,98
10179,433,94,18,29,26,\N,R,26,0,3,\N,\N,\N,\N,\N,\N,3
10180,434,95,3,5,1,1,1,1,9,75,1:28:22.866,5302866,\N,\N,\N,\N,1
10181,434,177,3,6,3,2,2,2,6,75,+7.572,5310438,\N,\N,\N,\N,1
10182,434,117,1,2,9,3,3,3,4,74,\N,\N,\N,\N,\N,\N,11
10183,434,140,6,28,16,4,4,4,3,74,\N,\N,\N,\N,\N,\N,11
10184,434,77,21,17,11,5,5,5,2,74,\N,\N,\N,\N,\N,\N,11
10185,434,123,21,18,10,6,6,6,1,74,\N,\N,\N,\N,\N,\N,11
10186,434,84,25,3,17,7,7,7,0,73,\N,\N,\N,\N,\N,\N,12
10187,434,173,32,11,6,\N,R,8,0,52,\N,\N,\N,\N,\N,\N,5
10188,434,94,18,29,20,\N,R,9,0,45,\N,\N,\N,\N,\N,\N,21
10189,434,182,1,1,8,\N,R,10,0,37,\N,\N,\N,\N,\N,\N,101
10190,434,166,25,4,19,\N,R,11,0,16,\N,\N,\N,\N,\N,\N,3
10191,434,102,32,12,4,\N,R,12,0,8,\N,\N,\N,\N,\N,\N,5
10192,434,105,6,27,15,\N,R,13,0,8,\N,\N,\N,\N,\N,\N,101
10193,434,137,34,7,2,\N,R,14,0,6,\N,\N,\N,\N,\N,\N,5
10194,434,160,53,20,13,\N,R,15,0,4,\N,\N,\N,\N,\N,\N,5
10195,434,170,53,19,7,\N,R,16,0,3,\N,\N,\N,\N,\N,\N,5
10196,434,176,34,8,5,\N,R,17,0,3,\N,\N,\N,\N,\N,\N,5
10197,434,179,45,24,21,\N,R,18,0,1,\N,\N,\N,\N,\N,\N,10
10198,434,119,51,22,12,\N,R,19,0,0,\N,\N,\N,\N,\N,\N,3
10199,434,158,51,23,14,\N,R,20,0,0,\N,\N,\N,\N,\N,\N,3
10200,434,178,26,33,18,\N,W,21,0,0,\N,\N,\N,\N,\N,\N,100
10201,435,177,3,6,3,1,1,1,9,82,2:00:40.473,7240473,\N,\N,\N,\N,1
10202,435,172,27,26,20,2,2,2,6,82,+43.130,7283603,\N,\N,\N,\N,1
10203,435,166,27,25,18,3,3,3,4,82,+1:28.536,7329009,\N,\N,\N,\N,1
10204,435,122,25,4,22,4,4,4,3,81,\N,\N,\N,\N,\N,\N,11
10205,435,140,6,28,15,5,5,5,2,81,\N,\N,\N,\N,\N,\N,11
10206,435,77,21,17,7,6,6,6,1,81,\N,\N,\N,\N,\N,\N,11
10207,435,179,45,24,25,7,7,7,0,78,\N,\N,\N,\N,\N,\N,14
10208,435,94,18,29,23,8,8,8,0,78,\N,\N,\N,\N,\N,\N,14
10209,435,102,32,12,1,\N,R,9,0,62,\N,\N,\N,\N,\N,\N,5
10210,435,105,6,27,5,\N,R,10,0,61,\N,\N,\N,\N,\N,\N,7
10211,435,182,1,1,16,\N,R,11,0,57,\N,\N,\N,\N,\N,\N,3
10212,435,118,4,16,12,\N,R,12,0,57,\N,\N,\N,\N,\N,\N,7
10213,435,84,25,3,17,\N,N,13,0,49,\N,\N,\N,\N,\N,\N,62
10214,435,176,34,8,6,\N,R,14,0,42,\N,\N,\N,\N,\N,\N,5
10215,435,119,51,22,14,\N,R,15,0,42,\N,\N,\N,\N,\N,\N,43
10216,435,170,53,19,24,\N,R,16,0,40,\N,\N,\N,\N,\N,\N,5
10217,435,123,21,18,11,\N,R,17,0,37,\N,\N,\N,\N,\N,\N,44
10218,435,160,53,20,21,\N,R,18,0,28,\N,\N,\N,\N,\N,\N,8
10219,435,117,1,2,4,\N,R,19,0,26,\N,\N,\N,\N,\N,\N,5
10220,435,175,4,15,8,\N,R,20,0,20,\N,\N,\N,\N,\N,\N,7
10221,435,178,26,33,19,\N,R,21,0,20,\N,\N,\N,\N,\N,\N,10
10222,435,173,32,11,10,\N,D,22,0,18,\N,\N,\N,\N,\N,\N,2
10223,435,137,34,7,9,\N,R,23,0,14,\N,\N,\N,\N,\N,\N,42
10224,435,158,51,23,13,\N,R,24,0,5,\N,\N,\N,\N,\N,\N,5
10225,435,95,3,5,2,\N,R,25,0,1,\N,\N,\N,\N,\N,\N,7
10226,436,117,1,7,4,1,1,1,9,61,1:42:34.492,6154492,\N,\N,\N,\N,1
10227,436,177,3,6,9,2,2,2,6,61,+40.514,6195006,\N,\N,\N,\N,1
10228,436,173,32,11,1,3,3,3,4,61,+59.128,6213620,\N,\N,\N,\N,1
10229,436,158,51,23,12,4,4,4,3,60,\N,\N,\N,\N,\N,\N,11
10230,436,175,4,15,8,5,5,5,2,59,\N,\N,\N,\N,\N,\N,60
10231,436,123,21,18,20,6,6,6,1,59,\N,\N,\N,\N,\N,\N,12
10232,436,176,21,17,24,7,7,7,0,59,\N,\N,\N,\N,\N,\N,12
10233,436,156,50,10,26,8,8,8,0,58,\N,\N,\N,\N,\N,\N,13
10234,436,84,25,3,18,\N,D,9,0,60,\N,\N,\N,\N,\N,\N,2
10235,436,118,4,16,3,\N,R,10,0,51,\N,\N,\N,\N,\N,\N,22
10236,436,110,27,26,14,\N,R,11,0,42,\N,\N,\N,\N,\N,\N,6
10237,436,119,51,22,11,\N,R,12,0,41,\N,\N,\N,\N,\N,\N,6
10238,436,182,1,8,6,\N,R,13,0,38,\N,\N,\N,\N,\N,\N,10
10239,436,95,32,12,5,\N,R,14,0,35,\N,\N,\N,\N,\N,\N,3
10240,436,137,34,1,7,\N,R,15,0,32,\N,\N,\N,\N,\N,\N,5
10241,436,170,34,2,15,\N,R,16,0,32,\N,\N,\N,\N,\N,\N,101
10242,436,163,6,28,10,\N,R,17,0,30,\N,\N,\N,\N,\N,\N,84
10243,436,160,45,24,21,\N,R,18,0,28,\N,\N,\N,\N,\N,\N,6
10244,436,183,27,25,19,\N,R,19,0,25,\N,\N,\N,\N,\N,\N,25
10245,436,112,50,9,25,\N,R,20,0,24,\N,\N,\N,\N,\N,\N,84
10246,436,188,53,20,17,\N,R,21,0,18,\N,\N,\N,\N,\N,\N,101
10247,436,172,3,5,13,\N,R,22,0,15,\N,\N,\N,\N,\N,\N,10
10248,436,105,6,27,2,\N,R,23,0,14,\N,\N,\N,\N,\N,\N,23
10249,436,184,52,21,23,\N,R,24,0,12,\N,\N,\N,\N,\N,\N,99
10250,436,185,25,4,22,\N,D,25,0,11,\N,\N,\N,\N,\N,\N,2
10251,436,102,53,19,16,\N,R,26,0,8,\N,\N,\N,\N,\N,\N,101
10252,436,181,54,14,0,\N,D,27,0,0,\N,\N,\N,\N,\N,\N,2
10253,437,182,1,8,8,1,1,1,9,75,1:29:23.430,5363430,\N,\N,\N,\N,1
10254,437,117,1,7,5,2,2,2,6,75,+1:05.950,5429380,\N,\N,\N,\N,1
10255,437,118,4,16,9,3,3,3,4,74,\N,\N,\N,\N,\N,\N,11
10256,437,119,51,22,18,4,4,4,3,73,\N,\N,\N,\N,\N,\N,12
10257,437,110,27,26,14,5,5,5,2,73,\N,\N,\N,\N,\N,\N,12
10258,437,102,53,19,13,6,6,6,1,72,\N,\N,\N,\N,\N,\N,13
10259,437,173,32,11,7,7,7,7,0,71,\N,\N,\N,\N,\N,\N,14
10260,437,184,52,21,20,8,8,8,0,71,\N,\N,\N,\N,\N,\N,14
10261,437,176,21,17,23,9,9,9,0,71,\N,\N,\N,\N,\N,\N,14
10262,437,183,27,25,17,10,10,10,0,71,\N,\N,\N,\N,\N,\N,14
10263,437,105,6,27,10,11,11,11,0,70,\N,\N,\N,\N,\N,\N,80
10264,437,123,21,18,26,12,12,12,0,70,\N,\N,\N,\N,\N,\N,15
10265,437,84,25,3,25,\N,D,13,0,71,\N,\N,\N,\N,\N,\N,2
10266,437,175,4,15,4,\N,R,14,0,66,\N,\N,\N,\N,\N,\N,60
10267,437,185,25,4,24,\N,D,15,0,60,\N,\N,\N,\N,\N,\N,2
10268,437,172,3,5,11,\N,R,16,0,60,\N,\N,\N,\N,\N,\N,7
10269,437,181,54,14,12,\N,R,17,0,53,\N,\N,\N,\N,\N,\N,5
10270,437,177,3,6,2,\N,R,18,0,51,\N,\N,\N,\N,\N,\N,36
10271,437,95,32,12,3,\N,R,19,0,51,\N,\N,\N,\N,\N,\N,101
10272,437,163,6,28,15,\N,R,20,0,40,\N,\N,\N,\N,\N,\N,98
10273,437,137,34,1,1,\N,R,21,0,29,\N,\N,\N,\N,\N,\N,101
10274,437,188,53,20,19,\N,R,22,0,26,\N,\N,\N,\N,\N,\N,27
10275,437,112,50,9,22,\N,R,23,0,24,\N,\N,\N,\N,\N,\N,5
10276,437,156,50,10,21,\N,R,24,0,22,\N,\N,\N,\N,\N,\N,6
10277,437,170,34,2,6,\N,R,25,0,18,\N,\N,\N,\N,\N,\N,101
10278,437,158,51,23,16,\N,R,26,0,4,\N,\N,\N,\N,\N,\N,21
10279,437,160,45,24,0,\N,W,27,0,0,\N,\N,\N,\N,\N,\N,54
10280,438,105,6,27,1,1,1,1,9,70,1:36:32.048,5792048,\N,\N,\N,\N,1
10281,438,118,4,16,4,2,2,2,6,70,+42.386,5834434,\N,\N,\N,\N,1
10282,438,163,6,28,2,3,3,3,4,70,+1:09.803,5861851,\N,\N,\N,\N,1
10283,438,177,3,6,3,4,4,4,3,69,\N,\N,\N,\N,\N,\N,60
10284,438,173,32,11,5,5,5,5,2,69,\N,\N,\N,\N,\N,\N,11
10285,438,102,53,19,19,6,6,6,1,68,\N,\N,\N,\N,\N,\N,12
10286,438,175,4,15,12,7,7,7,0,68,\N,\N,\N,\N,\N,\N,12
10287,438,176,21,17,24,8,8,8,0,68,\N,\N,\N,\N,\N,\N,12
10288,438,137,34,1,9,9,9,9,0,66,\N,\N,\N,\N,\N,\N,5
10289,438,156,50,10,26,10,10,10,0,64,\N,\N,\N,\N,\N,\N,12
10290,438,185,25,4,21,\N,D,11,0,69,\N,\N,\N,\N,\N,\N,2
10291,438,184,52,21,25,\N,R,12,0,53,\N,\N,\N,\N,\N,\N,22
10292,438,84,25,3,22,\N,D,13,0,51,\N,\N,\N,\N,\N,\N,2
10293,438,110,27,26,13,\N,R,14,0,42,\N,\N,\N,\N,\N,\N,3
10294,438,170,34,2,18,\N,R,15,0,42,\N,\N,\N,\N,\N,\N,20
10295,438,181,54,14,6,\N,R,16,0,39,\N,\N,\N,\N,\N,\N,43
10296,438,182,1,8,14,\N,R,17,0,35,\N,\N,\N,\N,\N,\N,103
10297,438,158,51,23,11,\N,R,18,0,28,\N,\N,\N,\N,\N,\N,5
10298,438,172,3,5,15,\N,R,19,0,15,\N,\N,\N,\N,\N,\N,10
10299,438,183,27,25,23,\N,R,20,0,15,\N,\N,\N,\N,\N,\N,21
10300,438,123,21,18,17,\N,R,21,0,15,\N,\N,\N,\N,\N,\N,5
10301,438,160,45,24,20,\N,R,22,0,14,\N,\N,\N,\N,\N,\N,7
10302,438,95,32,12,10,\N,R,23,0,14,\N,\N,\N,\N,\N,\N,8
10303,438,117,1,7,8,\N,R,24,0,5,\N,\N,\N,\N,\N,\N,99
10304,438,119,51,22,7,\N,R,25,0,2,\N,\N,\N,\N,\N,\N,80
10305,438,188,53,20,16,\N,R,26,0,1,\N,\N,\N,\N,\N,\N,8
10306,438,112,50,9,0,\N,F,27,0,0,\N,\N,\N,\N,\N,\N,81
10307,439,117,1,7,2,1,1,1,9,60,1:36:53.679,5813679,\N,\N,\N,\N,1
10308,439,163,6,28,6,2,2,2,6,60,+13.416,5827095,\N,\N,\N,\N,1
10309,439,173,32,11,11,3,3,3,4,59,\N,\N,\N,\N,\N,\N,60
10310,439,118,4,16,4,4,4,4,3,59,\N,\N,\N,\N,\N,\N,11
10311,439,123,21,18,20,5,5,5,2,59,\N,\N,\N,\N,\N,\N,11
10312,439,110,27,26,12,6,6,6,1,58,\N,\N,\N,\N,\N,\N,60
10313,439,158,51,23,8,7,7,7,0,58,\N,\N,\N,\N,\N,\N,60
10314,439,184,52,21,24,8,8,8,0,58,\N,\N,\N,\N,\N,\N,12
10315,439,156,50,10,25,9,9,9,0,57,\N,\N,\N,\N,\N,\N,13
10316,439,185,25,4,21,\N,D,10,0,59,\N,\N,\N,\N,\N,\N,2
10317,439,84,25,3,22,\N,D,11,0,55,\N,\N,\N,\N,\N,\N,2
10318,439,112,50,9,23,\N,R,12,0,53,\N,\N,\N,\N,\N,\N,101
10319,439,188,53,20,19,\N,N,13,0,52,\N,\N,\N,\N,\N,\N,62
10320,439,137,34,1,1,\N,R,14,0,48,\N,\N,\N,\N,\N,\N,101
10321,439,170,34,2,9,\N,R,15,0,48,\N,\N,\N,\N,\N,\N,101
10322,439,189,45,30,26,\N,R,16,0,46,\N,\N,\N,\N,\N,\N,5
10323,439,176,21,17,16,\N,R,17,0,40,\N,\N,\N,\N,\N,\N,101
10324,439,181,54,14,7,\N,R,18,0,31,\N,\N,\N,\N,\N,\N,101
10325,439,105,6,27,13,\N,R,19,0,23,\N,\N,\N,\N,\N,\N,43
10326,439,182,1,8,5,\N,R,20,0,15,\N,\N,\N,\N,\N,\N,5
10327,439,172,3,5,15,\N,R,21,0,11,\N,\N,\N,\N,\N,\N,5
10328,439,119,51,22,10,\N,R,22,0,6,\N,\N,\N,\N,\N,\N,10
10329,439,95,32,12,18,\N,R,23,0,2,\N,\N,\N,\N,\N,\N,20
10330,439,177,3,6,3,\N,R,24,0,2,\N,\N,\N,\N,\N,\N,10
10331,439,175,4,15,14,\N,R,25,0,0,\N,\N,\N,\N,\N,\N,4
10332,439,183,27,25,17,\N,R,26,0,0,\N,\N,\N,\N,\N,\N,4
10333,439,160,45,24,0,\N,F,27,0,0,\N,\N,\N,\N,\N,\N,81
10334,439,102,53,19,0,\N,F,28,0,0,\N,\N,\N,\N,\N,\N,81
10335,440,182,1,8,9,1,1,1,9,79,1:31:11.951,5471951,\N,\N,\N,\N,1
10336,440,175,4,15,1,2,2,2,6,79,+7.154,5479105,\N,\N,\N,\N,1
10337,440,95,32,12,6,3,3,3,4,79,+23.969,5495920,\N,\N,\N,\N,1
10338,440,163,6,28,11,4,4,4,3,79,+43.706,5515657,\N,\N,\N,\N,1
10339,440,173,32,11,2,5,5,5,2,79,+1:06.125,5538076,\N,\N,\N,\N,1
10340,440,177,3,6,4,6,6,6,1,78,\N,\N,\N,\N,\N,\N,11
10341,440,117,1,7,5,7,7,7,0,78,\N,\N,\N,\N,\N,\N,11
10342,440,172,3,5,12,8,8,8,0,78,\N,\N,\N,\N,\N,\N,11
10343,440,170,34,2,17,9,9,9,0,78,\N,\N,\N,\N,\N,\N,11
10344,440,110,27,26,26,10,10,10,0,77,\N,\N,\N,\N,\N,\N,12
10345,440,123,21,18,14,11,11,11,0,77,\N,\N,\N,\N,\N,\N,12
10346,440,160,45,24,25,12,12,12,0,74,\N,\N,\N,\N,\N,\N,15
10347,440,156,50,10,21,13,13,13,0,72,\N,\N,\N,\N,\N,\N,17
10348,440,84,25,3,23,\N,D,14,0,76,\N,\N,\N,\N,\N,\N,2
10349,440,184,52,21,24,\N,R,15,0,61,\N,\N,\N,\N,\N,\N,5
10350,440,118,4,16,7,\N,R,16,0,53,\N,\N,\N,\N,\N,\N,3
10351,440,176,21,17,19,\N,R,17,0,51,\N,\N,\N,\N,\N,\N,3
10352,440,158,51,23,16,\N,R,18,0,51,\N,\N,\N,\N,\N,\N,5
10353,440,102,53,19,13,\N,R,19,0,35,\N,\N,\N,\N,\N,\N,101
10354,440,105,6,27,10,\N,R,20,0,33,\N,\N,\N,\N,\N,\N,5
10355,440,188,53,20,18,\N,R,21,0,22,\N,\N,\N,\N,\N,\N,101
10356,440,119,51,22,15,\N,R,22,0,15,\N,\N,\N,\N,\N,\N,5
10357,440,137,34,1,3,\N,R,23,0,11,\N,\N,\N,\N,\N,\N,101
10358,440,185,25,4,20,\N,D,24,0,11,\N,\N,\N,\N,\N,\N,2
10359,440,181,54,14,8,\N,R,25,0,5,\N,\N,\N,\N,\N,\N,8
10360,440,112,50,9,22,\N,R,26,0,4,\N,\N,\N,\N,\N,\N,10
10361,441,117,1,7,1,1,1,1,4.5,31,1:01:07.740,3667740,\N,\N,\N,\N,1
10362,441,102,53,19,13,2,2,2,3,31,+7.446,3675186,\N,\N,\N,\N,1
10363,441,163,6,28,3,3,3,3,2,31,+29.077,3696817,\N,\N,\N,\N,1
10364,441,177,3,6,10,4,4,4,1.5,31,+35.246,3702986,\N,\N,\N,\N,1
10365,441,173,32,11,11,5,5,5,1,31,+44.439,3712179,\N,\N,\N,\N,1
10366,441,105,6,27,4,6,6,6,0.5,30,\N,\N,\N,\N,\N,\N,11
10367,441,160,45,24,19,7,7,7,0,30,\N,\N,\N,\N,\N,\N,11
10368,441,172,3,5,16,8,8,8,0,30,\N,\N,\N,\N,\N,\N,11
10369,441,185,25,4,20,\N,D,9,0,31,\N,\N,\N,\N,\N,\N,2
10370,441,119,51,22,14,\N,R,10,0,24,\N,\N,\N,\N,\N,\N,38
10371,441,182,1,8,8,\N,R,11,0,23,\N,\N,\N,\N,\N,\N,20
10372,441,181,54,14,12,\N,R,12,0,22,\N,\N,\N,\N,\N,\N,20
10373,441,95,32,12,2,\N,R,13,0,15,\N,\N,\N,\N,\N,\N,20
10374,441,137,34,1,9,\N,R,14,0,14,\N,\N,\N,\N,\N,\N,10
10375,441,183,27,25,17,\N,R,15,0,12,\N,\N,\N,\N,\N,\N,10
10376,441,190,34,2,15,\N,R,16,0,9,\N,\N,\N,\N,\N,\N,10
10377,441,188,53,20,18,\N,R,17,0,1,\N,\N,\N,\N,\N,\N,20
10378,441,118,4,16,5,\N,R,18,0,0,\N,\N,\N,\N,\N,\N,4
10379,441,175,4,15,6,\N,R,19,0,0,\N,\N,\N,\N,\N,\N,4
10380,441,110,27,26,7,\N,R,20,0,0,\N,\N,\N,\N,\N,\N,3
10381,441,176,21,17,0,\N,F,21,0,0,\N,\N,\N,\N,\N,\N,81
10382,441,84,25,3,0,\N,F,22,0,0,\N,\N,\N,\N,\N,\N,81
10383,441,158,51,23,0,\N,F,23,0,0,\N,\N,\N,\N,\N,\N,81
10384,441,123,21,18,0,\N,F,24,0,0,\N,\N,\N,\N,\N,\N,81
10385,441,156,50,10,0,\N,F,25,0,0,\N,\N,\N,\N,\N,\N,81
10386,441,184,52,21,0,\N,F,26,0,0,\N,\N,\N,\N,\N,\N,81
10387,441,112,50,9,0,\N,F,27,0,0,\N,\N,\N,\N,\N,\N,81
10388,442,137,34,1,1,1,1,1,9,70,1:46:23.748,6383748,\N,\N,\N,\N,1
10389,442,182,1,8,8,2,2,2,6,70,+2.612,6386360,\N,\N,\N,\N,1
10390,442,117,1,7,2,3,3,3,4,70,+1:28.032,6471780,\N,\N,\N,\N,1
10391,442,173,32,11,3,4,4,4,3,69,\N,\N,\N,\N,\N,\N,11
10392,442,163,6,28,5,5,5,5,2,68,\N,\N,\N,\N,\N,\N,12
10393,442,95,32,12,7,6,6,6,1,68,\N,\N,\N,\N,\N,\N,12
10394,442,102,53,19,9,7,7,7,0,68,\N,\N,\N,\N,\N,\N,12
10395,442,181,54,14,12,8,8,8,0,68,\N,\N,\N,\N,\N,\N,12
10396,442,188,53,20,20,9,9,9,0,68,\N,\N,\N,\N,\N,\N,12
10397,442,112,50,9,26,10,10,10,0,65,\N,\N,\N,\N,\N,\N,15
10398,442,158,51,23,11,11,11,11,0,63,\N,\N,\N,\N,\N,\N,60
10399,442,84,25,3,21,\N,D,12,0,68,\N,\N,\N,\N,\N,\N,2
10400,442,176,21,17,23,\N,R,13,0,59,\N,\N,\N,\N,\N,\N,5
10401,442,118,4,16,4,\N,R,14,0,57,\N,\N,\N,\N,\N,\N,83
10402,442,179,52,21,24,\N,N,15,0,56,\N,\N,\N,\N,\N,\N,62
10403,442,185,25,4,22,\N,D,16,0,52,\N,\N,\N,\N,\N,\N,2
10404,442,110,27,26,10,\N,R,17,0,40,\N,\N,\N,\N,\N,\N,23
10405,442,190,34,2,16,\N,R,18,0,39,\N,\N,\N,\N,\N,\N,101
10406,442,123,21,18,18,\N,R,19,0,38,\N,\N,\N,\N,\N,\N,5
10407,442,119,51,22,14,\N,R,20,0,37,\N,\N,\N,\N,\N,\N,3
10408,442,177,3,6,15,\N,R,21,0,32,\N,\N,\N,\N,\N,\N,69
10409,442,172,3,5,17,\N,R,22,0,31,\N,\N,\N,\N,\N,\N,101
10410,442,191,50,10,25,\N,R,23,0,29,\N,\N,\N,\N,\N,\N,101
10411,442,160,45,24,19,\N,R,24,0,11,\N,\N,\N,\N,\N,\N,6
10412,442,105,6,27,6,\N,R,25,0,10,\N,\N,\N,\N,\N,\N,5
10413,442,183,27,25,13,\N,R,26,0,7,\N,\N,\N,\N,\N,\N,101
10414,443,137,34,1,1,1,1,1,9,63,1:55:41.842,6941842,\N,\N,\N,\N,1
10415,443,173,32,11,5,2,2,2,6,63,+32.638,6974480,\N,\N,\N,\N,1
10416,443,170,34,2,23,3,3,3,4,63,+1:26.528,7028370,\N,\N,\N,\N,1
10417,443,117,1,7,2,4,4,4,3,63,+1:55.258,7057100,\N,\N,\N,\N,1
10418,443,172,3,5,19,5,5,5,2,62,\N,\N,\N,\N,\N,\N,11
10419,443,84,25,3,11,\N,D,6,0,63,\N,\N,\N,\N,\N,\N,2
10420,443,105,6,27,4,\N,R,7,0,49,\N,\N,\N,\N,\N,\N,5
10421,443,177,3,6,21,\N,R,8,0,47,\N,\N,\N,\N,\N,\N,101
10422,443,118,4,16,6,\N,R,9,0,40,\N,\N,\N,\N,\N,\N,6
10423,443,185,25,4,16,\N,D,10,0,33,\N,\N,\N,\N,\N,\N,3
10424,443,175,4,15,9,\N,R,11,0,33,\N,\N,\N,\N,\N,\N,7
10425,443,112,50,9,20,\N,R,12,0,33,\N,\N,\N,\N,\N,\N,23
10426,443,182,1,8,10,\N,R,13,0,33,\N,\N,\N,\N,\N,\N,10
10427,443,95,32,12,3,\N,R,14,0,27,\N,\N,\N,\N,\N,\N,6
10428,443,123,21,18,13,\N,R,15,0,27,\N,\N,\N,\N,\N,\N,5
10429,443,110,27,26,12,\N,R,16,0,24,\N,\N,\N,\N,\N,\N,25
10430,443,188,53,20,17,\N,R,17,0,23,\N,\N,\N,\N,\N,\N,8
10431,443,158,51,23,8,\N,R,18,0,21,\N,\N,\N,\N,\N,\N,5
10432,443,102,53,19,7,\N,R,19,0,21,\N,\N,\N,\N,\N,\N,3
10433,443,119,51,22,25,\N,R,20,0,20,\N,\N,\N,\N,\N,\N,20
10434,443,183,27,25,18,\N,R,21,0,3,\N,\N,\N,\N,\N,\N,3
10435,443,160,45,24,26,\N,R,22,0,3,\N,\N,\N,\N,\N,\N,3
10436,443,163,6,28,15,\N,R,23,0,2,\N,\N,\N,\N,\N,\N,3
10437,443,156,50,10,24,\N,R,24,0,2,\N,\N,\N,\N,\N,\N,27
10438,443,181,54,14,14,\N,R,25,0,0,\N,\N,\N,\N,\N,\N,5
10439,443,176,21,17,22,\N,R,26,0,0,\N,\N,\N,\N,\N,\N,3
10440,443,179,52,21,0,\N,F,27,0,0,\N,\N,\N,\N,\N,\N,81
10441,444,177,3,6,8,1,1,1,9,67,2:01:22.617,7282617,\N,\N,\N,\N,1
10442,444,163,6,28,4,2,2,2,6,67,+22.464,7305081,\N,\N,\N,\N,1
10443,444,173,32,11,2,3,3,3,4,66,\N,\N,\N,\N,\N,\N,11
10444,444,172,3,5,24,4,4,4,3,65,\N,\N,\N,\N,\N,\N,12
10445,444,160,45,24,18,5,5,5,2,65,\N,\N,\N,\N,\N,\N,12
10446,444,95,32,12,1,6,6,6,1,64,\N,\N,\N,\N,\N,\N,6
10447,444,190,34,2,11,7,7,7,0,64,\N,\N,\N,\N,\N,\N,13
10448,444,181,54,14,13,8,8,8,0,64,\N,\N,\N,\N,\N,\N,13
10449,444,182,1,8,5,\N,R,9,0,60,\N,\N,\N,\N,\N,\N,20
10450,444,117,1,7,7,\N,R,10,0,56,\N,\N,\N,\N,\N,\N,20
10451,444,123,21,18,20,\N,R,11,0,55,\N,\N,\N,\N,\N,\N,20
10452,444,105,6,27,9,\N,R,12,0,54,\N,\N,\N,\N,\N,\N,20
10453,444,176,21,17,22,\N,R,13,0,54,\N,\N,\N,\N,\N,\N,20
10454,444,102,53,19,6,\N,R,14,0,47,\N,\N,\N,\N,\N,\N,8
10455,444,156,50,10,25,\N,R,15,0,46,\N,\N,\N,\N,\N,\N,10
10456,444,137,34,1,12,\N,R,16,0,45,\N,\N,\N,\N,\N,\N,20
10457,444,175,4,15,10,\N,R,17,0,25,\N,\N,\N,\N,\N,\N,20
10458,444,188,53,20,15,\N,R,18,0,25,\N,\N,\N,\N,\N,\N,20
10459,444,110,27,26,16,\N,R,19,0,15,\N,\N,\N,\N,\N,\N,20
10460,444,179,52,21,23,\N,R,20,0,15,\N,\N,\N,\N,\N,\N,95
10461,444,119,51,22,21,\N,R,21,0,12,\N,\N,\N,\N,\N,\N,20
10462,444,118,4,16,3,\N,R,22,0,10,\N,\N,\N,\N,\N,\N,20
10463,444,185,25,4,17,\N,D,23,0,9,\N,\N,\N,\N,\N,\N,2
10464,444,158,51,23,14,\N,R,24,0,8,\N,\N,\N,\N,\N,\N,20
10465,444,183,27,25,19,\N,R,25,0,0,\N,\N,\N,\N,\N,\N,3
10466,444,84,25,3,0,\N,F,26,0,0,\N,\N,\N,\N,\N,\N,81
10467,445,182,1,8,3,1,1,1,9,71,1:29:28.532,5368532,\N,\N,\N,\N,1
10468,445,118,4,16,6,2,2,2,6,71,+42.123,5410655,\N,\N,\N,\N,1
10469,445,102,53,19,7,3,3,3,4,71,+1:03.328,5431860,\N,\N,\N,\N,1
10470,445,173,32,11,4,4,4,4,3,70,\N,\N,\N,\N,\N,\N,11
10471,445,105,6,27,9,5,5,5,2,70,\N,\N,\N,\N,\N,\N,11
10472,445,163,6,28,13,6,6,6,1,70,\N,\N,\N,\N,\N,\N,11
10473,445,137,34,1,1,7,7,7,0,70,\N,\N,\N,\N,\N,\N,11
10474,445,175,4,15,10,8,8,8,0,69,\N,\N,\N,\N,\N,\N,101
10475,445,160,45,24,21,9,9,9,0,68,\N,\N,\N,\N,\N,\N,13
10476,445,110,27,26,19,10,10,10,0,68,\N,\N,\N,\N,\N,\N,13
10477,445,176,21,17,15,11,11,11,0,67,\N,\N,\N,\N,\N,\N,14
10478,445,119,51,22,17,12,12,12,0,66,\N,\N,\N,\N,\N,\N,15
10479,445,185,25,4,26,\N,D,13,0,68,\N,\N,\N,\N,\N,\N,2
10480,445,179,52,21,22,\N,N,14,0,62,\N,\N,\N,\N,\N,\N,62
10481,445,183,27,25,20,\N,R,15,0,43,\N,\N,\N,\N,\N,\N,10
10482,445,117,1,7,2,\N,R,16,0,37,\N,\N,\N,\N,\N,\N,6
10483,445,95,32,12,8,\N,R,17,0,24,\N,\N,\N,\N,\N,\N,6
10484,445,123,21,18,12,\N,R,18,0,24,\N,\N,\N,\N,\N,\N,10
10485,445,172,3,5,16,\N,R,19,0,14,\N,\N,\N,\N,\N,\N,103
10486,445,156,50,10,23,\N,R,20,0,10,\N,\N,\N,\N,\N,\N,3
10487,445,170,34,2,14,\N,R,21,0,9,\N,\N,\N,\N,\N,\N,10
10488,445,181,54,14,11,\N,R,22,0,8,\N,\N,\N,\N,\N,\N,20
10489,445,177,3,6,5,\N,R,23,0,5,\N,\N,\N,\N,\N,\N,5
10490,445,140,25,3,25,\N,D,24,0,1,\N,\N,\N,\N,\N,\N,2
10491,445,158,51,23,18,\N,R,25,0,0,\N,\N,\N,\N,\N,\N,3
10492,445,112,50,9,24,\N,R,26,0,0,\N,\N,\N,\N,\N,\N,3
10493,445,189,45,30,27,\N,R,27,0,0,\N,\N,\N,\N,\N,\N,3
10494,445,188,53,20,0,\N,F,28,0,0,\N,\N,\N,\N,\N,\N,81
10495,446,117,1,7,1,1,1,1,9,44,1:24:43.210,5083210,\N,\N,\N,\N,1
10496,446,182,1,8,7,2,2,2,6,44,+3.149,5086359,\N,\N,\N,\N,1
10497,446,118,4,16,3,3,3,3,4,44,+36.423,5119633,\N,\N,\N,\N,1
10498,446,95,32,12,16,4,4,4,3,44,+51.663,5134873,\N,\N,\N,\N,1
10499,446,175,4,15,4,5,5,5,2,44,+1:11.949,5155159,\N,\N,\N,\N,1
10500,446,163,6,28,10,6,6,6,1,43,\N,\N,\N,\N,\N,\N,11
10501,446,110,27,26,11,7,7,7,0,43,\N,\N,\N,\N,\N,\N,11
10502,446,183,27,25,17,8,8,8,0,43,\N,\N,\N,\N,\N,\N,11
10503,446,179,52,21,24,9,9,9,0,40,\N,\N,\N,\N,\N,\N,14
10504,446,140,25,3,26,\N,D,10,0,42,\N,\N,\N,\N,\N,\N,2
10505,446,181,54,14,13,\N,R,11,0,31,\N,\N,\N,\N,\N,\N,6
10506,446,158,51,23,18,\N,R,12,0,29,\N,\N,\N,\N,\N,\N,5
10507,446,170,34,2,8,\N,R,13,0,28,\N,\N,\N,\N,\N,\N,101
10508,446,137,34,1,5,\N,R,14,0,23,\N,\N,\N,\N,\N,\N,6
10509,446,119,51,22,20,\N,R,15,0,16,\N,\N,\N,\N,\N,\N,69
10510,446,160,45,24,21,\N,R,16,0,14,\N,\N,\N,\N,\N,\N,10
10511,446,189,45,30,23,\N,R,17,0,13,\N,\N,\N,\N,\N,\N,101
10512,446,105,6,27,6,\N,R,18,0,13,\N,\N,\N,\N,\N,\N,5
10513,446,156,50,10,25,\N,R,19,0,11,\N,\N,\N,\N,\N,\N,101
10514,446,177,3,6,19,\N,R,20,0,10,\N,\N,\N,\N,\N,\N,10
10515,446,172,3,5,12,\N,R,21,0,10,\N,\N,\N,\N,\N,\N,5
10516,446,123,21,18,15,\N,R,22,0,8,\N,\N,\N,\N,\N,\N,5
10517,446,173,32,11,2,\N,R,23,0,8,\N,\N,\N,\N,\N,\N,101
10518,446,112,50,9,22,\N,R,24,0,7,\N,\N,\N,\N,\N,\N,25
10519,446,102,53,19,9,\N,R,25,0,4,\N,\N,\N,\N,\N,\N,3
10520,446,176,21,17,14,\N,R,26,0,1,\N,\N,\N,\N,\N,\N,101
10521,446,191,25,4,0,\N,F,27,0,0,\N,\N,\N,\N,\N,\N,81
10522,447,182,1,8,4,1,1,1,9,51,1:21:12.851,4872851,\N,\N,\N,\N,1
10523,447,137,34,1,1,2,2,2,6,51,+23.525,4896376,\N,\N,\N,\N,1
10524,447,105,6,27,12,3,3,3,4,51,+48.998,4921849,\N,\N,\N,\N,1
10525,447,170,34,2,7,4,4,4,3,51,+56.312,4929163,\N,\N,\N,\N,1
10526,447,123,21,18,17,5,5,5,2,50,\N,\N,\N,\N,\N,\N,11
10527,447,176,21,17,19,6,6,6,1,50,\N,\N,\N,\N,\N,\N,11
10528,447,163,6,28,15,7,7,7,0,50,\N,\N,\N,\N,\N,\N,11
10529,447,183,27,25,21,8,8,8,0,49,\N,\N,\N,\N,\N,\N,12
10530,447,156,50,10,24,9,9,9,0,49,\N,\N,\N,\N,\N,\N,12
10531,447,119,51,22,13,10,10,10,0,48,\N,\N,\N,\N,\N,\N,60
10532,447,112,50,9,25,11,11,11,0,48,\N,\N,\N,\N,\N,\N,13
10533,447,77,54,31,20,12,12,12,0,48,\N,\N,\N,\N,\N,\N,6
10534,447,175,4,15,5,\N,R,13,0,42,\N,\N,\N,\N,\N,\N,5
10535,447,102,53,19,10,\N,R,14,0,35,\N,\N,\N,\N,\N,\N,51
10536,447,95,32,12,8,\N,R,15,0,32,\N,\N,\N,\N,\N,\N,5
10537,447,117,1,7,2,\N,R,16,0,28,\N,\N,\N,\N,\N,\N,20
10538,447,173,32,11,3,\N,R,17,0,28,\N,\N,\N,\N,\N,\N,5
10539,447,179,52,21,26,\N,N,18,0,23,\N,\N,\N,\N,\N,\N,62
10540,447,158,51,23,16,\N,R,19,0,18,\N,\N,\N,\N,\N,\N,5
10541,447,118,4,16,6,\N,R,20,0,17,\N,\N,\N,\N,\N,\N,5
10542,447,110,27,26,18,\N,R,21,0,15,\N,\N,\N,\N,\N,\N,98
10543,447,177,3,6,9,\N,R,22,0,15,\N,\N,\N,\N,\N,\N,64
10544,447,172,3,5,11,\N,R,23,0,12,\N,\N,\N,\N,\N,\N,5
10545,447,189,45,30,22,\N,R,24,0,6,\N,\N,\N,\N,\N,\N,5
10546,447,160,45,24,23,\N,R,25,0,4,\N,\N,\N,\N,\N,\N,6
10547,447,185,25,4,0,\N,D,26,0,0,\N,\N,\N,\N,\N,\N,2
10548,447,140,25,3,0,\N,F,27,0,0,\N,\N,\N,\N,\N,\N,81
10549,448,117,1,7,1,1,1,1,9,71,1:37:21.468,5841468,\N,\N,\N,\N,1
10550,448,182,1,8,6,2,2,2,6,71,+10.283,5851751,\N,\N,\N,\N,1
10551,448,95,32,12,12,3,3,3,4,71,+1:19.544,5921012,\N,\N,\N,\N,1
10552,448,173,32,11,3,4,4,4,3,70,\N,\N,\N,\N,\N,\N,11
10553,448,170,34,2,10,5,5,5,2,70,\N,\N,\N,\N,\N,\N,11
10554,448,175,4,15,5,6,6,6,1,70,\N,\N,\N,\N,\N,\N,11
10555,448,183,27,25,20,7,7,7,0,69,\N,\N,\N,\N,\N,\N,12
10556,448,177,3,6,7,8,8,8,0,68,\N,\N,\N,\N,\N,\N,60
10557,448,156,50,10,22,9,9,9,0,67,\N,\N,\N,\N,\N,\N,14
10558,448,112,50,9,26,10,10,10,0,67,\N,\N,\N,\N,\N,\N,14
10559,448,163,6,28,15,11,11,11,0,66,\N,\N,\N,\N,\N,\N,10
10560,448,189,45,30,23,12,12,12,0,66,\N,\N,\N,\N,\N,\N,15
10561,448,158,51,23,17,13,13,13,0,65,\N,\N,\N,\N,\N,\N,60
10562,448,185,25,4,26,\N,D,14,0,69,\N,\N,\N,\N,\N,\N,2
10563,448,140,25,3,25,\N,D,15,0,69,\N,\N,\N,\N,\N,\N,2
10564,448,123,21,18,11,\N,R,16,0,59,\N,\N,\N,\N,\N,\N,3
10565,448,179,52,21,27,\N,R,17,0,53,\N,\N,\N,\N,\N,\N,37
10566,448,119,51,22,11,\N,R,18,0,51,\N,\N,\N,\N,\N,\N,5
10567,448,110,27,26,14,\N,R,19,0,31,\N,\N,\N,\N,\N,\N,5
10568,448,172,3,5,8,\N,R,20,0,23,\N,\N,\N,\N,\N,\N,5
10569,448,118,4,16,4,\N,R,21,0,23,\N,\N,\N,\N,\N,\N,20
10570,448,181,54,14,16,\N,R,22,0,22,\N,\N,\N,\N,\N,\N,20
10571,448,102,53,19,13,\N,R,23,0,19,\N,\N,\N,\N,\N,\N,5
10572,448,176,21,17,19,\N,R,24,0,17,\N,\N,\N,\N,\N,\N,36
10573,448,137,34,1,2,\N,R,25,0,10,\N,\N,\N,\N,\N,\N,51
10574,448,160,45,24,21,\N,R,26,0,8,\N,\N,\N,\N,\N,\N,48
10575,448,105,6,27,9,\N,R,27,0,7,\N,\N,\N,\N,\N,\N,5
10576,449,182,1,8,4,1,1,1,9,51,1:20:29.065,4829065,\N,\N,\N,\N,1
10577,449,105,6,27,11,2,2,2,6,51,+24.249,4853314,\N,\N,\N,\N,1
10578,449,119,51,22,9,3,3,3,4,50,\N,\N,\N,\N,\N,\N,11
10579,449,140,53,19,17,4,4,4,3,49,\N,\N,\N,\N,\N,\N,12
10580,449,189,45,30,24,5,5,5,0,49,\N,\N,\N,\N,\N,\N,12
10581,449,77,54,31,20,6,6,6,0,49,\N,\N,\N,\N,\N,\N,12
10582,449,160,45,24,22,7,7,7,0,48,\N,\N,\N,\N,\N,\N,60
10583,449,179,52,21,25,8,8,8,0,48,\N,\N,\N,\N,\N,\N,13
10584,449,158,51,23,10,9,9,9,0,45,\N,\N,\N,\N,\N,\N,60
10585,449,123,21,18,19,10,10,10,0,45,\N,\N,\N,\N,\N,\N,16
10586,449,175,4,15,8,\N,R,11,0,43,\N,\N,\N,\N,\N,\N,37
10587,449,170,34,2,5,\N,R,12,0,43,\N,\N,\N,\N,\N,\N,5
10588,449,176,21,17,15,\N,R,13,0,43,\N,\N,\N,\N,\N,\N,5
10589,449,118,4,16,12,\N,R,14,0,31,\N,\N,\N,\N,\N,\N,51
10590,449,156,50,10,26,\N,R,15,0,20,\N,\N,\N,\N,\N,\N,51
10591,449,137,34,1,1,\N,R,16,0,15,\N,\N,\N,\N,\N,\N,5
10592,449,173,32,11,3,\N,R,17,0,14,\N,\N,\N,\N,\N,\N,6
10593,449,95,32,12,7,\N,R,18,0,13,\N,\N,\N,\N,\N,\N,20
10594,449,172,3,5,13,\N,R,19,0,10,\N,\N,\N,\N,\N,\N,101
10595,449,177,3,6,6,\N,R,20,0,8,\N,\N,\N,\N,\N,\N,101
10596,449,110,27,26,16,\N,R,21,0,7,\N,\N,\N,\N,\N,\N,5
10597,449,183,27,25,18,\N,R,22,0,7,\N,\N,\N,\N,\N,\N,20
10598,449,112,50,9,23,\N,R,23,0,6,\N,\N,\N,\N,\N,\N,10
10599,449,163,6,28,14,\N,R,24,0,5,\N,\N,\N,\N,\N,\N,6
10600,449,117,1,7,2,\N,R,25,0,3,\N,\N,\N,\N,\N,\N,5
10601,449,181,54,14,21,\N,W,26,0,0,\N,\N,\N,\N,\N,\N,54
10602,449,94,53,20,0,\N,F,27,0,0,\N,\N,\N,\N,\N,\N,81
10603,450,117,1,7,2,1,1,1,9,67,1:35:13.284,5713284,\N,\N,\N,\N,1
10604,450,105,6,27,5,2,2,2,6,67,+23.911,5737195,\N,\N,\N,\N,1
10605,450,137,34,1,1,3,3,3,4,67,+24.922,5738206,\N,\N,\N,\N,1
10606,450,182,1,8,15,4,4,4,3,67,+43.086,5756370,\N,\N,\N,\N,1
10607,450,163,6,28,6,5,5,5,2,67,+1:01.430,5774714,\N,\N,\N,\N,1
10608,450,119,51,22,9,6,6,6,1,66,\N,\N,\N,\N,\N,\N,11
10609,450,110,27,26,17,7,7,7,0,65,\N,\N,\N,\N,\N,\N,12
10610,450,184,52,21,24,8,8,8,0,65,\N,\N,\N,\N,\N,\N,12
10611,450,123,21,18,11,9,9,9,0,64,\N,\N,\N,\N,\N,\N,80
10612,450,183,27,25,19,10,10,10,0,64,\N,\N,\N,\N,\N,\N,13
10613,450,118,4,16,7,11,11,11,0,61,\N,\N,\N,\N,\N,\N,25
10614,450,189,45,30,22,\N,R,12,0,60,\N,\N,\N,\N,\N,\N,69
10615,450,170,34,2,10,\N,R,13,0,57,\N,\N,\N,\N,\N,\N,6
10616,450,95,32,12,8,\N,R,14,0,51,\N,\N,\N,\N,\N,\N,5
10617,450,175,4,15,3,\N,R,15,0,47,\N,\N,\N,\N,\N,\N,69
10618,450,158,51,23,13,\N,R,16,0,37,\N,\N,\N,\N,\N,\N,69
10619,450,112,50,9,25,\N,R,17,0,37,\N,\N,\N,\N,\N,\N,101
10620,450,156,50,10,21,\N,R,18,0,35,\N,\N,\N,\N,\N,\N,101
10621,450,172,3,5,14,\N,R,19,0,27,\N,\N,\N,\N,\N,\N,5
10622,450,173,32,11,23,\N,R,20,0,25,\N,\N,\N,\N,\N,\N,101
10623,450,140,53,20,26,\N,R,21,0,17,\N,\N,\N,\N,\N,\N,25
10624,450,177,3,6,4,\N,R,22,0,0,\N,\N,\N,\N,\N,\N,3
10625,450,102,53,19,12,\N,R,23,0,0,\N,\N,\N,\N,\N,\N,3
10626,450,176,21,17,16,\N,R,24,0,0,\N,\N,\N,\N,\N,\N,3
10627,450,77,54,31,18,\N,R,25,0,0,\N,\N,\N,\N,\N,\N,3
10628,450,160,45,24,20,\N,R,26,0,0,\N,\N,\N,\N,\N,\N,3
10629,451,117,1,7,2,1,1,1,9,70,1:41:11.753,6071753,\N,\N,\N,\N,1
10630,451,182,1,8,11,2,2,2,6,70,+13.425,6085178,\N,\N,\N,\N,1
10631,451,102,53,19,3,3,3,3,4,70,+20.042,6091795,\N,\N,\N,\N,1
10632,451,105,6,27,8,4,4,4,3,70,+20.317,6092070,\N,\N,\N,\N,1
10633,451,173,32,11,5,5,5,5,2,70,+1:32.169,6163922,\N,\N,\N,\N,1
10634,451,137,34,1,1,6,6,6,1,69,\N,\N,\N,\N,\N,\N,11
10635,451,175,4,15,7,7,7,7,0,69,\N,\N,\N,\N,\N,\N,11
10636,451,119,51,22,12,8,8,8,0,69,\N,\N,\N,\N,\N,\N,11
10637,451,163,6,28,17,9,9,9,0,69,\N,\N,\N,\N,\N,\N,11
10638,451,181,34,2,19,10,10,10,0,69,\N,\N,\N,\N,\N,\N,11
10639,451,140,53,20,10,11,11,11,0,69,\N,\N,\N,\N,\N,\N,11
10640,451,110,27,26,20,12,12,12,0,69,\N,\N,\N,\N,\N,\N,11
10641,451,77,54,14,23,13,13,13,0,68,\N,\N,\N,\N,\N,\N,12
10642,451,172,3,5,15,14,14,14,0,67,\N,\N,\N,\N,\N,\N,13
10643,451,184,52,21,25,15,15,15,0,66,\N,\N,\N,\N,\N,\N,14
10644,451,189,45,30,24,16,16,16,0,65,\N,\N,\N,\N,\N,\N,60
10645,451,158,51,23,14,17,17,17,0,64,\N,\N,\N,\N,\N,\N,16
10646,451,160,45,24,22,\N,R,18,0,60,\N,\N,\N,\N,\N,\N,5
10647,451,95,32,12,6,\N,R,19,0,52,\N,\N,\N,\N,\N,\N,20
10648,451,118,4,16,9,\N,R,20,0,51,\N,\N,\N,\N,\N,\N,6
10649,451,166,4,33,13,\N,R,21,0,48,\N,\N,\N,\N,\N,\N,7
10650,451,177,3,6,4,\N,R,22,0,39,\N,\N,\N,\N,\N,\N,5
10651,451,183,27,25,21,\N,R,23,0,31,\N,\N,\N,\N,\N,\N,10
10652,451,123,21,18,18,\N,R,24,0,24,\N,\N,\N,\N,\N,\N,7
10653,451,156,50,10,26,\N,R,25,0,19,\N,\N,\N,\N,\N,\N,6
10654,451,176,21,17,16,\N,R,26,0,8,\N,\N,\N,\N,\N,\N,10
10655,451,112,50,9,27,\N,R,27,0,2,\N,\N,\N,\N,\N,\N,5
10656,452,137,34,5,4,1,1,1,9,63,1:48:27.731,6507731,\N,\N,\N,\N,1
10657,452,182,1,8,9,3,3,2,4,63,+51.883,6559614,\N,\N,\N,\N,1
10658,452,172,3,2,18,4,4,3,3,63,+1:13.951,6581682,\N,\N,\N,\N,1
10659,452,175,6,27,3,5,5,4,2,63,+1:18.117,6585848,\N,\N,\N,\N,1
10660,452,176,21,29,20,6,6,5,1,63,+1:18.207,6585938,\N,\N,\N,\N,1
10661,452,117,4,15,2,7,7,6,0,62,\N,\N,\N,\N,\N,\N,11
10662,452,118,53,35,5,8,8,7,0,62,\N,\N,\N,\N,\N,\N,11
10663,452,192,21,30,23,9,9,8,0,62,\N,\N,\N,\N,\N,\N,11
10664,452,163,6,28,6,10,10,9,0,62,\N,\N,\N,\N,\N,\N,11
10665,452,193,25,4,21,11,11,10,0,62,\N,\N,\N,\N,\N,\N,11
10666,452,95,32,12,22,12,12,11,0,61,\N,\N,\N,\N,\N,\N,12
10667,452,188,55,34,19,13,13,12,0,60,\N,\N,\N,\N,\N,\N,13
10668,452,194,50,17,26,14,14,13,0,59,\N,\N,\N,\N,\N,\N,14
10669,452,181,54,9,25,15,15,14,0,59,\N,\N,\N,\N,\N,\N,14
10670,452,177,3,1,1,\N,D,15,0,63,\N,\N,\N,\N,\N,\N,2
10671,452,173,32,11,13,\N,D,16,0,60,\N,\N,\N,\N,\N,\N,2
10672,452,195,55,33,14,\N,N,17,0,53,\N,\N,\N,\N,\N,\N,62
10673,452,158,4,16,8,\N,R,18,0,41,\N,\N,\N,\N,\N,\N,23
10674,452,187,1,7,16,\N,R,19,0,34,\N,\N,\N,\N,\N,\N,5
10675,452,196,27,26,17,\N,R,20,0,25,\N,\N,\N,\N,\N,\N,5
10676,452,184,51,23,10,\N,R,21,0,23,\N,\N,\N,\N,\N,\N,4
10677,452,197,27,25,12,\N,R,22,0,22,\N,\N,\N,\N,\N,\N,22
10678,452,119,34,6,7,\N,R,23,0,19,\N,\N,\N,\N,\N,\N,43
10679,452,190,45,31,24,\N,R,24,0,17,\N,\N,\N,\N,\N,\N,5
10680,452,152,53,36,15,\N,R,25,0,16,\N,\N,\N,\N,\N,\N,20
10681,452,105,25,3,11,\N,R,26,0,7,\N,\N,\N,\N,\N,\N,5
10682,452,110,51,22,0,\N,F,27,0,0,\N,\N,\N,\N,\N,\N,81
10683,452,160,45,32,0,\N,F,28,0,0,\N,\N,\N,\N,\N,\N,81
10684,453,187,1,7,22,1,1,1,9,75,1:53:34.889,6814889,\N,\N,\N,\N,1
10685,453,182,1,8,23,2,2,2,6,75,+27.993,6842882,\N,\N,\N,\N,1
10686,453,163,6,28,2,3,3,3,4,75,+1:13.638,6888527,\N,\N,\N,\N,1
10687,453,172,3,2,4,4,4,4,3,74,\N,\N,\N,\N,\N,\N,11
10688,453,176,21,29,16,5,5,5,2,74,\N,\N,\N,\N,\N,\N,11
10689,453,188,55,34,17,6,6,6,1,74,\N,\N,\N,\N,\N,\N,11
10690,453,196,27,26,26,7,7,7,0,73,\N,\N,\N,\N,\N,\N,12
10691,453,193,25,4,9,8,8,8,0,73,\N,\N,\N,\N,\N,\N,12
10692,453,105,25,3,7,9,9,9,0,73,\N,\N,\N,\N,\N,\N,12
10693,453,119,34,6,11,10,10,10,0,72,\N,\N,\N,\N,\N,\N,99
10694,453,117,4,15,8,11,11,11,0,72,\N,\N,\N,\N,\N,\N,13
10695,453,95,32,12,13,12,12,12,0,72,\N,\N,\N,\N,\N,\N,13
10696,453,158,4,16,15,13,13,13,0,67,\N,\N,\N,\N,\N,\N,6
10697,453,178,21,30,12,\N,R,14,0,58,\N,\N,\N,\N,\N,\N,100
10698,453,137,34,5,20,\N,R,15,0,51,\N,\N,\N,\N,\N,\N,37
10699,453,110,51,22,19,\N,R,16,0,48,\N,\N,\N,\N,\N,\N,6
10700,453,173,32,11,5,\N,R,17,0,29,\N,\N,\N,\N,\N,\N,64
10701,453,195,55,33,18,\N,R,18,0,27,\N,\N,\N,\N,\N,\N,6
10702,453,197,27,25,10,\N,R,19,0,26,\N,\N,\N,\N,\N,\N,4
10703,453,152,53,36,14,\N,R,20,0,26,\N,\N,\N,\N,\N,\N,84
10704,453,184,51,23,21,\N,R,21,0,26,\N,\N,\N,\N,\N,\N,20
10705,453,175,6,27,1,\N,R,22,0,25,\N,\N,\N,\N,\N,\N,4
10706,453,177,3,1,3,\N,R,23,0,25,\N,\N,\N,\N,\N,\N,4
10707,453,194,50,17,25,\N,R,24,0,25,\N,\N,\N,\N,\N,\N,6
10708,453,118,53,35,6,\N,R,25,0,11,\N,\N,\N,\N,\N,\N,20
10709,453,181,54,9,24,\N,R,26,0,3,\N,\N,\N,\N,\N,\N,20
10710,453,190,45,31,0,\N,F,27,0,0,\N,\N,\N,\N,\N,\N,81
10711,453,160,45,32,0,\N,F,28,0,0,\N,\N,\N,\N,\N,\N,81
10712,454,117,4,15,1,1,1,1,9,54,1:34:13.913,5653913,\N,\N,\N,\N,1
10713,454,137,34,5,6,2,2,2,6,54,+29.720,5683633,\N,\N,\N,\N,1
10714,454,158,4,16,2,3,3,3,4,54,+40.232,5694145,\N,\N,\N,\N,1
10715,454,175,6,27,11,4,4,4,3,54,+1:06.880,5720793,\N,\N,\N,\N,1
10716,454,177,3,1,16,5,5,5,2,53,\N,\N,\N,\N,\N,\N,11
10717,454,172,3,2,19,6,6,6,1,53,\N,\N,\N,\N,\N,\N,11
10718,454,163,6,28,4,7,7,7,0,53,\N,\N,\N,\N,\N,\N,11
10719,454,105,25,3,15,8,8,8,0,53,\N,\N,\N,\N,\N,\N,11
10720,454,197,27,25,20,9,9,9,0,53,\N,\N,\N,\N,\N,\N,11
10721,454,176,21,29,21,10,10,10,0,53,\N,\N,\N,\N,\N,\N,11
10722,454,188,55,34,17,11,11,11,0,52,\N,\N,\N,\N,\N,\N,12
10723,454,110,51,22,7,12,12,12,0,50,\N,\N,\N,\N,\N,\N,14
10724,454,152,53,36,13,13,13,13,0,49,\N,\N,\N,\N,\N,\N,6
10725,454,196,27,26,25,\N,R,14,0,47,\N,\N,\N,\N,\N,\N,5
10726,454,190,45,31,23,\N,R,15,0,36,\N,\N,\N,\N,\N,\N,5
10727,454,181,54,9,10,\N,R,16,0,36,\N,\N,\N,\N,\N,\N,101
10728,454,182,1,8,12,\N,R,17,0,29,\N,\N,\N,\N,\N,\N,67
10729,454,184,51,23,8,\N,R,18,0,28,\N,\N,\N,\N,\N,\N,20
10730,454,192,21,30,26,\N,R,19,0,26,\N,\N,\N,\N,\N,\N,6
10731,454,195,55,33,22,\N,R,20,0,23,\N,\N,\N,\N,\N,\N,5
10732,454,193,25,4,24,\N,R,21,0,21,\N,\N,\N,\N,\N,\N,8
10733,454,173,32,11,5,\N,R,22,0,20,\N,\N,\N,\N,\N,\N,10
10734,454,119,34,6,3,\N,R,23,0,19,\N,\N,\N,\N,\N,\N,47
10735,454,118,53,35,9,\N,R,24,0,14,\N,\N,\N,\N,\N,\N,5
10736,454,95,32,12,18,\N,R,25,0,6,\N,\N,\N,\N,\N,\N,68
10737,454,187,1,7,14,\N,R,26,0,3,\N,\N,\N,\N,\N,\N,5
10738,454,194,50,17,0,\N,F,27,0,0,\N,\N,\N,\N,\N,\N,81
10739,454,160,45,32,0,\N,F,28,0,0,\N,\N,\N,\N,\N,\N,81
10740,454,168,50,18,0,\N,F,29,0,0,\N,\N,\N,\N,\N,\N,81
10741,455,175,6,27,3,1,1,1,9,60,1:37:52.460,5872460,\N,\N,\N,\N,1
10742,455,117,4,15,4,2,2,2,6,60,+48.781,5921241,\N,\N,\N,\N,1
10743,455,163,6,28,1,3,3,3,4,59,\N,\N,\N,\N,\N,\N,11
10744,455,177,3,1,11,4,4,4,3,59,\N,\N,\N,\N,\N,\N,11
10745,455,187,1,7,24,5,5,5,2,59,\N,\N,\N,\N,\N,\N,11
10746,455,176,21,29,12,6,6,6,1,59,\N,\N,\N,\N,\N,\N,11
10747,455,172,3,2,16,7,7,7,0,59,\N,\N,\N,\N,\N,\N,11
10748,455,192,21,30,20,8,8,8,0,58,\N,\N,\N,\N,\N,\N,12
10749,455,196,27,26,25,9,9,9,0,58,\N,\N,\N,\N,\N,\N,12
10750,455,184,51,23,10,10,10,10,0,57,\N,\N,\N,\N,\N,\N,5
10751,455,181,54,9,7,11,11,11,0,57,\N,\N,\N,\N,\N,\N,13
10752,455,95,32,12,15,12,12,12,0,56,\N,\N,\N,\N,\N,\N,20
10753,455,119,34,6,5,\N,R,13,0,54,\N,\N,\N,\N,\N,\N,20
10754,455,110,51,22,8,\N,R,14,0,45,\N,\N,\N,\N,\N,\N,80
10755,455,173,32,11,9,\N,R,15,0,43,\N,\N,\N,\N,\N,\N,64
10756,455,137,34,5,2,\N,R,16,0,41,\N,\N,\N,\N,\N,\N,5
10757,455,197,27,25,19,\N,R,17,0,39,\N,\N,\N,\N,\N,\N,21
10758,455,193,25,4,22,\N,R,18,0,37,\N,\N,\N,\N,\N,\N,4
10759,455,118,53,35,14,\N,R,19,0,27,\N,\N,\N,\N,\N,\N,20
10760,455,190,45,31,26,\N,R,20,0,20,\N,\N,\N,\N,\N,\N,20
10761,455,152,53,36,17,\N,R,21,0,20,\N,\N,\N,\N,\N,\N,22
10762,455,182,1,8,18,\N,R,22,0,11,\N,\N,\N,\N,\N,\N,20
10763,455,188,55,34,23,\N,R,23,0,11,\N,\N,\N,\N,\N,\N,20
10764,455,105,25,3,13,\N,R,24,0,10,\N,\N,\N,\N,\N,\N,4
10765,455,195,55,33,21,\N,R,25,0,3,\N,\N,\N,\N,\N,\N,20
10766,455,158,4,16,6,\N,R,26,0,1,\N,\N,\N,\N,\N,\N,101
10767,455,194,50,17,0,\N,F,27,0,0,\N,\N,\N,\N,\N,\N,81
10768,455,160,45,32,0,\N,F,28,0,0,\N,\N,\N,\N,\N,\N,81
10769,456,177,3,1,5,1,1,1,9,76,1:56:38.121,6998121,\N,\N,\N,\N,1
10770,456,137,34,5,6,2,2,2,6,76,+18.475,7016596,\N,\N,\N,\N,1
10771,456,117,4,15,1,3,3,3,4,76,+31.366,7029487,\N,\N,\N,\N,1
10772,456,175,6,27,4,4,4,4,3,76,+1:04.297,7062418,\N,\N,\N,\N,1
10773,456,193,25,4,20,5,5,5,2,74,\N,\N,\N,\N,\N,\N,12
10774,456,184,51,23,13,6,6,6,1,74,\N,\N,\N,\N,\N,\N,12
10775,456,192,21,30,15,7,7,7,0,74,\N,\N,\N,\N,\N,\N,12
10776,456,119,34,6,17,\N,R,8,0,64,\N,\N,\N,\N,\N,\N,10
10777,456,172,3,2,8,\N,R,9,0,53,\N,\N,\N,\N,\N,\N,6
10778,456,176,21,29,12,\N,R,10,0,49,\N,\N,\N,\N,\N,\N,4
10779,456,118,53,35,10,\N,R,11,0,49,\N,\N,\N,\N,\N,\N,4
10780,456,173,32,11,19,\N,R,12,0,49,\N,\N,\N,\N,\N,\N,86
10781,456,197,27,25,9,\N,R,13,0,32,\N,\N,\N,\N,\N,\N,22
10782,456,158,4,16,3,\N,R,14,0,30,\N,\N,\N,\N,\N,\N,5
10783,456,110,51,22,7,\N,R,15,0,13,\N,\N,\N,\N,\N,\N,6
10784,456,163,6,28,2,\N,R,16,0,6,\N,\N,\N,\N,\N,\N,22
10785,456,196,27,26,18,\N,R,17,0,3,\N,\N,\N,\N,\N,\N,4
10786,456,181,54,9,16,\N,R,18,0,3,\N,\N,\N,\N,\N,\N,4
10787,456,105,25,3,11,\N,R,19,0,0,\N,\N,\N,\N,\N,\N,4
10788,456,95,32,12,14,\N,R,20,0,0,\N,\N,\N,\N,\N,\N,4
10789,456,152,53,36,0,\N,F,21,0,0,\N,\N,\N,\N,\N,\N,81
10790,456,182,1,8,0,\N,F,22,0,0,\N,\N,\N,\N,\N,\N,81
10791,456,187,1,7,0,\N,F,23,0,0,\N,\N,\N,\N,\N,\N,81
10792,456,190,45,31,0,\N,F,24,0,0,\N,\N,\N,\N,\N,\N,81
10793,456,194,50,17,0,\N,F,25,0,0,\N,\N,\N,\N,\N,\N,81
10794,456,160,45,32,0,\N,F,26,0,0,\N,\N,\N,\N,\N,\N,81
10795,456,188,55,34,0,\N,F,27,0,0,\N,\N,\N,\N,\N,\N,97
10796,456,195,55,33,0,\N,F,28,0,0,\N,\N,\N,\N,\N,\N,97
10797,457,117,4,15,1,1,1,1,9,40,1:27:11.502,5231502,\N,\N,\N,\N,1
10798,457,175,6,27,2,2,2,2,6,40,+23.182,5254684,\N,\N,\N,\N,1
10799,457,158,4,16,8,3,3,3,4,40,+39.869,5271371,\N,\N,\N,\N,1
10800,457,137,34,5,4,4,4,4,3,40,+42.295,5273797,\N,\N,\N,\N,1
10801,457,177,3,1,9,5,5,5,2,40,+50.480,5281982,\N,\N,\N,\N,1
10802,457,172,3,2,11,6,6,6,1,40,+1:33.107,5324609,\N,\N,\N,\N,1
10803,457,118,53,35,22,7,7,7,0,40,+1:58.539,5350041,\N,\N,\N,\N,1
10804,457,152,53,36,16,8,8,8,0,40,+2:38.273,5389775,\N,\N,\N,\N,1
10805,457,173,32,11,13,9,9,9,0,39,\N,\N,\N,\N,\N,\N,11
10806,457,188,55,34,25,10,10,10,0,39,\N,\N,\N,\N,\N,\N,11
10807,457,176,21,29,10,11,11,11,0,39,\N,\N,\N,\N,\N,\N,11
10808,457,193,25,4,23,12,12,12,0,39,\N,\N,\N,\N,\N,\N,11
10809,457,196,27,26,26,13,13,13,0,39,\N,\N,\N,\N,\N,\N,11
10810,457,105,25,3,17,14,14,14,0,38,\N,\N,\N,\N,\N,\N,12
10811,457,182,1,8,15,\N,R,15,0,33,\N,\N,\N,\N,\N,\N,6
10812,457,95,32,12,19,\N,R,16,0,30,\N,\N,\N,\N,\N,\N,6
10813,457,110,51,22,3,\N,R,17,0,25,\N,\N,\N,\N,\N,\N,98
10814,457,195,55,33,14,\N,R,18,0,23,\N,\N,\N,\N,\N,\N,5
10815,457,163,6,28,5,\N,R,19,0,22,\N,\N,\N,\N,\N,\N,5
10816,457,190,45,31,24,\N,R,20,0,19,\N,\N,\N,\N,\N,\N,36
10817,457,181,54,9,7,\N,R,21,0,18,\N,\N,\N,\N,\N,\N,36
10818,457,187,1,7,20,\N,R,22,0,8,\N,\N,\N,\N,\N,\N,4
10819,457,197,27,25,21,\N,R,23,0,8,\N,\N,\N,\N,\N,\N,4
10820,457,123,21,30,18,\N,R,24,0,4,\N,\N,\N,\N,\N,\N,22
10821,457,184,51,23,12,\N,R,25,0,3,\N,\N,\N,\N,\N,\N,37
10822,457,119,34,6,6,\N,R,26,0,0,\N,\N,\N,\N,\N,\N,5
10823,457,160,45,32,0,\N,F,27,0,0,\N,\N,\N,\N,\N,\N,81
10824,457,194,50,17,0,\N,F,28,0,0,\N,\N,\N,\N,\N,\N,81
10825,458,105,25,3,6,1,1,1,9,60,1:50:53.669,6653669,\N,\N,\N,\N,1
10826,458,177,3,1,12,2,2,2,6,60,+7.702,6661371,\N,\N,\N,\N,1
10827,458,187,1,7,21,3,3,3,4,60,+9.283,6662952,\N,\N,\N,\N,1
10828,458,137,34,5,2,4,4,4,3,60,+1:12.185,6725854,\N,\N,\N,\N,1
10829,458,172,3,2,20,5,5,5,2,60,+1:32.603,6746272,\N,\N,\N,\N,1
10830,458,95,32,12,14,6,6,6,1,59,\N,\N,\N,\N,\N,\N,11
10831,458,123,21,30,10,7,7,7,0,59,\N,\N,\N,\N,\N,\N,11
10832,458,117,4,15,13,8,8,8,0,59,\N,\N,\N,\N,\N,\N,11
10833,458,152,53,36,17,9,9,9,0,59,\N,\N,\N,\N,\N,\N,11
10834,458,196,27,26,23,10,10,10,0,58,\N,\N,\N,\N,\N,\N,12
10835,458,176,21,29,5,11,11,11,0,58,\N,\N,\N,\N,\N,\N,12
10836,458,184,51,23,25,12,12,12,0,56,\N,\N,\N,\N,\N,\N,14
10837,458,182,1,8,18,13,13,13,0,49,\N,\N,\N,\N,\N,\N,22
10838,458,195,55,33,11,\N,N,14,0,38,\N,\N,\N,\N,\N,\N,62
10839,458,188,55,34,26,\N,R,15,0,34,\N,\N,\N,\N,\N,\N,6
10840,458,110,51,22,8,\N,R,16,0,33,\N,\N,\N,\N,\N,\N,101
10841,458,163,6,28,1,\N,R,17,0,31,\N,\N,\N,\N,\N,\N,10
10842,458,193,25,4,16,\N,R,18,0,30,\N,\N,\N,\N,\N,\N,10
10843,458,197,27,25,19,\N,R,19,0,29,\N,\N,\N,\N,\N,\N,36
10844,458,181,54,9,22,\N,R,20,0,26,\N,\N,\N,\N,\N,\N,4
10845,458,118,53,35,9,\N,R,21,0,25,\N,\N,\N,\N,\N,\N,5
10846,458,119,34,6,15,\N,R,22,0,24,\N,\N,\N,\N,\N,\N,23
10847,458,173,32,11,4,\N,R,23,0,5,\N,\N,\N,\N,\N,\N,6
10848,458,158,4,16,7,\N,R,24,0,4,\N,\N,\N,\N,\N,\N,99
10849,458,160,45,32,24,\N,R,25,0,4,\N,\N,\N,\N,\N,\N,25
10850,458,175,6,27,3,\N,R,26,0,0,\N,\N,\N,\N,\N,\N,5
10851,458,190,45,31,0,\N,W,27,0,0,\N,\N,\N,\N,\N,\N,54
10852,459,163,6,28,1,1,1,1,9,70,1:48:31.838,6511838,\N,\N,\N,\N,1
10853,459,158,4,16,6,2,2,2,6,70,+42.029,6553867,\N,\N,\N,\N,1
10854,459,175,6,27,4,3,3,3,4,70,+52.610,6564448,\N,\N,\N,\N,1
10855,459,177,3,1,9,4,4,4,3,70,+1:17.048,6588886,\N,\N,\N,\N,1
10856,459,117,4,15,2,5,5,5,2,69,\N,\N,\N,\N,\N,\N,11
10857,459,187,1,7,20,6,6,6,1,69,\N,\N,\N,\N,\N,\N,11
10858,459,123,21,30,15,7,7,7,0,69,\N,\N,\N,\N,\N,\N,11
10859,459,105,25,3,17,8,8,8,0,68,\N,\N,\N,\N,\N,\N,12
10860,459,181,54,9,7,9,9,9,0,67,\N,\N,\N,\N,\N,\N,13
10861,459,184,51,23,26,10,10,10,0,67,\N,\N,\N,\N,\N,\N,13
10862,459,193,25,4,22,\N,D,11,0,68,\N,\N,\N,\N,\N,\N,2
10863,459,119,34,6,5,\N,R,12,0,56,\N,\N,\N,\N,\N,\N,6
10864,459,118,53,35,12,\N,R,13,0,47,\N,\N,\N,\N,\N,\N,101
10865,459,152,53,36,10,\N,R,14,0,43,\N,\N,\N,\N,\N,\N,5
10866,459,95,32,12,18,\N,R,15,0,43,\N,\N,\N,\N,\N,\N,64
10867,459,110,51,22,8,\N,R,16,0,42,\N,\N,\N,\N,\N,\N,5
10868,459,172,3,2,13,\N,R,17,0,37,\N,\N,\N,\N,\N,\N,6
10869,459,196,27,26,24,\N,R,18,0,32,\N,\N,\N,\N,\N,\N,86
10870,459,195,55,33,21,\N,R,19,0,27,\N,\N,\N,\N,\N,\N,5
10871,459,190,45,31,25,\N,R,20,0,26,\N,\N,\N,\N,\N,\N,5
10872,459,188,55,34,23,\N,R,21,0,17,\N,\N,\N,\N,\N,\N,24
10873,459,137,34,5,3,\N,R,22,0,15,\N,\N,\N,\N,\N,\N,37
10874,459,182,1,8,19,\N,R,23,0,11,\N,\N,\N,\N,\N,\N,20
10875,459,173,32,11,11,\N,R,24,0,1,\N,\N,\N,\N,\N,\N,37
10876,459,176,21,29,14,\N,R,25,0,14,\N,\N,\N,\N,\N,\N,7
10877,459,197,27,25,16,\N,R,26,0,0,\N,\N,\N,\N,\N,\N,6
10878,459,198,50,17,0,\N,F,27,0,0,\N,\N,\N,\N,\N,\N,81
10879,459,160,45,32,0,\N,F,28,0,0,\N,\N,\N,\N,\N,\N,81
10880,460,117,4,15,3,1,1,1,9,67,1:24:39.780,5079780,\N,\N,\N,\N,1
10881,460,137,34,5,6,2,2,2,6,67,+19.161,5098941,\N,\N,\N,\N,1
10882,460,175,6,27,2,3,3,3,4,67,+26.246,5106026,\N,\N,\N,\N,1
10883,460,95,32,12,18,4,4,4,3,67,+38.952,5118732,\N,\N,\N,\N,1
10884,460,163,6,28,1,5,5,5,2,67,+58.874,5138654,\N,\N,\N,\N,1
10885,460,182,1,8,15,6,6,6,1,66,\N,\N,\N,\N,\N,\N,11
10886,460,184,51,23,11,7,7,7,0,66,\N,\N,\N,\N,\N,\N,11
10887,460,110,51,22,9,8,8,8,0,66,\N,\N,\N,\N,\N,\N,11
10888,460,187,1,7,24,9,9,9,0,66,\N,\N,\N,\N,\N,\N,11
10889,460,197,27,25,25,10,10,10,0,65,\N,\N,\N,\N,\N,\N,12
10890,460,177,3,1,13,11,11,11,0,65,\N,\N,\N,\N,\N,\N,12
10891,460,172,3,2,20,12,12,12,0,65,\N,\N,\N,\N,\N,\N,12
10892,460,105,25,3,16,13,13,13,0,65,\N,\N,\N,\N,\N,\N,12
10893,460,193,25,4,23,14,14,14,0,65,\N,\N,\N,\N,\N,\N,12
10894,460,123,21,30,17,15,15,15,0,65,\N,\N,\N,\N,\N,\N,12
10895,460,195,55,33,21,16,16,16,0,64,\N,\N,\N,\N,\N,\N,13
10896,460,176,21,29,19,17,17,17,0,64,\N,\N,\N,\N,\N,\N,13
10897,460,181,54,9,8,\N,R,18,0,49,\N,\N,\N,\N,\N,\N,5
10898,460,196,27,26,22,\N,R,19,0,48,\N,\N,\N,\N,\N,\N,22
10899,460,160,45,32,26,\N,R,20,0,46,\N,\N,\N,\N,\N,\N,69
10900,460,118,53,35,10,\N,R,21,0,27,\N,\N,\N,\N,\N,\N,6
10901,460,119,34,6,5,\N,R,22,0,9,\N,\N,\N,\N,\N,\N,101
10902,460,140,52,40,15,\N,R,23,0,5,\N,\N,\N,\N,\N,\N,69
10903,460,158,4,16,7,\N,R,24,0,3,\N,\N,\N,\N,\N,\N,5
10904,460,152,53,36,12,\N,R,25,0,3,\N,\N,\N,\N,\N,\N,101
10905,460,173,32,11,4,\N,R,26,0,1,\N,\N,\N,\N,\N,\N,101
10906,460,188,55,34,0,\N,F,27,0,0,\N,\N,\N,\N,\N,\N,81
10907,460,190,45,31,0,\N,F,28,0,0,\N,\N,\N,\N,\N,\N,81
10908,460,186,50,17,0,\N,F,29,0,0,\N,\N,\N,\N,\N,\N,81
10909,461,163,6,28,2,1,1,1,9,45,1:27:10.319,5230319,\N,\N,\N,\N,1
10910,461,110,51,22,3,2,2,2,6,45,+1:10.652,5300971,\N,\N,\N,\N,1
10911,461,119,34,6,8,3,3,3,4,45,+1:44.093,5334412,\N,\N,\N,\N,1
10912,461,117,4,15,5,4,4,4,3,45,+2:00.750,5351069,\N,\N,\N,\N,1
10913,461,187,1,7,23,5,5,5,2,44,\N,\N,\N,\N,\N,\N,11
10914,461,172,3,2,15,6,6,6,1,44,\N,\N,\N,\N,\N,\N,11
10915,461,176,21,29,20,7,7,7,0,44,\N,\N,\N,\N,\N,\N,11
10916,461,197,27,25,19,8,8,8,0,44,\N,\N,\N,\N,\N,\N,11
10917,461,123,21,30,14,9,9,9,0,44,\N,\N,\N,\N,\N,\N,11
10918,461,177,3,1,12,10,10,10,0,44,\N,\N,\N,\N,\N,\N,11
10919,461,188,55,34,22,11,11,11,0,44,\N,\N,\N,\N,\N,\N,11
10920,461,193,25,4,21,12,12,12,0,43,\N,\N,\N,\N,\N,\N,12
10921,461,137,34,5,4,13,13,13,0,42,\N,\N,\N,\N,\N,\N,42
10922,461,182,1,8,18,\N,D,14,0,44,\N,\N,\N,\N,\N,\N,2
10923,461,158,4,16,6,\N,R,15,0,38,\N,\N,\N,\N,\N,\N,69
10924,461,160,45,32,26,\N,R,16,0,34,\N,\N,\N,\N,\N,\N,44
10925,461,196,27,26,25,\N,R,17,0,27,\N,\N,\N,\N,\N,\N,5
10926,461,184,51,23,7,\N,R,18,0,24,\N,\N,\N,\N,\N,\N,101
10927,461,152,53,36,10,\N,R,19,0,19,\N,\N,\N,\N,\N,\N,101
10928,461,118,53,35,9,\N,R,20,0,17,\N,\N,\N,\N,\N,\N,5
10929,461,140,52,40,13,\N,R,21,0,11,\N,\N,\N,\N,\N,\N,5
10930,461,175,6,27,1,\N,R,22,0,11,\N,\N,\N,\N,\N,\N,5
10931,461,173,32,11,11,\N,R,23,0,10,\N,\N,\N,\N,\N,\N,5
10932,461,105,25,3,16,\N,R,24,0,4,\N,\N,\N,\N,\N,\N,48
10933,461,95,32,12,17,\N,R,25,0,1,\N,\N,\N,\N,\N,\N,5
10934,461,195,55,33,24,\N,R,26,0,0,\N,\N,\N,\N,\N,\N,5
10935,461,186,50,17,0,\N,F,27,0,0,\N,\N,\N,\N,\N,\N,81
10936,461,190,45,31,0,\N,F,28,0,0,\N,\N,\N,\N,\N,\N,81
10937,461,181,54,9,0,\N,F,29,0,0,\N,\N,\N,\N,\N,\N,81
10938,462,117,4,15,5,1,1,1,9,53,1:24:32.745,5072745,\N,\N,\N,\N,1
10939,462,163,6,28,2,2,2,2,6,53,+6.835,5079580,\N,\N,\N,\N,1
10940,462,137,34,5,4,3,3,3,4,53,+27.659,5100404,\N,\N,\N,\N,1
10941,462,158,4,16,8,4,4,4,3,53,+28.395,5101140,\N,\N,\N,\N,1
10942,462,95,32,12,3,5,5,5,2,52,\N,\N,\N,\N,\N,\N,11
10943,462,182,1,8,14,6,6,6,1,51,\N,\N,\N,\N,\N,\N,12
10944,462,197,27,25,20,7,7,7,0,51,\N,\N,\N,\N,\N,\N,12
10945,462,177,3,1,15,8,8,8,0,51,\N,\N,\N,\N,\N,\N,12
10946,462,187,1,7,17,9,9,9,0,51,\N,\N,\N,\N,\N,\N,12
10947,462,190,45,31,26,10,10,10,0,50,\N,\N,\N,\N,\N,\N,13
10948,462,160,45,32,25,11,11,11,0,49,\N,\N,\N,\N,\N,\N,14
10949,462,140,52,40,16,12,12,12,0,48,\N,\N,\N,\N,\N,\N,15
10950,462,123,21,30,19,13,13,13,0,48,\N,\N,\N,\N,\N,\N,15
10951,462,181,54,9,13,\N,R,14,0,33,\N,\N,\N,\N,\N,\N,47
10952,462,110,51,22,11,\N,R,15,0,31,\N,\N,\N,\N,\N,\N,60
10953,462,175,6,27,1,\N,R,16,0,30,\N,\N,\N,\N,\N,\N,80
10954,462,119,34,6,6,\N,R,17,0,29,\N,\N,\N,\N,\N,\N,5
10955,462,195,55,33,21,\N,R,18,0,25,\N,\N,\N,\N,\N,\N,6
10956,462,172,3,2,24,\N,R,19,0,21,\N,\N,\N,\N,\N,\N,76
10957,462,184,51,23,9,\N,R,20,0,13,\N,\N,\N,\N,\N,\N,44
10958,462,105,25,3,18,\N,R,21,0,8,\N,\N,\N,\N,\N,\N,4
10959,462,118,53,35,10,\N,R,22,0,2,\N,\N,\N,\N,\N,\N,101
10960,462,152,53,36,7,\N,R,23,0,1,\N,\N,\N,\N,\N,\N,21
10961,462,173,32,11,12,\N,R,24,0,0,\N,\N,\N,\N,\N,\N,4
10962,462,176,21,29,22,\N,R,25,0,0,\N,\N,\N,\N,\N,\N,4
10963,462,193,25,4,23,\N,R,26,0,0,\N,\N,\N,\N,\N,\N,4
10964,462,196,27,26,0,\N,F,27,0,0,\N,\N,\N,\N,\N,\N,81
10965,462,188,55,34,0,\N,F,28,0,0,\N,\N,\N,\N,\N,\N,81
10966,462,186,50,17,0,\N,F,29,0,0,\N,\N,\N,\N,\N,\N,81
10967,463,163,6,28,10,1,1,1,9,72,1:38:41.950,5921950,\N,\N,\N,\N,1
10968,463,175,6,27,2,2,2,2,6,72,+20.839,5942789,\N,\N,\N,\N,1
10969,463,187,1,7,15,3,3,3,4,72,+43.741,5965691,\N,\N,\N,\N,1
10970,463,118,53,35,7,4,4,4,3,72,+1:16.839,5998789,\N,\N,\N,\N,1
10971,463,184,51,23,12,5,5,5,2,72,+1:24.292,6006242,\N,\N,\N,\N,1
10972,463,105,25,3,18,6,6,6,1,71,\N,\N,\N,\N,\N,\N,11
10973,463,140,52,40,16,7,7,7,0,70,\N,\N,\N,\N,\N,\N,12
10974,463,176,21,29,14,8,8,8,0,70,\N,\N,\N,\N,\N,\N,12
10975,463,119,34,6,6,9,9,9,0,70,\N,\N,\N,\N,\N,\N,12
10976,463,196,27,26,24,10,10,10,0,70,\N,\N,\N,\N,\N,\N,12
10977,463,190,45,31,25,11,11,11,0,68,\N,\N,\N,\N,\N,\N,5
10978,463,195,55,33,20,12,12,12,0,68,\N,\N,\N,\N,\N,\N,14
10979,463,152,53,36,13,13,13,13,0,68,\N,\N,\N,\N,\N,\N,20
10980,463,123,21,30,21,14,14,14,0,65,\N,\N,\N,\N,\N,\N,5
10981,463,177,3,1,23,\N,R,15,0,53,\N,\N,\N,\N,\N,\N,80
10982,463,181,54,9,9,\N,D,16,0,50,\N,\N,\N,\N,\N,\N,2
10983,463,137,34,5,1,\N,R,17,0,41,\N,\N,\N,\N,\N,\N,4
10984,463,117,4,15,4,\N,R,18,0,41,\N,\N,\N,\N,\N,\N,20
10985,463,158,4,16,11,\N,R,19,0,39,\N,\N,\N,\N,\N,\N,10
10986,463,172,3,2,17,\N,R,20,0,37,\N,\N,\N,\N,\N,\N,64
10987,463,95,32,12,5,\N,R,21,0,26,\N,\N,\N,\N,\N,\N,20
10988,463,182,1,8,19,\N,R,22,0,25,\N,\N,\N,\N,\N,\N,23
10989,463,193,25,4,26,\N,R,23,0,20,\N,\N,\N,\N,\N,\N,5
10990,463,173,32,11,3,\N,R,24,0,12,\N,\N,\N,\N,\N,\N,10
10991,463,110,51,22,8,\N,R,25,0,5,\N,\N,\N,\N,\N,\N,5
10992,463,197,27,25,22,\N,R,26,0,3,\N,\N,\N,\N,\N,\N,22
10993,463,160,45,32,0,\N,F,27,0,0,\N,\N,\N,\N,\N,\N,81
10994,463,188,55,34,0,\N,F,28,0,0,\N,\N,\N,\N,\N,\N,81
10995,463,186,50,17,0,\N,F,29,0,0,\N,\N,\N,\N,\N,\N,81
10996,464,137,34,5,4,1,1,1,9,52,1:23:10.880,4990880,\N,\N,\N,\N,1
10997,464,163,6,28,3,2,2,2,6,52,+10.212,5001092,\N,\N,\N,\N,1
10998,464,158,4,16,7,3,3,3,4,52,+18.612,5009492,\N,\N,\N,\N,1
10999,464,175,6,27,2,4,4,4,3,52,+29.023,5019903,\N,\N,\N,\N,1
11000,464,173,32,11,8,5,5,5,2,52,+53.680,5044560,\N,\N,\N,\N,1
11001,464,118,53,35,12,6,6,6,1,52,+1:13.348,5064228,\N,\N,\N,\N,1
11002,464,152,53,36,14,7,7,7,0,52,+1:33.922,5084802,\N,\N,\N,\N,1
11003,464,95,32,12,11,8,8,8,0,52,+1:36.035,5086915,\N,\N,\N,\N,1
11004,464,197,27,25,19,9,9,9,0,51,\N,\N,\N,\N,\N,\N,11
11005,464,176,21,29,20,10,10,10,0,51,\N,\N,\N,\N,\N,\N,11
11006,464,177,3,1,16,11,11,11,0,51,\N,\N,\N,\N,\N,\N,11
11007,464,188,55,34,26,12,12,12,0,50,\N,\N,\N,\N,\N,\N,12
11008,464,195,55,33,21,13,13,13,0,50,\N,\N,\N,\N,\N,\N,12
11009,464,190,45,31,25,\N,R,14,0,45,\N,\N,\N,\N,\N,\N,5
11010,464,193,25,4,22,\N,R,15,0,44,\N,\N,\N,\N,\N,\N,69
11011,464,123,21,30,18,\N,R,16,0,41,\N,\N,\N,\N,\N,\N,5
11012,464,181,54,9,9,\N,R,17,0,35,\N,\N,\N,\N,\N,\N,43
11013,464,105,25,3,24,\N,R,18,0,28,\N,\N,\N,\N,\N,\N,8
11014,464,117,4,15,5,\N,R,19,0,26,\N,\N,\N,\N,\N,\N,101
11015,464,182,1,8,13,\N,R,20,0,24,\N,\N,\N,\N,\N,\N,10
11016,464,187,1,7,15,\N,R,21,0,13,\N,\N,\N,\N,\N,\N,10
11017,464,160,45,32,23,\N,R,22,0,10,\N,\N,\N,\N,\N,\N,6
11018,464,184,51,23,10,\N,R,23,0,4,\N,\N,\N,\N,\N,\N,101
11019,464,140,52,40,17,\N,R,24,0,4,\N,\N,\N,\N,\N,\N,99
11020,464,119,34,6,1,\N,R,25,0,2,\N,\N,\N,\N,\N,\N,5
11021,464,110,51,22,6,\N,R,26,0,2,\N,\N,\N,\N,\N,\N,4
11022,464,196,27,26,0,\N,F,27,0,0,\N,\N,\N,\N,\N,\N,81
11023,464,172,3,2,0,\N,F,28,0,0,\N,\N,\N,\N,\N,\N,81
11024,464,186,50,17,0,\N,F,29,0,0,\N,\N,\N,\N,\N,\N,81
11025,465,137,34,5,4,1,1,1,9,76,1:36:45.865,5805865,\N,\N,\N,\N,1
11026,465,117,4,15,8,2,2,2,6,76,+6.571,5812436,\N,\N,\N,\N,1
11027,465,95,32,12,3,3,3,3,4,76,+30.315,5836180,\N,\N,\N,\N,1
11028,465,110,51,22,14,4,4,4,3,76,+34.396,5840261,\N,\N,\N,\N,1
11029,465,118,53,35,11,5,5,5,2,76,+44.915,5850780,\N,\N,\N,\N,1
11030,465,152,53,36,12,6,6,6,1,76,+52.190,5858055,\N,\N,\N,\N,1
11031,465,119,34,6,2,7,7,7,0,76,+1:12.684,5878549,\N,\N,\N,\N,1
11032,465,181,54,9,9,8,8,8,0,75,\N,\N,\N,\N,\N,\N,11
11033,465,163,6,28,5,9,9,9,0,75,\N,\N,\N,\N,\N,\N,11
11034,465,158,4,16,7,10,10,10,0,75,\N,\N,\N,\N,\N,\N,11
11035,465,123,21,30,18,11,11,11,0,75,\N,\N,\N,\N,\N,\N,11
11036,465,195,55,33,21,12,12,12,0,75,\N,\N,\N,\N,\N,\N,11
11037,465,156,3,42,25,13,13,13,0,74,\N,\N,\N,\N,\N,\N,12
11038,465,140,52,40,19,14,14,14,0,74,\N,\N,\N,\N,\N,\N,12
11039,465,196,27,26,23,15,15,15,0,73,\N,\N,\N,\N,\N,\N,13
11040,465,175,6,27,6,\N,R,16,0,67,\N,\N,\N,\N,\N,\N,20
11041,465,105,25,3,26,\N,R,17,0,64,\N,\N,\N,\N,\N,\N,5
11042,465,160,45,32,24,\N,R,18,0,63,\N,\N,\N,\N,\N,\N,37
11043,465,176,21,29,17,\N,R,19,0,50,\N,\N,\N,\N,\N,\N,5
11044,465,177,3,1,16,\N,R,20,0,43,\N,\N,\N,\N,\N,\N,5
11045,465,184,51,23,15,\N,R,21,0,39,\N,\N,\N,\N,\N,\N,8
11046,465,187,1,7,10,\N,R,22,0,36,\N,\N,\N,\N,\N,\N,20
11047,465,193,25,4,20,\N,R,23,0,27,\N,\N,\N,\N,\N,\N,44
11048,465,182,1,8,13,\N,R,24,0,25,\N,\N,\N,\N,\N,\N,5
11049,465,173,32,11,1,\N,R,25,0,12,\N,\N,\N,\N,\N,\N,94
11050,465,197,27,25,22,\N,R,26,0,0,\N,\N,\N,\N,\N,\N,8
11051,465,186,50,17,0,\N,F,27,0,0,\N,\N,\N,\N,\N,\N,81
11052,465,190,45,31,0,\N,F,28,0,0,\N,\N,\N,\N,\N,\N,81
11053,465,172,3,2,0,\N,F,29,0,0,\N,\N,\N,\N,\N,\N,81
11054,466,119,34,6,3,1,1,1,9,77,1:33:25.708,5605708,\N,\N,\N,\N,1
11055,466,110,51,22,9,2,2,2,6,77,+9.319,5615027,\N,\N,\N,\N,1
11056,466,137,34,5,2,3,3,3,4,77,+21.969,5627677,\N,\N,\N,\N,1
11057,466,118,53,35,13,4,4,4,3,76,\N,\N,\N,\N,\N,\N,11
11058,466,177,3,1,6,5,5,5,2,76,\N,\N,\N,\N,\N,\N,11
11059,466,158,4,16,14,6,6,6,1,76,\N,\N,\N,\N,\N,\N,11
11060,466,193,25,4,19,7,7,7,0,75,\N,\N,\N,\N,\N,\N,12
11061,466,176,21,29,22,8,8,8,0,75,\N,\N,\N,\N,\N,\N,12
11062,466,123,21,30,20,9,9,9,0,74,\N,\N,\N,\N,\N,\N,13
11063,466,197,27,25,21,10,10,10,0,73,\N,\N,\N,\N,\N,\N,14
11064,466,182,1,8,12,11,11,11,0,71,\N,\N,\N,\N,\N,\N,10
11065,466,186,50,17,24,12,12,12,0,71,\N,\N,\N,\N,\N,\N,16
11066,466,95,32,12,7,\N,N,13,0,68,\N,\N,\N,\N,\N,\N,62
11067,466,196,27,26,23,\N,N,14,0,66,\N,\N,\N,\N,\N,\N,62
11068,466,105,25,3,18,\N,R,15,0,60,\N,\N,\N,\N,\N,\N,5
11069,466,175,6,27,1,\N,R,16,0,56,\N,\N,\N,\N,\N,\N,101
11070,466,152,53,36,16,\N,R,17,0,56,\N,\N,\N,\N,\N,\N,101
11071,466,117,4,15,5,\N,R,18,0,35,\N,\N,\N,\N,\N,\N,101
11072,466,190,45,31,25,\N,R,19,0,28,\N,\N,\N,\N,\N,\N,5
11073,466,173,32,11,11,\N,R,20,0,20,\N,\N,\N,\N,\N,\N,5
11074,466,187,1,7,15,\N,D,21,0,18,\N,\N,\N,\N,\N,\N,2
11075,466,163,6,28,4,\N,R,22,0,9,\N,\N,\N,\N,\N,\N,5
11076,466,184,51,23,17,\N,R,23,0,5,\N,\N,\N,\N,\N,\N,5
11077,466,181,54,9,8,\N,R,24,0,1,\N,\N,\N,\N,\N,\N,5
11078,466,172,3,2,10,\N,R,25,0,1,\N,\N,\N,\N,\N,\N,20
11079,466,160,45,32,26,\N,R,26,0,1,\N,\N,\N,\N,\N,\N,5
11080,467,117,4,15,5,1,1,1,9,77,1:32:08.401,5528401,\N,\N,\N,\N,1
11081,467,199,3,5,8,2,2,2,6,77,+14.946,5543347,\N,\N,\N,\N,1
11082,467,163,4,16,1,3,3,3,4,77,+27.900,5556301,\N,\N,\N,\N,1
11083,467,182,1,8,13,4,4,4,3,77,+32.113,5560514,\N,\N,\N,\N,1
11084,467,177,3,6,7,5,5,5,2,77,+43.139,5571540,\N,\N,\N,\N,1
11085,467,187,1,7,9,6,6,6,1,77,+50.993,5579394,\N,\N,\N,\N,1
11086,467,105,25,3,10,7,7,7,0,76,\N,\N,\N,\N,\N,\N,11
11087,467,173,32,11,15,8,8,8,0,76,\N,\N,\N,\N,\N,\N,11
11088,467,194,54,10,12,9,9,9,0,75,\N,\N,\N,\N,\N,\N,12
11089,467,181,54,9,20,10,10,10,0,75,\N,\N,\N,\N,\N,\N,12
11090,467,152,51,23,19,11,11,11,0,74,\N,\N,\N,\N,\N,\N,13
11091,467,200,37,17,22,12,12,12,0,74,\N,\N,\N,\N,\N,\N,13
11092,467,110,51,22,16,13,13,13,0,73,\N,\N,\N,\N,\N,\N,14
11093,467,206,55,33,24,14,14,14,0,73,\N,\N,\N,\N,\N,\N,14
11094,467,196,37,18,21,15,15,15,0,72,\N,\N,\N,\N,\N,\N,15
11095,467,201,25,4,23,16,16,16,0,72,\N,\N,\N,\N,\N,\N,15
11096,467,192,56,20,25,17,17,17,0,72,\N,\N,\N,\N,\N,\N,15
11097,467,202,6,28,6,18,18,18,0,71,\N,\N,\N,\N,\N,\N,16
11098,467,172,27,26,11,\N,R,19,0,54,\N,\N,\N,\N,\N,\N,69
11099,467,118,53,35,14,\N,R,20,0,43,\N,\N,\N,\N,\N,\N,3
11100,467,119,34,2,4,\N,R,21,0,18,\N,\N,\N,\N,\N,\N,101
11101,467,158,27,25,17,\N,R,22,0,11,\N,\N,\N,\N,\N,\N,69
11102,467,203,6,27,3,\N,R,23,0,6,\N,\N,\N,\N,\N,\N,101
11103,467,137,34,1,2,\N,R,24,0,3,\N,\N,\N,\N,\N,\N,20
11104,467,95,32,12,18,\N,R,25,0,0,\N,\N,\N,\N,\N,\N,10
11105,467,197,45,31,26,\N,R,26,0,0,\N,\N,\N,\N,\N,\N,4
11106,467,184,21,30,0,\N,F,27,0,0,\N,\N,\N,\N,\N,\N,81
11107,467,204,45,32,0,\N,F,28,0,0,\N,\N,\N,\N,\N,\N,81
11108,467,205,21,29,0,\N,F,29,0,0,\N,\N,\N,\N,\N,\N,81
11109,467,195,57,14,0,\N,F,30,0,0,\N,\N,\N,\N,\N,\N,81
11110,467,170,53,36,0,\N,F,31,0,0,\N,\N,\N,\N,\N,\N,81
11111,468,117,4,15,1,1,1,1,9,63,1:44:33.134,6273134,\N,\N,\N,\N,1
11112,468,187,1,7,12,2,2,2,6,63,+2.990,6276124,\N,\N,\N,\N,1
11113,468,95,32,12,14,3,3,3,4,63,+36.859,6309993,\N,\N,\N,\N,1
11114,468,105,25,3,13,4,4,4,3,63,+50.761,6323895,\N,\N,\N,\N,1
11115,468,181,54,9,15,5,5,5,2,62,\N,\N,\N,\N,\N,\N,11
11116,468,202,6,28,8,6,6,6,1,62,\N,\N,\N,\N,\N,\N,11
11117,468,201,25,4,21,7,7,7,0,61,\N,\N,\N,\N,\N,\N,12
11118,468,200,37,17,22,8,8,8,0,61,\N,\N,\N,\N,\N,\N,12
11119,468,197,45,31,23,9,9,9,0,60,\N,\N,\N,\N,\N,\N,13
11120,468,184,21,30,19,10,10,10,0,57,\N,\N,\N,\N,\N,\N,16
11121,468,137,34,1,7,\N,D,11,0,63,\N,\N,\N,\N,\N,\N,2
11122,468,177,3,6,3,\N,D,12,0,63,\N,\N,\N,\N,\N,\N,2
11123,468,194,54,10,18,\N,R,13,0,38,\N,\N,\N,\N,\N,\N,5
11124,468,192,56,20,25,\N,R,14,0,36,\N,\N,\N,\N,\N,\N,22
11125,468,119,34,2,9,\N,R,15,0,34,\N,\N,\N,\N,\N,\N,68
11126,468,203,6,27,2,\N,R,16,0,29,\N,\N,\N,\N,\N,\N,20
11127,468,182,1,8,5,\N,R,17,0,22,\N,\N,\N,\N,\N,\N,4
11128,468,163,4,16,4,\N,R,18,0,21,\N,\N,\N,\N,\N,\N,4
11129,468,199,3,5,6,\N,R,19,0,21,\N,\N,\N,\N,\N,\N,4
11130,468,173,32,11,11,\N,R,20,0,21,\N,\N,\N,\N,\N,\N,4
11131,468,158,27,25,26,\N,R,21,0,19,\N,\N,\N,\N,\N,\N,47
11132,468,152,51,23,16,\N,R,22,0,16,\N,\N,\N,\N,\N,\N,8
11133,468,172,27,26,24,\N,R,23,0,15,\N,\N,\N,\N,\N,\N,83
11134,468,110,51,22,10,\N,R,24,0,14,\N,\N,\N,\N,\N,\N,83
11135,468,206,55,33,20,\N,R,25,0,12,\N,\N,\N,\N,\N,\N,20
11136,468,196,37,18,17,\N,R,26,0,11,\N,\N,\N,\N,\N,\N,20
11137,468,170,53,36,0,\N,F,27,0,0,\N,\N,\N,\N,\N,\N,81
11138,468,205,21,29,0,\N,F,28,0,0,\N,\N,\N,\N,\N,\N,81
11139,468,118,53,35,0,\N,F,29,0,0,\N,\N,\N,\N,\N,\N,81
11140,468,195,57,14,0,\N,F,30,0,0,\N,\N,\N,\N,\N,\N,81
11141,468,204,45,32,0,\N,F,31,0,0,\N,\N,\N,\N,\N,\N,81
11142,469,182,1,8,2,1,1,1,9,75,1:58:25.318,7105318,\N,\N,\N,\N,1
11143,469,177,3,6,8,2,2,2,6,75,+14.660,7119978,\N,\N,\N,\N,1
11144,469,119,34,2,18,3,3,3,4,75,+1:19.143,7184461,\N,\N,\N,\N,1
11145,469,105,25,3,12,4,4,4,3,75,+1:20.947,7186265,\N,\N,\N,\N,1
11146,469,173,32,11,16,5,5,5,2,74,\N,\N,\N,\N,\N,\N,11
11147,469,187,1,7,11,6,6,6,1,74,\N,\N,\N,\N,\N,\N,11
11148,469,95,32,12,17,7,7,7,0,73,\N,\N,\N,\N,\N,\N,12
11149,469,200,37,17,21,8,8,8,0,73,\N,\N,\N,\N,\N,\N,12
11150,469,196,37,18,23,9,9,9,0,70,\N,\N,\N,\N,\N,\N,15
11151,469,201,25,4,24,10,10,10,0,68,\N,\N,\N,\N,\N,\N,17
11152,469,203,6,27,7,\N,D,11,0,75,\N,\N,\N,\N,\N,\N,2
11153,469,158,27,25,13,\N,R,12,0,59,\N,\N,\N,\N,\N,\N,6
11154,469,110,51,22,1,\N,R,13,0,33,\N,\N,\N,\N,\N,\N,20
11155,469,205,21,29,20,\N,R,14,0,32,\N,\N,\N,\N,\N,\N,20
11156,469,195,57,14,19,\N,R,15,0,27,\N,\N,\N,\N,\N,\N,20
11157,469,172,27,26,15,\N,R,16,0,26,\N,\N,\N,\N,\N,\N,20
11158,469,197,45,31,10,\N,R,17,0,26,\N,\N,\N,\N,\N,\N,7
11159,469,137,34,1,6,\N,R,18,0,25,\N,\N,\N,\N,\N,\N,20
11160,469,206,55,33,22,\N,R,19,0,23,\N,\N,\N,\N,\N,\N,20
11161,469,207,3,5,14,\N,R,20,0,19,\N,\N,\N,\N,\N,\N,4
11162,469,117,4,15,4,\N,R,21,0,10,\N,\N,\N,\N,\N,\N,20
11163,469,202,6,28,9,\N,R,22,0,6,\N,\N,\N,\N,\N,\N,20
11164,469,163,4,16,3,\N,R,23,0,5,\N,\N,\N,\N,\N,\N,4
11165,469,152,51,23,5,\N,R,24,0,5,\N,\N,\N,\N,\N,\N,4
11166,469,194,54,10,26,\N,R,25,0,3,\N,\N,\N,\N,\N,\N,4
11167,469,181,54,9,25,\N,R,26,0,1,\N,\N,\N,\N,\N,\N,4
11168,469,170,53,36,0,\N,F,27,0,0,\N,\N,\N,\N,\N,\N,81
11169,469,204,45,32,0,\N,F,28,0,0,\N,\N,\N,\N,\N,\N,81
11170,469,192,56,20,0,\N,F,29,0,0,\N,\N,\N,\N,\N,\N,81
11171,469,184,21,30,0,\N,F,30,0,0,\N,\N,\N,\N,\N,\N,81
11172,469,118,53,35,0,\N,F,31,0,0,\N,\N,\N,\N,\N,\N,81
11173,470,202,6,28,4,1,1,1,9,60,1:36:38.887,5798887,\N,\N,\N,\N,1
11174,470,203,6,27,3,2,2,2,6,60,+0.366,5799253,\N,\N,\N,\N,1
11175,470,105,25,3,5,3,3,3,4,60,+1:07.684,5866571,\N,\N,\N,\N,1
11176,470,197,45,31,9,4,4,4,3,59,\N,\N,\N,\N,\N,\N,11
11177,470,194,54,10,14,5,5,5,2,57,\N,\N,\N,\N,\N,\N,13
11178,470,181,54,9,12,\N,D,6,0,54,\N,\N,\N,\N,\N,\N,2
11179,470,170,53,36,10,\N,N,7,0,52,\N,\N,\N,\N,\N,\N,62
11180,470,163,4,16,1,\N,R,8,0,44,\N,\N,\N,\N,\N,\N,101
11181,470,152,51,23,6,\N,R,9,0,24,\N,\N,\N,\N,\N,\N,5
11182,470,204,45,32,13,\N,R,10,0,7,\N,\N,\N,\N,\N,\N,22
11183,470,117,4,15,2,\N,R,11,0,6,\N,\N,\N,\N,\N,\N,5
11184,470,110,51,22,7,\N,R,12,0,4,\N,\N,\N,\N,\N,\N,10
11185,470,205,25,4,11,\N,R,13,0,0,\N,\N,\N,\N,\N,\N,7
11186,470,118,53,35,8,\N,R,14,0,0,\N,\N,\N,\N,\N,\N,10
11187,471,187,1,7,10,1,1,1,9,70,1:35:41.995,5741995,\N,\N,\N,\N,1
11188,471,177,3,6,3,2,2,2,6,70,+7.268,5749263,\N,\N,\N,\N,1
11189,471,158,27,25,14,3,3,3,4,69,\N,\N,\N,\N,\N,\N,11
11190,471,173,32,11,11,4,4,4,3,68,\N,\N,\N,\N,\N,\N,12
11191,471,137,34,1,8,5,5,5,2,67,\N,\N,\N,\N,\N,\N,13
11192,471,192,56,20,23,6,6,6,1,67,\N,\N,\N,\N,\N,\N,13
11193,471,176,21,29,22,7,7,7,0,66,\N,\N,\N,\N,\N,\N,14
11194,471,196,37,18,24,8,8,8,0,66,\N,\N,\N,\N,\N,\N,14
11195,471,172,27,26,17,9,9,9,0,66,\N,\N,\N,\N,\N,\N,14
11196,471,182,1,8,4,\N,D,10,0,70,\N,\N,\N,\N,\N,\N,2
11197,471,206,3,5,13,\N,R,11,0,60,\N,\N,\N,\N,\N,\N,20
11198,471,200,37,17,25,\N,R,12,0,60,\N,\N,\N,\N,\N,\N,5
11199,471,117,4,15,1,\N,R,13,0,59,\N,\N,\N,\N,\N,\N,20
11200,471,119,34,2,9,\N,R,14,0,52,\N,\N,\N,\N,\N,\N,20
11201,471,184,21,30,26,\N,R,15,0,51,\N,\N,\N,\N,\N,\N,37
11202,471,197,45,31,14,\N,R,16,0,37,\N,\N,\N,\N,\N,\N,41
11203,471,110,51,22,6,\N,R,17,0,34,\N,\N,\N,\N,\N,\N,6
11204,471,205,25,4,20,\N,R,18,0,33,\N,\N,\N,\N,\N,\N,5
11205,471,105,25,3,5,\N,R,19,0,29,\N,\N,\N,\N,\N,\N,5
11206,471,118,53,35,19,\N,R,20,0,29,\N,\N,\N,\N,\N,\N,7
11207,471,170,53,36,21,\N,R,21,0,13,\N,\N,\N,\N,\N,\N,23
11208,471,95,32,12,7,\N,R,22,0,9,\N,\N,\N,\N,\N,\N,8
11209,471,163,4,16,2,\N,R,23,0,7,\N,\N,\N,\N,\N,\N,101
11210,471,181,54,9,12,\N,R,24,0,0,\N,\N,\N,\N,\N,\N,8
11211,471,152,51,23,15,\N,R,25,0,0,\N,\N,\N,\N,\N,\N,4
11212,471,194,54,10,18,\N,R,26,0,0,\N,\N,\N,\N,\N,\N,4
11213,471,202,6,28,0,\N,W,27,0,0,\N,\N,\N,\N,\N,\N,54
11214,471,203,6,27,0,\N,W,28,0,0,\N,\N,\N,\N,\N,\N,3
11215,471,195,57,14,0,\N,F,29,0,0,\N,\N,\N,\N,\N,\N,81
11216,471,136,55,33,0,\N,F,30,0,0,\N,\N,\N,\N,\N,\N,81
11217,471,204,45,32,0,\N,F,31,0,0,\N,\N,\N,\N,\N,\N,97
11218,471,208,37,19,0,\N,F,32,0,0,\N,\N,\N,\N,\N,\N,97
11219,472,119,34,2,2,1,1,1,9,76,1:54:11.259,6851259,\N,\N,\N,\N,1
11220,472,202,6,28,5,2,2,2,6,75,\N,\N,\N,\N,\N,\N,60
11221,472,110,51,22,7,3,3,3,4,75,\N,\N,\N,\N,\N,\N,60
11222,472,95,32,12,11,4,4,4,3,75,\N,\N,\N,\N,\N,\N,11
11223,472,173,32,11,15,5,5,5,2,75,\N,\N,\N,\N,\N,\N,11
11224,472,206,3,5,8,6,6,6,1,74,\N,\N,\N,\N,\N,\N,6
11225,472,117,4,15,4,7,7,7,0,73,\N,\N,\N,\N,\N,\N,20
11226,472,205,25,4,17,8,8,8,0,72,\N,\N,\N,\N,\N,\N,14
11227,472,176,21,29,19,9,9,9,0,70,\N,\N,\N,\N,\N,\N,16
11228,472,105,25,3,9,10,10,10,0,69,\N,\N,\N,\N,\N,\N,22
11229,472,177,3,6,6,\N,R,11,0,64,\N,\N,\N,\N,\N,\N,4
11230,472,182,1,8,12,\N,R,12,0,56,\N,\N,\N,\N,\N,\N,5
11231,472,137,34,1,13,\N,R,13,0,49,\N,\N,\N,\N,\N,\N,101
11232,472,187,1,7,10,\N,R,14,0,35,\N,\N,\N,\N,\N,\N,10
11233,472,181,54,9,14,\N,R,15,0,31,\N,\N,\N,\N,\N,\N,24
11234,472,172,27,26,18,\N,R,16,0,29,\N,\N,\N,\N,\N,\N,64
11235,472,158,27,25,16,\N,R,17,0,27,\N,\N,\N,\N,\N,\N,44
11236,472,194,54,10,20,\N,R,18,0,22,\N,\N,\N,\N,\N,\N,26
11237,472,163,4,16,1,\N,R,19,0,14,\N,\N,\N,\N,\N,\N,20
11238,472,152,51,23,3,\N,R,20,0,4,\N,\N,\N,\N,\N,\N,86
11239,472,184,21,30,0,\N,F,21,0,0,\N,\N,\N,\N,\N,\N,81
11240,472,136,55,33,0,\N,F,22,0,0,\N,\N,\N,\N,\N,\N,81
11241,472,200,37,17,0,\N,F,23,0,0,\N,\N,\N,\N,\N,\N,81
11242,472,118,53,35,0,\N,F,24,0,0,\N,\N,\N,\N,\N,\N,81
11243,472,197,45,31,0,\N,F,25,0,0,\N,\N,\N,\N,\N,\N,81
11244,472,195,57,14,0,\N,F,26,0,0,\N,\N,\N,\N,\N,\N,81
11245,472,170,53,36,0,\N,F,27,0,0,\N,\N,\N,\N,\N,\N,97
11246,472,204,45,32,0,\N,F,28,0,0,\N,\N,\N,\N,\N,\N,97
11247,472,196,37,18,0,\N,F,29,0,0,\N,\N,\N,\N,\N,\N,97
11248,472,192,56,20,0,\N,F,30,0,0,\N,\N,\N,\N,\N,\N,97
11249,472,208,37,19,0,\N,F,31,0,0,\N,\N,\N,\N,\N,\N,97
11250,473,187,1,7,17,1,1,1,9,62,1:58:41.043,7121043,\N,\N,\N,\N,1
11251,473,158,27,25,9,2,2,2,6,62,+15.726,7136769,\N,\N,\N,\N,1
11252,473,202,6,28,4,3,3,3,4,62,+28.077,7149120,\N,\N,\N,\N,1
11253,473,177,3,6,3,4,4,4,3,62,+1:11.976,7193019,\N,\N,\N,\N,1
11254,473,206,3,5,12,5,5,5,2,62,+1:23.757,7204800,\N,\N,\N,\N,1
11255,473,172,27,26,13,6,6,6,1,61,\N,\N,\N,\N,\N,\N,11
11256,473,200,37,17,18,7,7,7,0,61,\N,\N,\N,\N,\N,\N,11
11257,473,176,21,29,19,8,8,8,0,61,\N,\N,\N,\N,\N,\N,11
11258,473,205,25,4,20,9,9,9,0,60,\N,\N,\N,\N,\N,\N,12
11259,473,163,4,16,15,10,10,10,0,59,\N,\N,\N,\N,\N,\N,13
11260,473,192,56,20,26,11,11,11,0,59,\N,\N,\N,\N,\N,\N,13
11261,473,117,4,15,1,\N,N,12,0,54,\N,\N,\N,\N,\N,\N,62
11262,473,95,32,12,7,\N,R,13,0,44,\N,\N,\N,\N,\N,\N,5
11263,473,182,1,8,10,\N,R,14,0,40,\N,\N,\N,\N,\N,\N,4
11264,473,105,25,3,16,\N,R,15,0,40,\N,\N,\N,\N,\N,\N,20
11265,473,152,51,23,6,\N,R,16,0,30,\N,\N,\N,\N,\N,\N,4
11266,473,173,32,11,8,\N,R,17,0,17,\N,\N,\N,\N,\N,\N,6
11267,473,194,54,10,25,\N,R,18,0,13,\N,\N,\N,\N,\N,\N,20
11268,473,195,57,14,11,\N,R,19,0,6,\N,\N,\N,\N,\N,\N,4
11269,473,119,34,2,14,\N,R,20,0,6,\N,\N,\N,\N,\N,\N,4
11270,473,110,51,22,2,\N,R,21,0,2,\N,\N,\N,\N,\N,\N,7
11271,473,197,45,31,22,\N,R,22,0,2,\N,\N,\N,\N,\N,\N,80
11272,473,181,54,9,5,\N,R,23,0,1,\N,\N,\N,\N,\N,\N,20
11273,473,196,37,18,21,\N,R,24,0,0,\N,\N,\N,\N,\N,\N,4
11274,473,184,21,30,24,\N,R,25,0,0,\N,\N,\N,\N,\N,\N,4
11275,473,204,45,32,23,\N,R,26,0,0,\N,\N,\N,\N,\N,\N,31
11276,473,208,37,19,0,\N,F,27,0,0,\N,\N,\N,\N,\N,\N,81
11277,473,137,34,1,0,\N,F,28,0,0,\N,\N,\N,\N,\N,\N,81
11278,473,136,55,33,0,\N,F,29,0,0,\N,\N,\N,\N,\N,\N,81
11279,474,137,34,1,4,1,1,1,9,70,1:46:39.577,6399577,\N,\N,\N,\N,1
11280,474,119,34,2,8,2,2,2,6,70,+13.799,6413376,\N,\N,\N,\N,1
11281,474,187,1,7,6,3,3,3,4,70,+1:01.836,6461413,\N,\N,\N,\N,1
11282,474,173,32,11,10,4,4,4,3,69,\N,\N,\N,\N,\N,\N,11
11283,474,176,21,29,16,5,5,5,2,69,\N,\N,\N,\N,\N,\N,11
11284,474,110,51,22,9,6,6,6,1,68,\N,\N,\N,\N,\N,\N,60
11285,474,206,3,5,13,7,7,7,0,68,\N,\N,\N,\N,\N,\N,60
11286,474,184,21,30,17,8,8,8,0,68,\N,\N,\N,\N,\N,\N,12
11287,474,202,6,28,1,9,9,9,0,67,\N,\N,\N,\N,\N,\N,13
11288,474,158,27,25,12,10,10,10,0,66,\N,\N,\N,\N,\N,\N,60
11289,474,200,37,17,22,11,11,11,0,66,\N,\N,\N,\N,\N,\N,14
11290,474,205,25,4,26,\N,N,12,0,59,\N,\N,\N,\N,\N,\N,62
11291,474,177,3,6,7,\N,R,13,0,52,\N,\N,\N,\N,\N,\N,6
11292,474,196,37,18,21,\N,R,14,0,47,\N,\N,\N,\N,\N,\N,5
11293,474,105,25,3,15,\N,R,15,0,41,\N,\N,\N,\N,\N,\N,5
11294,474,117,4,15,3,\N,R,16,0,30,\N,\N,\N,\N,\N,\N,5
11295,474,163,4,16,2,\N,R,17,0,28,\N,\N,\N,\N,\N,\N,20
11296,474,194,54,10,24,\N,R,18,0,20,\N,\N,\N,\N,\N,\N,5
11297,474,182,1,8,11,\N,R,19,0,17,\N,\N,\N,\N,\N,\N,8
11298,474,172,27,26,19,\N,R,20,0,8,\N,\N,\N,\N,\N,\N,69
11299,474,195,57,14,20,\N,R,21,0,7,\N,\N,\N,\N,\N,\N,8
11300,474,152,51,23,5,\N,R,22,0,2,\N,\N,\N,\N,\N,\N,4
11301,474,95,32,12,14,\N,R,23,0,2,\N,\N,\N,\N,\N,\N,4
11302,474,197,45,31,18,\N,R,24,0,0,\N,\N,\N,\N,\N,\N,54
11303,474,204,45,32,23,\N,R,25,0,0,\N,\N,\N,\N,\N,\N,104
11304,474,209,55,33,25,\N,R,26,0,0,\N,\N,\N,\N,\N,\N,4
11305,474,181,54,9,0,\N,F,27,0,0,\N,\N,\N,\N,\N,\N,81
11306,474,208,37,19,0,\N,F,28,0,0,\N,\N,\N,\N,\N,\N,81
11307,474,192,56,20,0,\N,F,29,0,0,\N,\N,\N,\N,\N,\N,81
11308,475,202,6,28,4,1,1,1,9,72,1:38:03.254,5883254,\N,\N,\N,\N,1
11309,475,137,34,1,3,2,2,2,6,72,+21.649,5904903,\N,\N,\N,\N,1
11310,475,177,3,6,7,3,3,3,4,72,+22.365,5905619,\N,\N,\N,\N,1
11311,475,182,1,8,5,4,4,4,3,72,+1:23.729,5966983,\N,\N,\N,\N,1
11312,475,206,3,5,12,5,5,5,2,71,\N,\N,\N,\N,\N,\N,11
11313,475,184,21,30,16,6,6,6,1,71,\N,\N,\N,\N,\N,\N,11
11314,475,105,25,3,14,7,7,7,0,71,\N,\N,\N,\N,\N,\N,11
11315,475,175,6,27,6,8,8,8,0,71,\N,\N,\N,\N,\N,\N,11
11316,475,187,1,7,11,9,9,9,0,71,\N,\N,\N,\N,\N,\N,11
11317,475,176,21,29,17,10,10,10,0,71,\N,\N,\N,\N,\N,\N,11
11318,475,152,51,23,8,11,11,11,0,70,\N,\N,\N,\N,\N,\N,12
11319,475,181,54,9,18,12,12,12,0,70,\N,\N,\N,\N,\N,\N,12
11320,475,194,54,10,25,13,13,13,0,70,\N,\N,\N,\N,\N,\N,12
11321,475,197,45,31,23,14,14,14,0,69,\N,\N,\N,\N,\N,\N,13
11322,475,119,34,2,10,15,15,15,0,69,\N,\N,\N,\N,\N,\N,13
11323,475,200,37,17,24,\N,R,16,0,60,\N,\N,\N,\N,\N,\N,5
11324,475,136,55,33,26,\N,R,17,0,41,\N,\N,\N,\N,\N,\N,5
11325,475,173,32,11,15,\N,R,18,0,40,\N,\N,\N,\N,\N,\N,64
11326,475,110,51,22,9,\N,R,19,0,35,\N,\N,\N,\N,\N,\N,10
11327,475,117,4,15,2,\N,R,20,0,33,\N,\N,\N,\N,\N,\N,5
11328,475,163,4,16,1,\N,R,21,0,21,\N,\N,\N,\N,\N,\N,20
11329,475,205,25,4,20,\N,R,22,0,21,\N,\N,\N,\N,\N,\N,37
11330,475,196,37,18,22,\N,R,23,0,21,\N,\N,\N,\N,\N,\N,5
11331,475,192,56,20,19,\N,R,24,0,18,\N,\N,\N,\N,\N,\N,69
11332,475,118,53,35,13,\N,R,25,0,15,\N,\N,\N,\N,\N,\N,44
11333,475,172,27,26,21,\N,R,26,0,4,\N,\N,\N,\N,\N,\N,64
11334,475,195,57,14,0,\N,F,27,0,0,\N,\N,\N,\N,\N,\N,81
11335,475,170,53,36,0,\N,F,28,0,0,\N,\N,\N,\N,\N,\N,81
11336,475,158,27,25,0,\N,F,29,0,0,\N,\N,\N,\N,\N,\N,81
11337,475,90,32,12,0,\N,F,30,0,0,\N,\N,\N,\N,\N,\N,81
11338,475,208,37,19,0,\N,F,31,0,0,\N,\N,\N,\N,\N,\N,97
11339,476,182,1,8,5,1,1,1,9,76,1:35:33.812,5733812,\N,\N,\N,\N,1
11340,476,202,6,28,4,2,2,2,6,76,+25.726,5759538,\N,\N,\N,\N,1
11341,476,175,6,27,13,3,3,3,4,76,+38.436,5772248,\N,\N,\N,\N,1
11342,476,173,32,11,7,4,4,4,3,76,+41.242,5775054,\N,\N,\N,\N,1
11343,476,206,3,5,10,5,5,5,2,76,+41.430,5775242,\N,\N,\N,\N,1
11344,476,117,4,15,8,6,6,6,1,76,+41.636,5775448,\N,\N,\N,\N,1
11345,476,152,51,23,14,7,7,7,0,75,\N,\N,\N,\N,\N,\N,11
11346,476,205,25,4,17,8,8,8,0,75,\N,\N,\N,\N,\N,\N,11
11347,476,184,21,30,26,9,9,9,0,74,\N,\N,\N,\N,\N,\N,12
11348,476,200,37,17,25,10,10,10,0,73,\N,\N,\N,\N,\N,\N,13
11349,476,110,51,22,11,\N,R,11,0,66,\N,\N,\N,\N,\N,\N,10
11350,476,158,27,25,24,\N,R,12,0,60,\N,\N,\N,\N,\N,\N,5
11351,476,176,21,29,22,\N,R,13,0,59,\N,\N,\N,\N,\N,\N,5
11352,476,177,3,6,1,\N,R,14,0,50,\N,\N,\N,\N,\N,\N,69
11353,476,105,25,3,9,\N,R,15,0,44,\N,\N,\N,\N,\N,\N,5
11354,476,172,27,26,20,\N,R,16,0,41,\N,\N,\N,\N,\N,\N,6
11355,476,118,53,35,16,\N,R,17,0,40,\N,\N,\N,\N,\N,\N,86
11356,476,95,32,12,23,\N,R,18,0,29,\N,\N,\N,\N,\N,\N,100
11357,476,137,34,1,3,\N,R,19,0,9,\N,\N,\N,\N,\N,\N,69
11358,476,195,57,14,19,\N,R,20,0,3,\N,\N,\N,\N,\N,\N,5
11359,476,197,45,31,18,\N,R,21,0,2,\N,\N,\N,\N,\N,\N,4
11360,476,192,56,20,21,\N,R,22,0,2,\N,\N,\N,\N,\N,\N,4
11361,476,187,1,7,12,\N,R,23,0,2,\N,\N,\N,\N,\N,\N,20
11362,476,119,34,2,2,\N,R,24,0,0,\N,\N,\N,\N,\N,\N,4
11363,476,163,4,16,6,\N,R,25,0,0,\N,\N,\N,\N,\N,\N,4
11364,476,170,53,36,15,\N,R,26,0,0,\N,\N,\N,\N,\N,\N,4
11365,476,181,54,9,0,\N,F,27,0,0,\N,\N,\N,\N,\N,\N,81
11366,476,136,55,33,0,\N,F,28,0,0,\N,\N,\N,\N,\N,\N,81
11367,476,194,54,10,0,\N,F,29,0,0,\N,\N,\N,\N,\N,\N,81
11368,476,196,37,18,0,\N,F,30,0,0,\N,\N,\N,\N,\N,\N,81
11369,477,163,4,16,1,1,1,1,9,54,1:33:33.217,5613217,\N,\N,\N,\N,1
11370,477,117,4,15,2,2,2,2,6,54,+17.308,5630525,\N,\N,\N,\N,1
11371,477,202,6,28,3,3,3,3,4,54,+42.128,5655345,\N,\N,\N,\N,1
11372,477,175,6,27,5,4,4,4,3,54,+1:16.241,5689458,\N,\N,\N,\N,1
11373,477,177,3,6,10,5,5,5,2,54,+1:30.994,5704211,\N,\N,\N,\N,1
11374,477,105,25,3,15,6,6,6,1,54,+1:32.339,5705556,\N,\N,\N,\N,1
11375,477,206,3,5,11,7,7,7,0,53,\N,\N,\N,\N,\N,\N,11
11376,477,182,1,8,9,8,8,8,0,53,\N,\N,\N,\N,\N,\N,11
11377,477,152,51,23,8,9,9,9,0,53,\N,\N,\N,\N,\N,\N,11
11378,477,205,25,4,23,10,10,10,0,53,\N,\N,\N,\N,\N,\N,11
11379,477,181,54,9,18,11,11,11,0,52,\N,\N,\N,\N,\N,\N,12
11380,477,209,32,12,24,12,12,12,0,52,\N,\N,\N,\N,\N,\N,12
11381,477,176,21,29,20,13,13,13,0,52,\N,\N,\N,\N,\N,\N,12
11382,477,172,27,26,16,14,14,14,0,51,\N,\N,\N,\N,\N,\N,13
11383,477,118,53,35,14,15,15,15,0,50,\N,\N,\N,\N,\N,\N,14
11384,477,158,27,25,19,16,16,16,0,49,\N,\N,\N,\N,\N,\N,15
11385,477,110,51,22,7,\N,R,17,0,25,\N,\N,\N,\N,\N,\N,20
11386,477,137,34,1,6,\N,R,18,0,23,\N,\N,\N,\N,\N,\N,5
11387,477,173,32,11,13,\N,R,19,0,17,\N,\N,\N,\N,\N,\N,69
11388,477,187,1,7,12,\N,R,20,0,13,\N,\N,\N,\N,\N,\N,10
11389,477,200,37,17,26,\N,R,21,0,10,\N,\N,\N,\N,\N,\N,20
11390,477,184,21,30,25,\N,R,22,0,10,\N,\N,\N,\N,\N,\N,4
11391,477,119,34,2,4,\N,R,23,0,8,\N,\N,\N,\N,\N,\N,5
11392,477,194,54,10,22,\N,R,24,0,2,\N,\N,\N,\N,\N,\N,20
11393,477,197,45,31,17,\N,R,25,0,0,\N,\N,\N,\N,\N,\N,86
11394,477,170,53,36,21,\N,R,26,0,0,\N,\N,\N,\N,\N,\N,10
11395,477,136,55,33,0,\N,F,27,0,0,\N,\N,\N,\N,\N,\N,81
11396,477,195,57,14,0,\N,F,28,0,0,\N,\N,\N,\N,\N,\N,81
11397,477,196,37,18,0,\N,F,29,0,0,\N,\N,\N,\N,\N,\N,81
11398,478,175,6,27,5,1,1,1,9,45,1:27:25.178,5245178,\N,\N,\N,\N,1
11399,478,163,4,16,3,2,2,2,6,45,+16.379,5261557,\N,\N,\N,\N,1
11400,478,177,3,6,9,3,3,3,4,44,\N,\N,\N,\N,\N,\N,11
11401,478,105,25,3,7,4,4,4,3,44,\N,\N,\N,\N,\N,\N,11
11402,478,152,51,23,11,5,5,5,2,44,\N,\N,\N,\N,\N,\N,11
11403,478,176,21,29,26,6,6,6,1,44,\N,\N,\N,\N,\N,\N,11
11404,478,205,25,4,17,7,7,7,0,44,\N,\N,\N,\N,\N,\N,11
11405,478,195,57,14,21,8,8,8,0,44,\N,\N,\N,\N,\N,\N,11
11406,478,95,32,12,18,9,9,9,0,43,\N,\N,\N,\N,\N,\N,12
11407,478,118,53,35,14,10,10,10,0,43,\N,\N,\N,\N,\N,\N,12
11408,478,192,56,20,25,11,11,11,0,43,\N,\N,\N,\N,\N,\N,12
11409,478,187,1,7,10,\N,R,12,0,36,\N,\N,\N,\N,\N,\N,22
11410,478,172,27,26,15,\N,R,13,0,36,\N,\N,\N,\N,\N,\N,64
11411,478,206,3,5,19,\N,R,14,0,25,\N,\N,\N,\N,\N,\N,5
11412,478,196,37,18,24,\N,R,15,0,22,\N,\N,\N,\N,\N,\N,27
11413,478,173,32,11,13,\N,R,16,0,21,\N,\N,\N,\N,\N,\N,64
11414,478,137,34,1,4,\N,R,17,0,18,\N,\N,\N,\N,\N,\N,4
11415,478,194,54,10,22,\N,R,18,0,17,\N,\N,\N,\N,\N,\N,4
11416,478,117,4,15,2,\N,R,19,0,14,\N,\N,\N,\N,\N,\N,98
11417,478,119,34,2,6,\N,R,20,0,13,\N,\N,\N,\N,\N,\N,5
11418,478,110,51,22,8,\N,R,21,0,9,\N,\N,\N,\N,\N,\N,6
11419,478,158,27,25,12,\N,R,22,0,8,\N,\N,\N,\N,\N,\N,69
11420,478,184,21,30,23,\N,R,23,0,6,\N,\N,\N,\N,\N,\N,69
11421,478,197,45,31,20,\N,R,24,0,3,\N,\N,\N,\N,\N,\N,38
11422,478,181,54,9,16,\N,R,25,0,3,\N,\N,\N,\N,\N,\N,8
11423,478,202,6,28,1,\N,W,26,0,0,\N,\N,\N,\N,\N,\N,3
11424,478,210,55,33,0,\N,F,27,0,0,\N,\N,\N,\N,\N,\N,81
11425,478,211,37,17,0,\N,F,28,0,0,\N,\N,\N,\N,\N,\N,81
11426,478,170,53,36,0,\N,F,29,0,0,\N,\N,\N,\N,\N,\N,81
11427,479,173,32,11,7,1,1,1,9,53,1:25:02.212,5102212,\N,\N,\N,\N,1
11428,479,177,3,6,6,2,2,2,6,53,+0.050,5102262,\N,\N,\N,\N,1
11429,479,172,27,26,14,3,3,3,4,52,\N,\N,\N,\N,\N,\N,11
11430,479,175,6,27,4,4,4,4,3,52,\N,\N,\N,\N,\N,\N,11
11431,479,182,1,8,10,5,5,5,2,52,\N,\N,\N,\N,\N,\N,11
11432,479,184,21,30,23,6,6,6,1,52,\N,\N,\N,\N,\N,\N,11
11433,479,192,56,20,20,7,7,7,0,51,\N,\N,\N,\N,\N,\N,12
11434,479,117,4,15,3,8,8,8,0,48,\N,\N,\N,\N,\N,\N,98
11435,479,187,1,7,18,9,9,9,0,44,\N,\N,\N,\N,\N,\N,5
11436,479,205,25,4,19,\N,R,10,0,32,\N,\N,\N,\N,\N,\N,5
11437,479,137,34,1,1,\N,R,11,0,31,\N,\N,\N,\N,\N,\N,10
11438,479,210,55,33,26,\N,R,12,0,28,\N,\N,\N,\N,\N,\N,20
11439,479,176,21,29,21,\N,R,13,0,28,\N,\N,\N,\N,\N,\N,5
11440,479,119,34,2,2,\N,R,14,0,27,\N,\N,\N,\N,\N,\N,5
11441,479,158,27,25,22,\N,R,15,0,22,\N,\N,\N,\N,\N,\N,5
11442,479,95,32,12,12,\N,R,16,0,17,\N,\N,\N,\N,\N,\N,5
11443,479,163,4,16,5,\N,R,17,0,16,\N,\N,\N,\N,\N,\N,98
11444,479,181,54,9,25,\N,R,18,0,15,\N,\N,\N,\N,\N,\N,20
11445,479,118,53,35,15,\N,R,19,0,7,\N,\N,\N,\N,\N,\N,22
11446,479,170,53,36,17,\N,R,20,0,7,\N,\N,\N,\N,\N,\N,7
11447,479,195,57,14,16,\N,R,21,0,6,\N,\N,\N,\N,\N,\N,20
11448,479,105,25,3,8,\N,R,22,0,1,\N,\N,\N,\N,\N,\N,20
11449,479,211,37,17,24,\N,R,23,0,1,\N,\N,\N,\N,\N,\N,38
11450,479,206,3,5,9,\N,R,24,0,0,\N,\N,\N,\N,\N,\N,4
11451,479,110,51,22,11,\N,R,25,0,0,\N,\N,\N,\N,\N,\N,4
11452,479,152,51,23,13,\N,R,26,0,0,\N,\N,\N,\N,\N,\N,4
11453,479,196,37,18,0,\N,F,27,0,0,\N,\N,\N,\N,\N,\N,81
11454,479,197,45,31,0,\N,F,28,0,0,\N,\N,\N,\N,\N,\N,81
11455,479,194,54,10,0,\N,F,29,0,0,\N,\N,\N,\N,\N,\N,81
11456,480,177,3,6,8,1,1,1,9,80,1:32:41.087,5561087,\N,\N,\N,\N,1
11457,480,117,4,15,1,2,2,2,6,80,+4.442,5565529,\N,\N,\N,\N,1
11458,480,182,1,8,4,3,3,3,4,80,+1:00.343,5621430,\N,\N,\N,\N,1
11459,480,137,34,1,6,4,4,4,3,79,\N,\N,\N,\N,\N,\N,11
11460,480,119,34,2,3,5,5,5,2,79,\N,\N,\N,\N,\N,\N,11
11461,480,173,32,11,15,6,6,6,1,79,\N,\N,\N,\N,\N,\N,11
11462,480,105,25,3,12,7,7,7,0,79,\N,\N,\N,\N,\N,\N,11
11463,480,95,32,12,26,8,8,8,0,79,\N,\N,\N,\N,\N,\N,11
11464,480,206,3,5,7,9,9,9,0,79,\N,\N,\N,\N,\N,\N,11
11465,480,110,51,22,5,10,10,10,0,78,\N,\N,\N,\N,\N,\N,12
11466,480,205,25,4,18,11,11,11,0,78,\N,\N,\N,\N,\N,\N,12
11467,480,152,51,23,9,12,12,12,0,78,\N,\N,\N,\N,\N,\N,12
11468,480,187,1,7,11,13,13,13,0,77,\N,\N,\N,\N,\N,\N,13
11469,480,194,54,10,25,14,14,14,0,76,\N,\N,\N,\N,\N,\N,14
11470,480,176,21,29,14,15,15,15,0,76,\N,\N,\N,\N,\N,\N,14
11471,480,163,4,16,2,16,16,16,0,75,\N,\N,\N,\N,\N,\N,98
11472,480,158,27,25,16,\N,R,17,0,70,\N,\N,\N,\N,\N,\N,64
11473,480,181,54,9,20,\N,R,18,0,55,\N,\N,\N,\N,\N,\N,83
11474,480,197,45,31,17,\N,R,19,0,44,\N,\N,\N,\N,\N,\N,5
11475,480,172,27,26,13,\N,R,20,0,33,\N,\N,\N,\N,\N,\N,64
11476,480,170,53,36,23,\N,R,21,0,31,\N,\N,\N,\N,\N,\N,5
11477,480,196,37,18,24,\N,R,22,0,31,\N,\N,\N,\N,\N,\N,47
11478,480,211,37,17,22,\N,R,23,0,25,\N,\N,\N,\N,\N,\N,20
11479,480,118,53,35,21,\N,R,24,0,24,\N,\N,\N,\N,\N,\N,5
11480,480,195,57,14,19,\N,R,25,0,4,\N,\N,\N,\N,\N,\N,5
11481,480,175,6,27,10,\N,R,26,0,0,\N,\N,\N,\N,\N,\N,82
11482,480,192,56,20,0,\N,F,27,0,0,\N,\N,\N,\N,\N,\N,81
11483,480,210,55,33,0,\N,F,28,0,0,\N,\N,\N,\N,\N,\N,81
11484,480,184,21,30,0,\N,F,29,0,0,\N,\N,\N,\N,\N,\N,81
11485,481,163,4,16,6,1,1,1,9,52,1:22:25.734,4945734,\N,\N,\N,\N,1
11486,481,175,6,27,3,2,2,2,6,52,+14.064,4959798,\N,\N,\N,\N,1
11487,481,207,6,28,1,3,3,3,4,52,+48.452,4994186,\N,\N,\N,\N,1
11488,481,187,1,7,12,4,4,4,3,52,+1:27.845,5033579,\N,\N,\N,\N,1
11489,481,105,25,3,11,5,5,5,2,51,\N,\N,\N,\N,\N,\N,11
11490,481,158,27,25,14,6,6,6,1,51,\N,\N,\N,\N,\N,\N,11
11491,481,95,32,12,23,7,7,7,0,51,\N,\N,\N,\N,\N,\N,11
11492,481,177,3,6,7,8,8,8,0,50,\N,\N,\N,\N,\N,\N,12
11493,481,194,54,10,25,9,9,9,0,50,\N,\N,\N,\N,\N,\N,12
11494,481,110,51,22,9,10,10,10,0,50,\N,\N,\N,\N,\N,\N,12
11495,481,192,56,20,26,11,11,11,0,49,\N,\N,\N,\N,\N,\N,13
11496,481,184,21,30,24,12,12,12,0,49,\N,\N,\N,\N,\N,\N,13
11497,481,195,57,14,18,\N,N,13,0,40,\N,\N,\N,\N,\N,\N,62
11498,481,173,32,11,17,\N,R,14,0,33,\N,\N,\N,\N,\N,\N,37
11499,481,152,51,23,8,\N,R,15,0,32,\N,\N,\N,\N,\N,\N,64
11500,481,176,21,29,19,\N,R,16,0,28,\N,\N,\N,\N,\N,\N,80
11501,481,117,4,15,5,\N,R,17,0,27,\N,\N,\N,\N,\N,\N,98
11502,481,182,1,8,10,\N,R,18,0,21,\N,\N,\N,\N,\N,\N,23
11503,481,197,45,31,15,\N,R,19,0,10,\N,\N,\N,\N,\N,\N,36
11504,481,137,34,1,2,\N,R,20,0,7,\N,\N,\N,\N,\N,\N,5
11505,481,119,34,2,4,\N,R,21,0,6,\N,\N,\N,\N,\N,\N,8
11506,481,172,27,26,21,\N,R,22,0,5,\N,\N,\N,\N,\N,\N,6
11507,481,170,53,36,22,\N,R,23,0,2,\N,\N,\N,\N,\N,\N,5
11508,481,206,3,5,13,\N,R,24,0,0,\N,\N,\N,\N,\N,\N,4
11509,481,118,53,35,16,\N,R,25,0,0,\N,\N,\N,\N,\N,\N,4
11510,481,205,25,4,20,\N,R,26,0,0,\N,\N,\N,\N,\N,\N,4
11511,481,211,37,17,0,\N,F,27,0,0,\N,\N,\N,\N,\N,\N,81
11512,481,181,54,9,0,\N,F,28,0,0,\N,\N,\N,\N,\N,\N,81
11513,481,196,37,18,0,\N,F,29,0,0,\N,\N,\N,\N,\N,\N,81
11514,481,210,55,33,0,\N,F,30,0,0,\N,\N,\N,\N,\N,\N,81
11515,482,105,25,3,3,1,1,1,9,75,1:41:56.888,6116888,\N,\N,\N,\N,1
11516,482,187,1,7,9,2,2,2,6,75,+27.292,6144180,\N,\N,\N,\N,1
11517,482,158,27,25,4,3,3,3,4,75,+56.450,6173338,\N,\N,\N,\N,1
11518,482,117,4,15,1,4,4,4,3,75,+1:08.648,6185536,\N,\N,\N,\N,1
11519,482,177,3,6,6,5,5,5,2,75,+1:11.375,6188263,\N,\N,\N,\N,1
11520,482,206,3,5,14,6,6,6,1,74,\N,\N,\N,\N,\N,\N,11
11521,482,176,21,29,17,7,7,7,0,74,\N,\N,\N,\N,\N,\N,11
11522,482,205,25,4,19,8,8,8,0,74,\N,\N,\N,\N,\N,\N,11
11523,482,110,51,22,18,9,9,9,0,73,\N,\N,\N,\N,\N,\N,12
11524,482,152,51,23,16,10,10,10,0,73,\N,\N,\N,\N,\N,\N,12
11525,482,184,21,30,23,11,11,11,0,73,\N,\N,\N,\N,\N,\N,12
11526,482,211,37,17,25,12,12,12,0,73,\N,\N,\N,\N,\N,\N,12
11527,482,196,37,18,24,13,13,13,0,69,\N,\N,\N,\N,\N,\N,16
11528,482,181,54,9,22,\N,N,14,0,62,\N,\N,\N,\N,\N,\N,62
11529,482,182,1,8,13,\N,R,15,0,53,\N,\N,\N,\N,\N,\N,5
11530,482,210,55,33,26,\N,R,16,0,39,\N,\N,\N,\N,\N,\N,20
11531,482,118,53,35,10,\N,R,17,0,32,\N,\N,\N,\N,\N,\N,105
11532,482,173,32,11,20,\N,R,18,0,28,\N,\N,\N,\N,\N,\N,5
11533,482,207,6,28,7,\N,R,19,0,26,\N,\N,\N,\N,\N,\N,22
11534,482,137,34,1,12,\N,R,20,0,26,\N,\N,\N,\N,\N,\N,105
11535,482,163,4,16,2,\N,R,21,0,20,\N,\N,\N,\N,\N,\N,5
11536,482,119,34,2,5,\N,R,22,0,17,\N,\N,\N,\N,\N,\N,8
11537,482,95,32,12,21,\N,R,23,0,8,\N,\N,\N,\N,\N,\N,4
11538,482,172,27,26,11,\N,R,24,0,5,\N,\N,\N,\N,\N,\N,80
11539,482,175,6,27,8,\N,W,25,0,0,\N,\N,\N,\N,\N,\N,54
11540,482,195,57,14,15,\N,W,26,0,0,\N,\N,\N,\N,\N,\N,5
11541,482,197,45,31,27,\N,W,27,0,0,\N,\N,\N,\N,\N,\N,3
11542,482,170,53,36,0,\N,F,28,0,0,\N,\N,\N,\N,\N,\N,81
11543,482,194,54,10,0,\N,F,29,0,0,\N,\N,\N,\N,\N,\N,81
11544,482,192,56,20,0,\N,F,30,0,0,\N,\N,\N,\N,\N,\N,81
11545,483,178,3,1,2,1,1,1,9,80,1:50:41.33,6641330,\N,\N,\N,\N,1
11546,483,199,3,2,3,2,2,2,6,80,+9.19,6650520,\N,\N,\N,\N,1
11547,483,137,34,5,4,3,3,3,4,80,+34.92,6676250,\N,\N,\N,\N,1
11548,483,207,51,22,6,4,4,4,3,80,+49.31,6690640,\N,\N,\N,\N,1
11549,483,158,25,3,8,5,5,5,2,80,+1:06.70,6708030,\N,\N,\N,\N,1
11550,483,175,55,33,17,6,6,6,1,79,\N,\N,\N,\N,\N,\N,11
11551,483,192,56,21,18,7,7,7,0,78,\N,\N,\N,\N,\N,\N,12
11552,483,163,4,16,20,8,8,8,0,77,\N,\N,\N,\N,\N,\N,13
11553,483,176,57,14,19,\N,R,9,0,70,\N,\N,\N,\N,\N,\N,69
11554,483,202,6,28,11,\N,R,10,0,67,\N,\N,\N,\N,\N,\N,69
11555,483,197,27,25,10,\N,R,11,0,64,\N,\N,\N,\N,\N,\N,48
11556,483,212,34,6,15,\N,R,12,0,49,\N,\N,\N,\N,\N,\N,3
11557,483,152,51,23,9,\N,R,13,0,41,\N,\N,\N,\N,\N,\N,4
11558,483,172,27,26,12,\N,R,14,0,41,\N,\N,\N,\N,\N,\N,4
11559,483,177,56,20,16,\N,R,15,0,41,\N,\N,\N,\N,\N,\N,5
11560,483,136,54,9,21,\N,R,16,0,41,\N,\N,\N,\N,\N,\N,4
11561,483,119,21,29,1,\N,R,17,0,33,\N,\N,\N,\N,\N,\N,69
11562,483,213,45,32,24,\N,R,18,0,26,\N,\N,\N,\N,\N,\N,3
11563,483,95,32,12,7,\N,R,19,0,25,\N,\N,\N,\N,\N,\N,3
11564,483,203,6,27,5,\N,R,20,0,17,\N,\N,\N,\N,\N,\N,86
11565,483,187,1,7,23,\N,R,21,0,16,\N,\N,\N,\N,\N,\N,23
11566,483,173,32,11,13,\N,R,22,0,13,\N,\N,\N,\N,\N,\N,3
11567,483,117,4,15,14,\N,R,23,0,0,\N,\N,\N,\N,\N,\N,4
11568,483,110,1,8,22,\N,R,24,0,0,\N,\N,\N,\N,\N,\N,4
11569,483,214,25,4,0,\N,F,25,0,0,\N,\N,\N,\N,\N,\N,81
11570,483,206,37,17,0,\N,F,26,0,0,\N,\N,\N,\N,\N,\N,81
11571,483,215,45,31,0,\N,F,27,0,0,\N,\N,\N,\N,\N,\N,81
11572,483,216,21,30,0,\N,F,28,0,0,\N,\N,\N,\N,\N,\N,81
11573,483,194,37,18,0,\N,F,29,0,0,\N,\N,\N,\N,\N,\N,81
11574,484,199,3,2,2,1,1,1,9,62,2:00:23.66,7223660,\N,\N,\N,\N,1
11575,484,178,3,1,3,2,2,2,6,62,+4.44,7228100,\N,\N,\N,\N,1
11576,484,119,21,29,4,3,3,3,4,62,+1:03.08,7286740,\N,\N,\N,\N,1
11577,484,176,57,14,18,4,4,4,3,62,+1:17.03,7300690,\N,\N,\N,\N,1
11578,484,173,32,11,10,5,5,5,2,62,+1:26.42,7310080,\N,\N,\N,\N,1
11579,484,172,27,26,16,6,6,6,1,62,+1:26.83,7310490,\N,\N,\N,\N,1
11580,484,197,27,25,23,7,7,7,0,62,+1:30.25,7313910,\N,\N,\N,\N,1
11581,484,187,1,7,15,8,8,8,0,61,\N,\N,\N,\N,\N,\N,11
11582,484,177,56,20,12,9,9,9,0,61,\N,\N,\N,\N,\N,\N,11
11583,484,175,55,33,19,10,10,10,0,61,\N,\N,\N,\N,\N,\N,11
11584,484,95,32,12,13,11,11,11,0,61,\N,\N,\N,\N,\N,\N,11
11585,484,137,34,5,1,12,12,12,0,60,\N,\N,\N,\N,\N,\N,12
11586,484,217,25,4,24,13,13,13,0,57,\N,\N,\N,\N,\N,\N,15
11587,484,158,25,3,14,\N,N,14,0,49,\N,\N,\N,\N,\N,\N,62
11588,484,152,51,23,6,\N,N,15,0,40,\N,\N,\N,\N,\N,\N,62
11589,484,203,6,27,7,\N,R,16,0,25,\N,\N,\N,\N,\N,\N,101
11590,484,212,34,6,11,\N,R,17,0,22,\N,\N,\N,\N,\N,\N,20
11591,484,117,4,15,5,\N,R,18,0,20,\N,\N,\N,\N,\N,\N,4
11592,484,216,21,30,21,\N,R,19,0,20,\N,\N,\N,\N,\N,\N,3
11593,484,202,6,28,17,\N,R,20,0,19,\N,\N,\N,\N,\N,\N,4
11594,484,110,1,8,20,\N,R,21,0,9,\N,\N,\N,\N,\N,\N,5
11595,484,163,4,16,8,\N,R,22,0,0,\N,\N,\N,\N,\N,\N,4
11596,484,207,51,22,9,\N,R,23,0,0,\N,\N,\N,\N,\N,\N,4
11597,484,192,56,21,22,\N,R,24,0,0,\N,\N,\N,\N,\N,\N,4
11598,484,136,54,9,0,\N,F,25,0,0,\N,\N,\N,\N,\N,\N,81
11599,484,213,45,32,0,\N,F,26,0,0,\N,\N,\N,\N,\N,\N,81
11600,484,215,45,31,0,\N,F,27,0,0,\N,\N,\N,\N,\N,\N,81
11601,484,194,45,18,0,\N,F,28,0,0,\N,\N,\N,\N,\N,\N,81
11602,484,206,37,17,0,\N,F,29,0,0,\N,\N,\N,\N,\N,\N,81
11603,484,218,57,14,0,\N,W,30,0,0,\N,\N,\N,\N,\N,\N,54
11604,485,137,34,5,1,1,1,1,9,53,1:34:32.74,5672740,\N,\N,\N,\N,1
11605,485,199,3,2,4,2,2,2,6,53,+26.61,5699350,\N,\N,\N,\N,1
11606,485,117,4,15,2,3,3,3,4,53,+49.98,5722720,\N,\N,\N,\N,1
11607,485,178,3,1,3,4,4,4,3,53,+1:07.88,5740620,\N,\N,\N,\N,1
11608,485,163,4,16,5,5,5,5,2,53,+1:31.85,5764590,\N,\N,\N,\N,1
11609,485,173,32,11,10,6,6,6,1,52,\N,\N,\N,\N,\N,\N,11
11610,485,119,21,29,9,7,7,7,0,52,\N,\N,\N,\N,\N,\N,11
11611,485,207,51,22,17,8,8,8,0,52,\N,\N,\N,\N,\N,\N,11
11612,485,216,21,30,19,9,9,9,0,52,\N,\N,\N,\N,\N,\N,11
11613,485,152,51,23,22,10,10,10,0,51,\N,\N,\N,\N,\N,\N,60
11614,485,110,1,8,18,11,11,11,0,51,\N,\N,\N,\N,\N,\N,12
11615,485,136,54,9,23,12,12,12,0,51,\N,\N,\N,\N,\N,\N,12
11616,485,217,25,4,24,13,13,13,0,51,\N,\N,\N,\N,\N,\N,12
11617,485,203,6,27,7,\N,R,14,0,40,\N,\N,\N,\N,\N,\N,7
11618,485,175,55,33,14,\N,R,15,0,36,\N,\N,\N,\N,\N,\N,44
11619,485,187,1,7,11,\N,R,16,0,36,\N,\N,\N,\N,\N,\N,7
11620,485,212,34,6,6,\N,R,17,0,32,\N,\N,\N,\N,\N,\N,10
11621,485,192,56,21,20,\N,R,18,0,28,\N,\N,\N,\N,\N,\N,6
11622,485,172,27,26,21,\N,R,19,0,19,\N,\N,\N,\N,\N,\N,64
11623,485,176,57,14,16,\N,R,20,0,14,\N,\N,\N,\N,\N,\N,5
11624,485,177,56,20,8,\N,R,21,0,4,\N,\N,\N,\N,\N,\N,69
11625,485,95,32,12,15,\N,R,22,0,3,\N,\N,\N,\N,\N,\N,5
11626,485,202,6,28,12,\N,R,23,0,3,\N,\N,\N,\N,\N,\N,5
11627,485,158,25,3,13,\N,R,24,0,1,\N,\N,\N,\N,\N,\N,8
11628,485,215,45,31,0,\N,F,25,0,0,\N,\N,\N,\N,\N,\N,81
11629,485,213,45,32,0,\N,F,26,0,0,\N,\N,\N,\N,\N,\N,81
11630,485,206,37,17,0,\N,F,27,0,0,\N,\N,\N,\N,\N,\N,81
11631,485,219,27,25,0,\N,F,28,0,0,\N,\N,\N,\N,\N,\N,81
11632,485,194,37,18,0,\N,F,29,0,0,\N,\N,\N,\N,\N,\N,81
11633,486,137,34,5,5,1,1,1,9,60,1:51:23.97,6683970,\N,\N,\N,\N,1
11634,486,119,21,29,9,2,2,2,6,60,+4.58,6688550,\N,\N,\N,\N,1
11635,486,199,3,2,2,3,3,3,4,60,+6.34,6690310,\N,\N,\N,\N,1
11636,486,212,34,6,13,4,4,4,3,60,+22.89,6706860,\N,\N,\N,\N,1
11637,486,202,6,28,6,5,5,5,2,60,+25.87,6709840,\N,\N,\N,\N,1
11638,486,110,1,8,14,6,6,6,1,60,+1:06.61,6750580,\N,\N,\N,\N,1
11639,486,203,6,27,1,7,7,7,0,60,+1:41.97,6785940,\N,\N,\N,\N,1
11640,486,163,4,16,3,8,8,8,0,59,\N,\N,\N,\N,\N,\N,11
11641,486,176,57,14,21,9,9,9,0,59,\N,\N,\N,\N,\N,\N,11
11642,486,187,1,7,7,10,10,10,0,58,\N,\N,\N,\N,\N,\N,12
11643,486,175,55,33,16,11,11,11,0,58,\N,\N,\N,\N,\N,\N,12
11644,486,178,3,1,8,12,12,12,0,58,\N,\N,\N,\N,\N,\N,12
11645,486,201,54,10,24,13,13,13,0,57,\N,\N,\N,\N,\N,\N,13
11646,486,219,27,25,18,\N,N,14,0,45,\N,\N,\N,\N,\N,\N,62
11647,486,194,37,17,23,\N,R,15,0,38,\N,\N,\N,\N,\N,\N,20
11648,486,105,25,4,17,\N,R,16,0,31,\N,\N,\N,\N,\N,\N,4
11649,486,213,45,32,20,\N,R,17,0,31,\N,\N,\N,\N,\N,\N,4
11650,486,152,51,23,11,\N,R,18,0,28,\N,\N,\N,\N,\N,\N,4
11651,486,158,25,3,19,\N,R,19,0,28,\N,\N,\N,\N,\N,\N,4
11652,486,207,51,22,12,\N,R,20,0,26,\N,\N,\N,\N,\N,\N,6
11653,486,177,56,20,15,\N,R,21,0,14,\N,\N,\N,\N,\N,\N,5
11654,486,172,27,26,10,\N,R,22,0,7,\N,\N,\N,\N,\N,\N,22
11655,486,117,4,15,4,\N,R,23,0,3,\N,\N,\N,\N,\N,\N,6
11656,486,215,45,31,22,\N,R,24,0,0,\N,\N,\N,\N,\N,\N,3
11657,486,216,21,30,0,\N,F,25,0,0,\N,\N,\N,\N,\N,\N,81
11658,486,206,37,18,0,\N,F,26,0,0,\N,\N,\N,\N,\N,\N,81
11659,486,136,54,9,0,\N,R,27,0,0,\N,\N,\N,\N,\N,\N,31
11660,486,192,56,21,0,\N,F,28,0,0,\N,\N,\N,\N,\N,\N,81
11661,486,118,53,36,0,\N,F,29,0,0,\N,\N,\N,\N,\N,\N,81
11662,486,205,53,35,0,\N,F,30,0,0,\N,\N,\N,\N,\N,\N,81
11663,486,173,32,11,0,\N,W,31,0,0,\N,\N,\N,\N,\N,\N,54
11664,486,95,32,12,0,\N,W,32,0,0,\N,\N,\N,\N,\N,\N,54
11665,487,199,3,2,1,1,1,1,9,54,1:16:31.61,4591610,\N,\N,\N,\N,1
11666,487,172,27,26,9,2,2,2,6,54,+36.06,4627670,\N,\N,\N,\N,1
11667,487,95,32,12,10,3,3,3,4,54,+43.69,4635300,\N,\N,\N,\N,1
11668,487,203,6,27,7,4,4,4,3,54,+47.64,4639250,\N,\N,\N,\N,1
11669,487,173,32,11,14,5,5,5,2,54,+49.20,4640810,\N,\N,\N,\N,1
11670,487,158,25,3,8,6,6,6,1,54,+52.51,4644120,\N,\N,\N,\N,1
11671,487,187,1,7,5,7,7,7,0,54,+1:01.66,4653270,\N,\N,\N,\N,1
11672,487,202,6,28,3,8,8,8,0,54,+1:32.04,4683650,\N,\N,\N,\N,1
11673,487,152,51,23,17,9,9,9,0,54,+1:35.58,4687190,\N,\N,\N,\N,1
11674,487,207,51,22,18,10,10,10,0,53,\N,\N,\N,\N,\N,\N,11
11675,487,176,57,14,15,11,11,11,0,52,\N,\N,\N,\N,\N,\N,12
11676,487,105,25,4,19,12,12,12,0,52,\N,\N,\N,\N,\N,\N,12
11677,487,160,45,31,24,13,13,13,0,50,\N,\N,\N,\N,\N,\N,14
11678,487,212,34,6,21,\N,R,14,0,39,\N,\N,\N,\N,\N,\N,3
11679,487,219,27,25,16,\N,R,15,0,35,\N,\N,\N,\N,\N,\N,7
11680,487,192,56,21,20,\N,R,16,0,29,\N,\N,\N,\N,\N,\N,5
11681,487,213,45,32,22,\N,R,17,0,22,\N,\N,\N,\N,\N,\N,5
11682,487,178,3,1,6,\N,R,18,0,19,\N,\N,\N,\N,\N,\N,3
11683,487,110,1,8,23,\N,R,19,0,11,\N,\N,\N,\N,\N,\N,6
11684,487,137,34,5,2,\N,R,20,0,10,\N,\N,\N,\N,\N,\N,3
11685,487,177,56,20,11,\N,R,21,0,10,\N,\N,\N,\N,\N,\N,6
11686,487,117,4,15,12,\N,R,22,0,2,\N,\N,\N,\N,\N,\N,8
11687,487,119,21,29,4,\N,R,23,0,0,\N,\N,\N,\N,\N,\N,4
11688,487,216,21,30,13,\N,R,24,0,0,\N,\N,\N,\N,\N,\N,4
11689,487,206,37,18,0,\N,F,25,0,0,\N,\N,\N,\N,\N,\N,81
11690,487,163,4,16,0,\N,F,26,0,0,\N,\N,\N,\N,\N,\N,81
11691,487,194,37,17,0,\N,F,27,0,0,\N,\N,\N,\N,\N,\N,81
11692,487,201,54,9,0,\N,F,28,0,0,\N,\N,\N,\N,\N,\N,81
11693,487,175,55,33,0,\N,F,29,0,0,\N,\N,\N,\N,\N,\N,81
11694,487,118,53,36,0,\N,F,30,0,0,\N,\N,\N,\N,\N,\N,81
11695,487,205,53,35,0,\N,F,31,0,0,\N,\N,\N,\N,\N,\N,81
11696,488,203,6,27,2,1,1,1,9,76,1:54:23.38,6863380,\N,\N,\N,\N,1
11697,488,178,3,1,7,2,2,2,6,76,+39.91,6903290,\N,\N,\N,\N,1
11698,488,172,27,26,8,3,3,3,4,76,+1:29.24,6952620,\N,\N,\N,\N,1
11699,488,202,6,28,17,4,4,4,3,75,\N,\N,\N,\N,\N,\N,11
11700,488,158,25,3,15,5,5,5,2,74,\N,\N,\N,\N,\N,\N,12
11701,488,176,57,14,19,6,6,6,1,74,\N,\N,\N,\N,\N,\N,12
11702,488,175,55,33,16,7,7,7,0,72,\N,\N,\N,\N,\N,\N,14
11703,488,137,34,5,1,\N,R,8,0,53,\N,\N,\N,\N,\N,\N,20
11704,488,187,1,7,10,\N,R,9,0,52,\N,\N,\N,\N,\N,\N,5
11705,488,105,25,4,20,\N,R,10,0,50,\N,\N,\N,\N,\N,\N,4
11706,488,152,51,23,18,\N,R,11,0,50,\N,\N,\N,\N,\N,\N,4
11707,488,117,4,15,9,\N,R,12,0,45,\N,\N,\N,\N,\N,\N,5
11708,488,199,3,2,4,\N,R,13,0,33,\N,\N,\N,\N,\N,\N,6
11709,488,173,32,11,6,\N,R,14,0,32,\N,\N,\N,\N,\N,\N,5
11710,488,163,4,16,13,\N,R,15,0,32,\N,\N,\N,\N,\N,\N,20
11711,488,119,21,29,5,\N,R,16,0,29,\N,\N,\N,\N,\N,\N,6
11712,488,95,32,12,3,\N,R,17,0,15,\N,\N,\N,\N,\N,\N,22
11713,488,216,21,30,14,\N,R,18,0,14,\N,\N,\N,\N,\N,\N,69
11714,488,110,1,8,11,\N,R,19,0,0,\N,\N,\N,\N,\N,\N,4
11715,488,207,51,22,12,\N,R,20,0,0,\N,\N,\N,\N,\N,\N,4
11716,488,177,56,20,0,\N,F,21,0,0,\N,\N,\N,\N,\N,\N,81
11717,488,219,27,25,0,\N,F,22,0,0,\N,\N,\N,\N,\N,\N,81
11718,488,212,34,6,0,\N,F,23,0,0,\N,\N,\N,\N,\N,\N,81
11719,488,192,56,21,0,\N,F,24,0,0,\N,\N,\N,\N,\N,\N,81
11720,488,160,45,32,0,\N,F,25,0,0,\N,\N,\N,\N,\N,\N,81
11721,488,213,45,31,0,\N,F,26,0,0,\N,\N,\N,\N,\N,\N,81
11722,488,201,54,10,0,\N,F,27,0,0,\N,\N,\N,\N,\N,\N,81
11723,488,206,37,18,0,\N,F,28,0,0,\N,\N,\N,\N,\N,\N,81
11724,488,194,37,17,0,\N,F,29,0,0,\N,\N,\N,\N,\N,\N,81
11725,488,205,53,35,0,\N,F,30,0,0,\N,\N,\N,\N,\N,\N,81
11726,488,118,53,36,0,\N,F,31,0,0,\N,\N,\N,\N,\N,\N,81
11727,489,203,6,27,7,1,1,1,9,80,1:46:35.01,6395010,\N,\N,\N,\N,1
11728,489,172,27,26,1,2,2,2,6,80,+0.22,6395230,\N,\N,\N,\N,1
11729,489,187,1,7,4,3,3,3,4,80,+0.58,6395590,\N,\N,\N,\N,1
11730,489,199,3,2,3,4,4,4,3,80,+1.01,6396020,\N,\N,\N,\N,1
11731,489,173,32,11,10,5,5,5,2,80,+1.24,6396250,\N,\N,\N,\N,1
11732,489,95,32,12,11,6,6,6,1,80,+28.58,6423590,\N,\N,\N,\N,1
11733,489,178,3,1,2,7,7,7,0,80,+56.58,6451590,\N,\N,\N,\N,1
11734,489,207,51,22,8,8,8,8,0,80,+1:00.80,6455810,\N,\N,\N,\N,1
11735,489,163,4,16,17,9,9,9,0,80,+1:07.08,6462090,\N,\N,\N,\N,1
11736,489,152,51,23,6,10,10,10,0,80,+1:13.65,6468660,\N,\N,\N,\N,1
11737,489,192,56,21,21,11,11,11,0,79,\N,\N,\N,\N,\N,\N,11
11738,489,177,56,20,15,12,12,12,0,78,\N,\N,\N,\N,\N,\N,12
11739,489,175,55,33,16,13,13,13,0,78,\N,\N,\N,\N,\N,\N,12
11740,489,194,57,14,24,14,14,14,0,77,\N,\N,\N,\N,\N,\N,13
11741,489,202,6,28,13,15,15,15,0,76,\N,\N,\N,\N,\N,\N,14
11742,489,206,37,17,22,16,16,16,0,75,\N,\N,\N,\N,\N,\N,15
11743,489,158,25,3,20,\N,N,17,0,62,\N,\N,\N,\N,\N,\N,62
11744,489,219,27,25,19,\N,R,18,0,51,\N,\N,\N,\N,\N,\N,23
11745,489,212,34,6,18,\N,R,19,0,46,\N,\N,\N,\N,\N,\N,6
11746,489,216,21,30,23,\N,R,20,0,43,\N,\N,\N,\N,\N,\N,80
11747,489,137,34,5,9,\N,R,21,0,43,\N,\N,\N,\N,\N,\N,3
11748,489,117,4,15,5,\N,R,22,0,28,\N,\N,\N,\N,\N,\N,20
11749,489,119,21,29,12,\N,R,23,0,21,\N,\N,\N,\N,\N,\N,23
11750,489,110,1,8,14,\N,R,24,0,9,\N,\N,\N,\N,\N,\N,3
11751,489,105,25,4,0,\N,F,25,0,0,\N,\N,\N,\N,\N,\N,81
11752,489,213,45,31,0,\N,F,26,0,0,\N,\N,\N,\N,\N,\N,81
11753,489,201,54,9,0,\N,F,27,0,0,\N,\N,\N,\N,\N,\N,81
11754,489,205,53,35,0,\N,F,28,0,0,\N,\N,\N,\N,\N,\N,81
11755,489,118,53,36,0,\N,F,29,0,0,\N,\N,\N,\N,\N,\N,81
11756,489,220,45,32,0,\N,F,30,0,0,\N,\N,\N,\N,\N,\N,81
11757,490,117,4,15,3,1,1,1,9,80,1:35:48.13,5748130,\N,\N,\N,\N,1
11758,490,187,1,7,2,2,2,2,6,80,+2.29,5750420,\N,\N,\N,\N,1
11759,490,137,34,5,4,3,3,3,4,80,+24.22,5772350,\N,\N,\N,\N,1
11760,490,163,4,16,1,4,4,4,3,80,+42.30,5790430,\N,\N,\N,\N,1
11761,490,202,6,28,14,5,5,5,2,79,\N,\N,\N,\N,\N,\N,11
11762,490,173,32,11,8,6,6,6,1,79,\N,\N,\N,\N,\N,\N,11
11763,490,95,32,12,13,7,7,7,0,79,\N,\N,\N,\N,\N,\N,11
11764,490,207,51,22,10,8,8,8,0,79,\N,\N,\N,\N,\N,\N,11
11765,490,212,34,6,15,9,9,9,0,78,\N,\N,\N,\N,\N,\N,12
11766,490,199,3,2,7,10,10,10,0,78,\N,\N,\N,\N,\N,\N,12
11767,490,110,1,8,5,11,11,11,0,78,\N,\N,\N,\N,\N,\N,12
11768,490,176,55,33,21,12,12,12,0,78,\N,\N,\N,\N,\N,\N,12
11769,490,158,25,3,19,13,13,13,0,77,\N,\N,\N,\N,\N,\N,13
11770,490,119,21,29,18,14,14,14,0,77,\N,\N,\N,\N,\N,\N,13
11771,490,152,51,23,12,15,15,15,0,77,\N,\N,\N,\N,\N,\N,13
11772,490,105,25,4,23,16,16,16,0,77,\N,\N,\N,\N,\N,\N,13
11773,490,178,3,1,9,17,17,17,0,76,\N,\N,\N,\N,\N,\N,4
11774,490,172,27,26,6,\N,R,18,0,57,\N,\N,\N,\N,\N,\N,22
11775,490,206,37,17,20,\N,R,19,0,55,\N,\N,\N,\N,\N,\N,5
11776,490,203,6,27,11,\N,R,20,0,41,\N,\N,\N,\N,\N,\N,10
11777,490,175,27,25,16,\N,R,21,0,30,\N,\N,\N,\N,\N,\N,67
11778,490,177,56,20,17,\N,R,22,0,11,\N,\N,\N,\N,\N,\N,22
11779,490,194,57,14,22,\N,R,23,0,6,\N,\N,\N,\N,\N,\N,22
11780,490,192,56,21,24,\N,W,24,0,0,\N,\N,\N,\N,\N,\N,54
11781,490,216,21,30,0,\N,F,25,0,0,\N,\N,\N,\N,\N,\N,81
11782,490,205,53,35,0,\N,F,26,0,0,\N,\N,\N,\N,\N,\N,81
11783,490,201,54,9,0,\N,F,27,0,0,\N,\N,\N,\N,\N,\N,81
11784,490,213,45,31,0,\N,F,28,0,0,\N,\N,\N,\N,\N,\N,81
11785,490,118,53,36,0,\N,F,29,0,0,\N,\N,\N,\N,\N,\N,81
11786,491,187,1,7,5,1,1,1,9,68,1:26:54.80,5214800,\N,\N,\N,\N,1
11787,491,199,3,2,9,2,2,2,6,68,+40.65,5255450,\N,\N,\N,\N,1
11788,491,172,27,26,14,3,3,3,4,67,\N,\N,\N,\N,\N,\N,11
11789,491,158,25,3,23,4,4,4,3,67,\N,\N,\N,\N,\N,\N,11
11790,491,212,34,6,13,5,5,5,2,67,\N,\N,\N,\N,\N,\N,11
11791,491,201,54,9,21,6,6,6,1,67,\N,\N,\N,\N,\N,\N,11
11792,491,206,37,17,17,7,7,7,0,66,\N,\N,\N,\N,\N,\N,12
11793,491,197,45,32,20,8,8,8,0,65,\N,\N,\N,\N,\N,\N,13
11794,491,163,4,16,1,9,9,9,0,64,\N,\N,\N,\N,\N,\N,99
11795,491,119,21,29,10,10,10,10,0,64,\N,\N,\N,\N,\N,\N,5
11796,491,176,55,33,24,11,11,11,0,61,\N,\N,\N,\N,\N,\N,60
11797,491,207,51,22,11,\N,R,12,0,59,\N,\N,\N,\N,\N,\N,37
11798,491,177,56,20,14,\N,R,13,0,56,\N,\N,\N,\N,\N,\N,22
11799,491,173,32,11,22,\N,D,14,0,25,\N,\N,\N,\N,\N,\N,2
11800,491,117,4,15,2,\N,R,15,0,17,\N,\N,\N,\N,\N,\N,99
11801,491,175,27,25,15,\N,R,16,0,15,\N,\N,\N,\N,\N,\N,8
11802,491,202,6,28,4,\N,R,17,0,13,\N,\N,\N,\N,\N,\N,101
11803,491,137,34,5,3,\N,R,18,0,11,\N,\N,\N,\N,\N,\N,27
11804,491,152,51,23,12,\N,R,19,0,5,\N,\N,\N,\N,\N,\N,7
11805,491,203,6,27,8,\N,R,20,0,4,\N,\N,\N,\N,\N,\N,20
11806,491,178,3,1,7,\N,R,21,0,3,\N,\N,\N,\N,\N,\N,4
11807,491,110,1,8,6,\N,R,22,0,3,\N,\N,\N,\N,\N,\N,20
11808,491,105,25,4,19,\N,R,23,0,1,\N,\N,\N,\N,\N,\N,8
11809,491,216,21,30,18,\N,R,24,0,8,\N,\N,\N,\N,\N,\N,20
11810,491,192,56,21,0,\N,F,25,0,0,\N,\N,\N,\N,\N,\N,81
11811,491,205,53,35,0,\N,F,26,0,0,\N,\N,\N,\N,\N,\N,81
11812,491,95,32,12,0,\N,F,27,0,0,\N,\N,\N,\N,\N,\N,81
11813,491,194,57,14,0,\N,F,28,0,0,\N,\N,\N,\N,\N,\N,81
11814,491,118,53,36,0,\N,F,29,0,0,\N,\N,\N,\N,\N,\N,81
11815,491,213,45,31,0,\N,F,30,0,0,\N,\N,\N,\N,\N,\N,81
11816,492,137,34,5,6,1,1,1,9,45,1:25:55.60,5155600,\N,\N,\N,\N,1
11817,492,117,4,15,1,2,2,2,6,45,+11.52,5167120,\N,\N,\N,\N,1
11818,492,172,27,26,7,3,3,3,4,45,+1:04.60,5220200,\N,\N,\N,\N,1
11819,492,212,34,6,16,4,4,4,3,45,+1:39.69,5255290,\N,\N,\N,\N,1
11820,492,158,25,3,18,5,5,5,2,45,+1:50.52,5266120,\N,\N,\N,\N,1
11821,492,187,1,7,9,6,6,6,1,44,\N,\N,\N,\N,\N,\N,11
11822,492,173,32,11,14,7,7,7,0,44,\N,\N,\N,\N,\N,\N,11
11823,492,197,45,32,17,8,8,8,0,44,\N,\N,\N,\N,\N,\N,11
11824,492,207,51,22,12,9,9,9,0,44,\N,\N,\N,\N,\N,\N,11
11825,492,203,6,27,8,10,10,10,0,44,\N,\N,\N,\N,\N,\N,11
11826,492,178,3,1,4,11,11,11,0,44,\N,\N,\N,\N,\N,\N,11
11827,492,216,21,30,26,12,12,12,0,44,\N,\N,\N,\N,\N,\N,11
11828,492,163,4,16,2,13,13,13,0,44,\N,\N,\N,\N,\N,\N,11
11829,492,176,55,33,22,14,14,14,0,43,\N,\N,\N,\N,\N,\N,22
11830,492,152,51,23,17,15,15,15,0,43,\N,\N,\N,\N,\N,\N,12
11831,492,194,57,14,23,\N,N,16,0,39,\N,\N,\N,\N,\N,\N,62
11832,492,201,54,9,28,\N,R,17,0,35,\N,\N,\N,\N,\N,\N,5
11833,492,199,3,2,3,\N,R,18,0,27,\N,\N,\N,\N,\N,\N,5
11834,492,119,21,29,13,\N,R,19,0,27,\N,\N,\N,\N,\N,\N,5
11835,492,175,27,25,11,\N,R,20,0,27,\N,\N,\N,\N,\N,\N,7
11836,492,206,37,17,21,\N,R,21,0,15,\N,\N,\N,\N,\N,\N,22
11837,492,95,32,12,15,\N,R,22,0,12,\N,\N,\N,\N,\N,\N,95
11838,492,110,1,8,10,\N,R,23,0,4,\N,\N,\N,\N,\N,\N,4
11839,492,202,6,28,5,\N,R,24,0,1,\N,\N,\N,\N,\N,\N,10
11840,492,177,56,20,0,\N,F,25,0,0,\N,\N,\N,\N,\N,\N,81
11841,492,205,53,35,0,\N,F,26,0,0,\N,\N,\N,\N,\N,\N,81
11842,492,213,45,31,0,\N,F,27,0,0,\N,\N,\N,\N,\N,\N,81
11843,492,118,53,36,0,\N,F,28,0,0,\N,\N,\N,\N,\N,\N,81
11844,492,105,25,4,0,\N,F,29,0,0,\N,\N,\N,\N,\N,\N,81
11845,492,192,56,21,0,\N,F,30,0,0,\N,\N,\N,\N,\N,\N,81
11846,493,172,27,26,4,1,1,1,9,53,1:27:36.47,5256470,\N,\N,\N,\N,1
11847,493,163,4,16,1,2,2,2,6,53,+5.17,5261640,\N,\N,\N,\N,1
11848,493,137,34,5,7,3,3,3,4,53,+7.34,5263810,\N,\N,\N,\N,1
11849,493,178,3,1,6,4,4,4,3,53,+12.04,5268510,\N,\N,\N,\N,1
11850,493,199,3,2,5,5,5,5,2,53,+31.85,5288320,\N,\N,\N,\N,1
11851,493,187,1,7,12,6,6,6,1,53,+1:31.14,5347610,\N,\N,\N,\N,1
11852,493,173,32,11,9,7,7,7,0,52,\N,\N,\N,\N,\N,\N,11
11853,493,110,1,8,18,8,8,8,0,52,\N,\N,\N,\N,\N,\N,11
11854,493,202,6,28,8,9,9,9,0,52,\N,\N,\N,\N,\N,\N,11
11855,493,197,45,32,14,10,10,10,0,51,\N,\N,\N,\N,\N,\N,12
11856,493,206,37,17,19,11,11,11,0,47,\N,\N,\N,\N,\N,\N,16
11857,493,207,51,22,13,\N,R,12,0,46,\N,\N,\N,\N,\N,\N,5
11858,493,201,54,9,21,\N,R,13,0,44,\N,\N,\N,\N,\N,\N,23
11859,493,119,21,29,10,\N,R,14,0,43,\N,\N,\N,\N,\N,\N,5
11860,493,194,57,14,20,\N,R,15,0,43,\N,\N,\N,\N,\N,\N,51
11861,493,105,25,4,22,\N,R,16,0,40,\N,\N,\N,\N,\N,\N,6
11862,493,152,51,23,16,\N,R,17,0,35,\N,\N,\N,\N,\N,\N,42
11863,493,212,34,6,15,\N,R,18,0,32,\N,\N,\N,\N,\N,\N,8
11864,493,216,21,30,24,\N,R,19,0,27,\N,\N,\N,\N,\N,\N,25
11865,493,117,4,15,2,\N,R,20,0,26,\N,\N,\N,\N,\N,\N,22
11866,493,175,27,25,17,\N,R,21,0,26,\N,\N,\N,\N,\N,\N,5
11867,493,95,32,12,11,\N,R,22,0,23,\N,\N,\N,\N,\N,\N,5
11868,493,203,6,27,3,\N,R,23,0,11,\N,\N,\N,\N,\N,\N,3
11869,493,176,55,33,23,\N,R,24,0,0,\N,\N,\N,\N,\N,\N,99
11870,493,158,25,3,0,\N,F,25,0,0,\N,\N,\N,\N,\N,\N,81
11871,493,118,53,36,0,\N,F,26,0,0,\N,\N,\N,\N,\N,\N,81
11872,493,205,53,35,0,\N,F,27,0,0,\N,\N,\N,\N,\N,\N,81
11873,493,213,45,31,0,\N,F,28,0,0,\N,\N,\N,\N,\N,\N,81
11874,494,117,4,15,1,1,1,1,9,72,1:40:22.43,6022430,\N,\N,\N,\N,1
11875,494,137,34,5,3,2,2,2,6,72,+8.24,6030670,\N,\N,\N,\N,1
11876,494,178,3,1,4,3,3,3,4,72,+35.50,6057930,\N,\N,\N,\N,1
11877,494,212,34,6,15,4,4,4,3,71,\N,\N,\N,\N,\N,\N,11
11878,494,173,32,11,9,5,5,5,2,71,\N,\N,\N,\N,\N,\N,11
11879,494,194,57,14,24,6,6,6,1,70,\N,\N,\N,\N,\N,\N,12
11880,494,216,21,30,21,7,7,7,0,69,\N,\N,\N,\N,\N,\N,13
11881,494,176,55,33,20,8,8,8,0,69,\N,\N,\N,\N,\N,\N,13
11882,494,105,25,4,25,9,9,9,0,68,\N,\N,\N,\N,\N,\N,5
11883,494,201,54,9,23,10,10,10,0,68,\N,\N,\N,\N,\N,\N,14
11884,494,207,51,22,7,\N,R,11,0,62,\N,\N,\N,\N,\N,\N,3
11885,494,187,1,7,8,\N,R,12,0,50,\N,\N,\N,\N,\N,\N,80
11886,494,158,25,3,22,\N,R,13,0,46,\N,\N,\N,\N,\N,\N,22
11887,494,197,45,32,18,\N,R,14,0,29,\N,\N,\N,\N,\N,\N,7
11888,494,163,4,16,2,\N,R,15,0,21,\N,\N,\N,\N,\N,\N,5
11889,494,152,51,23,14,\N,R,16,0,19,\N,\N,\N,\N,\N,\N,27
11890,494,172,27,26,6,\N,R,17,0,18,\N,\N,\N,\N,\N,\N,4
11891,494,199,3,2,5,\N,R,18,0,18,\N,\N,\N,\N,\N,\N,4
11892,494,119,21,29,10,\N,R,19,0,16,\N,\N,\N,\N,\N,\N,22
11893,494,206,37,17,19,\N,R,20,0,5,\N,\N,\N,\N,\N,\N,22
11894,494,202,6,28,12,\N,R,21,0,4,\N,\N,\N,\N,\N,\N,4
11895,494,95,32,12,17,\N,R,22,0,1,\N,\N,\N,\N,\N,\N,5
11896,494,175,27,25,11,\N,R,23,0,1,\N,\N,\N,\N,\N,\N,4
11897,494,203,6,27,16,\N,R,24,0,0,\N,\N,\N,\N,\N,\N,4
11898,494,110,1,8,0,\N,W,25,0,0,\N,\N,\N,\N,\N,\N,54
11899,494,205,53,35,0,\N,F,26,0,0,\N,\N,\N,\N,\N,\N,81
11900,494,177,56,20,0,\N,F,27,0,0,\N,\N,\N,\N,\N,\N,81
11901,494,192,56,21,0,\N,F,28,0,0,\N,\N,\N,\N,\N,\N,81
11902,494,213,45,31,0,\N,F,29,0,0,\N,\N,\N,\N,\N,\N,81
11903,494,118,53,36,0,\N,F,30,0,0,\N,\N,\N,\N,\N,\N,81
11904,495,117,4,15,3,1,1,1,9,52,1:26:36.897,5196897,\N,\N,\N,\N,1
11905,495,178,3,1,5,2,2,2,6,52,+22.175,5219072,\N,\N,\N,\N,1
11906,495,199,3,2,2,3,3,3,4,52,+50.587,5247484,\N,\N,\N,\N,1
11907,495,173,32,11,11,4,4,4,3,52,+1:32.902,5289799,\N,\N,\N,\N,1
11908,495,202,6,28,8,5,5,5,2,52,+1:34.522,5291419,\N,\N,\N,\N,1
11909,495,137,34,5,6,6,6,6,1,51,\N,\N,\N,\N,\N,\N,5
11910,495,110,1,8,16,7,7,7,0,51,\N,\N,\N,\N,\N,\N,29
11911,495,152,51,23,10,8,8,8,0,50,\N,\N,\N,\N,\N,\N,12
11912,495,197,45,32,18,9,9,9,0,50,\N,\N,\N,\N,\N,\N,12
11913,495,205,53,35,23,10,10,10,0,49,\N,\N,\N,\N,\N,\N,13
11914,495,207,51,22,13,\N,R,11,0,40,\N,\N,\N,\N,\N,\N,5
11915,495,206,37,17,19,\N,R,12,0,36,\N,\N,\N,\N,\N,\N,6
11916,495,175,27,25,15,\N,R,13,0,22,\N,\N,\N,\N,\N,\N,29
11917,495,95,32,12,12,\N,R,14,0,21,\N,\N,\N,\N,\N,\N,22
11918,495,187,1,7,7,\N,R,15,0,19,\N,\N,\N,\N,\N,\N,3
11919,495,119,21,29,20,\N,R,16,0,18,\N,\N,\N,\N,\N,\N,6
11920,495,105,25,4,22,\N,R,17,0,17,\N,\N,\N,\N,\N,\N,3
11921,495,194,57,14,24,\N,R,18,0,13,\N,\N,\N,\N,\N,\N,20
11922,495,163,4,16,1,\N,R,19,0,12,\N,\N,\N,\N,\N,\N,20
11923,495,172,27,26,4,\N,R,20,0,11,\N,\N,\N,\N,\N,\N,29
11924,495,158,25,3,17,\N,R,21,0,11,\N,\N,\N,\N,\N,\N,20
11925,495,201,54,9,21,\N,R,22,0,10,\N,\N,\N,\N,\N,\N,20
11926,495,203,6,27,9,\N,R,23,0,5,\N,\N,\N,\N,\N,\N,5
11927,495,212,34,6,14,\N,R,24,0,1,\N,\N,\N,\N,\N,\N,10
11928,495,176,55,33,0,\N,F,25,0,0,\N,\N,\N,\N,\N,\N,81
11929,495,213,45,31,0,\N,F,26,0,0,\N,\N,\N,\N,\N,\N,81
11930,495,118,53,36,0,\N,F,27,0,0,\N,\N,\N,\N,\N,\N,81
11931,495,216,21,30,0,\N,F,28,0,0,\N,\N,\N,\N,\N,\N,81
11932,495,177,56,20,0,\N,F,29,0,0,\N,\N,\N,\N,\N,\N,81
11933,495,192,56,21,0,\N,F,30,0,0,\N,\N,\N,\N,\N,\N,81
11934,496,172,27,26,10,1,1,1,9,63,2:01:25.20,7285200,\N,\N,\N,\N,1
11935,496,187,1,7,9,2,2,2,6,63,+6.23,7291430,\N,\N,\N,\N,1
11936,496,203,6,27,11,3,3,3,4,63,+1:50.27,7395470,\N,\N,\N,\N,1
11937,496,152,51,23,15,4,4,4,3,62,\N,\N,\N,\N,\N,\N,11
11938,496,137,34,5,1,5,5,5,2,62,\N,\N,\N,\N,\N,\N,11
11939,496,173,32,11,7,6,6,6,1,62,\N,\N,\N,\N,\N,\N,11
11940,496,207,51,22,16,7,7,7,0,62,\N,\N,\N,\N,\N,\N,11
11941,496,206,37,17,20,8,8,8,0,61,\N,\N,\N,\N,\N,\N,12
11942,496,176,55,33,19,9,9,9,0,61,\N,\N,\N,\N,\N,\N,12
11943,496,199,3,2,2,10,10,10,0,60,\N,\N,\N,\N,\N,\N,13
11944,496,105,25,4,22,11,11,11,0,59,\N,\N,\N,\N,\N,\N,14
11945,496,158,25,3,14,12,12,12,0,56,\N,\N,\N,\N,\N,\N,5
11946,496,110,1,8,13,\N,R,13,0,51,\N,\N,\N,\N,\N,\N,20
11947,496,117,4,15,4,\N,R,14,0,48,\N,\N,\N,\N,\N,\N,4
11948,496,95,32,12,5,\N,R,15,0,45,\N,\N,\N,\N,\N,\N,4
11949,496,201,54,9,21,\N,R,16,0,40,\N,\N,\N,\N,\N,\N,20
11950,496,212,34,6,6,\N,R,17,0,35,\N,\N,\N,\N,\N,\N,20
11951,496,197,45,32,23,\N,R,18,0,26,\N,\N,\N,\N,\N,\N,4
11952,496,178,3,1,3,\N,R,19,0,24,\N,\N,\N,\N,\N,\N,64
11953,496,202,6,28,12,\N,R,20,0,24,\N,\N,\N,\N,\N,\N,80
11954,496,194,57,14,24,\N,R,21,0,8,\N,\N,\N,\N,\N,\N,20
11955,496,175,27,25,17,\N,R,22,0,6,\N,\N,\N,\N,\N,\N,20
11956,496,119,21,29,18,\N,R,23,0,6,\N,\N,\N,\N,\N,\N,20
11957,496,163,4,16,8,\N,R,24,0,0,\N,\N,\N,\N,\N,\N,4
11958,496,177,56,20,0,\N,F,25,0,0,\N,\N,\N,\N,\N,\N,81
11959,496,192,56,21,0,\N,F,26,0,0,\N,\N,\N,\N,\N,\N,81
11960,496,205,53,35,0,\N,F,27,0,0,\N,\N,\N,\N,\N,\N,81
11961,496,198,21,30,0,\N,F,28,0,0,\N,\N,\N,\N,\N,\N,81
11962,496,118,53,36,0,\N,F,29,0,0,\N,\N,\N,\N,\N,\N,81
11963,496,213,45,31,0,\N,F,30,0,0,\N,\N,\N,\N,\N,\N,81
11964,497,178,3,1,2,1,1,1,9,75,1:44:09.077,6249077,\N,\N,\N,\N,1
11965,497,117,4,15,5,2,2,2,6,75,+20.048,6269125,\N,\N,\N,\N,1
11966,497,152,51,23,8,3,3,3,4,75,+20.428,6269505,\N,\N,\N,\N,1
11967,497,95,32,12,9,4,4,4,3,75,+47.473,6296550,\N,\N,\N,\N,1
11968,497,137,34,5,4,5,5,5,2,75,+1:16.438,6325515,\N,\N,\N,\N,1
11969,497,172,27,26,12,6,6,6,1,75,+1:18.175,6327252,\N,\N,\N,\N,1
11970,497,187,1,7,6,7,7,7,0,75,+1:18.497,6327574,\N,\N,\N,\N,1
11971,497,199,3,2,1,8,8,8,0,74,\N,\N,\N,\N,\N,\N,11
11972,497,202,6,28,18,9,9,9,0,73,\N,\N,\N,\N,\N,\N,12
11973,497,177,56,20,20,10,10,10,0,73,\N,\N,\N,\N,\N,\N,12
11974,497,119,21,29,11,11,11,11,0,71,\N,\N,\N,\N,\N,\N,14
11975,497,110,1,8,14,12,12,12,0,69,\N,\N,\N,\N,\N,\N,16
11976,497,105,25,4,17,13,13,13,0,67,\N,\N,\N,\N,\N,\N,5
11977,497,194,57,14,24,\N,N,14,0,61,\N,\N,\N,\N,\N,\N,62
11978,497,118,53,36,22,\N,R,15,0,43,\N,\N,\N,\N,\N,\N,6
11979,497,207,51,22,10,\N,R,16,0,29,\N,\N,\N,\N,\N,\N,22
11980,497,203,6,27,3,\N,D,17,0,22,\N,\N,\N,\N,\N,\N,2
11981,497,212,34,6,16,\N,R,18,0,20,\N,\N,\N,\N,\N,\N,37
11982,497,176,55,33,23,\N,R,19,0,19,\N,\N,\N,\N,\N,\N,22
11983,497,158,25,3,19,\N,R,20,0,10,\N,\N,\N,\N,\N,\N,5
11984,497,163,4,16,13,\N,R,21,0,10,\N,\N,\N,\N,\N,\N,10
11985,497,175,27,25,7,\N,R,22,0,2,\N,\N,\N,\N,\N,\N,3
11986,497,173,32,11,15,\N,R,23,0,2,\N,\N,\N,\N,\N,\N,47
11987,497,197,45,32,21,\N,R,24,0,0,\N,\N,\N,\N,\N,\N,7
11988,497,201,54,9,0,\N,F,25,0,0,\N,\N,\N,\N,\N,\N,81
11989,497,192,56,21,0,\N,F,26,0,0,\N,\N,\N,\N,\N,\N,81
11990,497,206,37,17,0,\N,F,27,0,0,\N,\N,\N,\N,\N,\N,81
11991,497,198,21,30,0,\N,F,28,0,0,\N,\N,\N,\N,\N,\N,81
11992,497,205,53,35,0,\N,F,29,0,0,\N,\N,\N,\N,\N,\N,81
11993,497,213,45,31,0,\N,F,30,0,0,\N,\N,\N,\N,\N,\N,81
11994,498,178,3,27,1,1,1,1,9,53,1:43:24.38,6204380,\N,\N,\N,\N,1
11995,498,137,34,5,4,2,2,2,6,53,+24.59,6228970,\N,\N,\N,\N,1
11996,498,177,56,21,13,3,3,3,4,53,+1:18.64,6283020,\N,\N,\N,\N,1
11997,498,206,25,4,22,4,4,4,3,53,+1:23.48,6287860,\N,\N,\N,\N,1
11998,498,152,51,23,20,5,5,5,2,52,\N,\N,\N,\N,\N,\N,11
11999,498,117,1,8,12,6,6,6,1,52,\N,\N,\N,\N,\N,\N,11
12000,498,217,34,6,16,7,7,7,0,51,\N,\N,\N,\N,\N,\N,12
12001,498,221,51,22,23,\N,R,8,0,46,\N,\N,\N,\N,\N,\N,5
12002,498,222,6,1,11,\N,R,9,0,45,\N,\N,\N,\N,\N,\N,5
12003,498,223,57,14,15,\N,N,10,0,44,\N,\N,\N,\N,\N,\N,62
12004,498,224,56,20,24,\N,N,11,0,37,\N,\N,\N,\N,\N,\N,62
12005,498,203,6,2,8,\N,R,12,0,36,\N,\N,\N,\N,\N,\N,3
12006,498,172,27,26,2,\N,R,13,0,30,\N,\N,\N,\N,\N,\N,5
12007,498,119,21,29,7,\N,R,14,0,27,\N,\N,\N,\N,\N,\N,5
12008,498,176,54,9,21,\N,R,15,0,27,\N,\N,\N,\N,\N,\N,42
12009,498,207,32,11,6,\N,R,16,0,20,\N,\N,\N,\N,\N,\N,69
12010,498,200,21,30,14,\N,R,17,0,20,\N,\N,\N,\N,\N,\N,6
12011,498,199,3,28,10,\N,R,18,0,12,\N,\N,\N,\N,\N,\N,5
12012,498,173,32,12,5,\N,R,19,0,7,\N,\N,\N,\N,\N,\N,22
12013,498,187,1,7,17,\N,R,20,0,5,\N,\N,\N,\N,\N,\N,6
12014,498,219,4,15,9,\N,R,21,0,3,\N,\N,\N,\N,\N,\N,6
12015,498,163,4,16,19,\N,R,22,0,2,\N,\N,\N,\N,\N,\N,22
12016,498,202,27,25,3,\N,R,23,0,1,\N,\N,\N,\N,\N,\N,5
12017,498,197,25,3,18,\N,R,24,0,1,\N,\N,\N,\N,\N,\N,4
12018,498,225,58,18,0,\N,F,25,0,0,\N,\N,\N,\N,\N,\N,81
12019,498,140,58,17,0,\N,F,26,0,0,\N,\N,\N,\N,\N,\N,81
12020,498,136,54,10,0,\N,F,27,0,0,\N,\N,\N,\N,\N,\N,81
12021,498,158,45,31,0,\N,F,28,0,0,\N,\N,\N,\N,\N,\N,81
12022,499,163,4,16,6,1,1,1,9,40,1:40:01.33,6001330,\N,\N,\N,\N,1
12023,499,173,32,12,7,2,2,2,6,40,+21.86,6023190,\N,\N,\N,\N,1
12024,499,178,3,27,10,3,3,3,4,40,+1:06.11,6067440,\N,\N,\N,\N,1
12025,499,202,27,25,2,4,4,4,3,40,+1:40.13,6101460,\N,\N,\N,\N,1
12026,499,117,1,8,13,5,5,5,2,40,+1:45.41,6106740,\N,\N,\N,\N,1
12027,499,119,21,29,14,6,6,6,1,39,\N,\N,\N,\N,\N,\N,11
12028,499,176,54,9,20,7,7,7,0,39,\N,\N,\N,\N,\N,\N,11
12029,499,217,34,6,18,8,8,8,0,39,\N,\N,\N,\N,\N,\N,11
12030,499,177,56,21,15,9,9,9,0,39,\N,\N,\N,\N,\N,\N,11
12031,499,200,21,30,16,10,10,10,0,39,\N,\N,\N,\N,\N,\N,11
12032,499,187,1,7,23,11,11,11,0,39,\N,\N,\N,\N,\N,\N,11
12033,499,197,25,3,22,12,12,12,0,39,\N,\N,\N,\N,\N,\N,11
12034,499,152,51,23,17,13,13,13,0,39,\N,\N,\N,\N,\N,\N,11
12035,499,206,25,4,24,14,14,14,0,38,\N,\N,\N,\N,\N,\N,12
12036,499,224,56,20,19,15,15,15,0,38,\N,\N,\N,\N,\N,\N,12
12037,499,203,6,2,3,16,16,16,0,36,\N,\N,\N,\N,\N,\N,37
12038,499,221,51,22,21,\N,R,17,0,33,\N,\N,\N,\N,\N,\N,10
12039,499,219,4,15,1,\N,R,18,0,25,\N,\N,\N,\N,\N,\N,101
12040,499,137,34,5,9,\N,R,19,0,14,\N,\N,\N,\N,\N,\N,22
12041,499,172,27,26,5,\N,R,20,0,13,\N,\N,\N,\N,\N,\N,10
12042,499,223,57,14,12,\N,R,21,0,13,\N,\N,\N,\N,\N,\N,5
12043,499,222,6,1,8,\N,R,22,0,10,\N,\N,\N,\N,\N,\N,5
12044,499,207,32,11,11,\N,R,23,0,1,\N,\N,\N,\N,\N,\N,20
12045,499,199,3,28,4,\N,R,24,0,1,\N,\N,\N,\N,\N,\N,86
12046,499,136,54,10,0,\N,F,25,0,0,\N,\N,\N,\N,\N,\N,81
12047,499,225,58,18,0,\N,F,26,0,0,\N,\N,\N,\N,\N,\N,81
12048,499,140,58,17,0,\N,F,27,0,0,\N,\N,\N,\N,\N,\N,81
12049,499,158,45,31,0,\N,F,28,0,0,\N,\N,\N,\N,\N,\N,81
12050,500,163,4,16,2,1,1,1,9,78,1:36:52.54,5812540,\N,\N,\N,\N,1
12051,500,172,27,26,4,2,2,2,6,78,+34.07,5846610,\N,\N,\N,\N,1
12052,500,202,27,25,5,3,3,3,4,78,+52.49,5865030,\N,\N,\N,\N,1
12053,500,137,34,5,3,4,4,4,3,78,+1:01.02,5873560,\N,\N,\N,\N,1
12054,500,199,3,28,6,5,5,5,2,77,\N,\N,\N,\N,\N,\N,11
12055,500,200,21,30,19,6,6,6,1,77,\N,\N,\N,\N,\N,\N,11
12056,500,197,25,3,13,7,7,7,0,77,\N,\N,\N,\N,\N,\N,11
12057,500,224,56,20,18,8,8,8,0,77,\N,\N,\N,\N,\N,\N,11
12058,500,223,57,14,20,9,9,9,0,77,\N,\N,\N,\N,\N,\N,11
12059,500,217,34,6,17,10,10,10,0,77,\N,\N,\N,\N,\N,\N,11
12060,500,187,1,7,21,11,11,11,0,76,\N,\N,\N,\N,\N,\N,12
12061,500,207,32,11,15,12,12,12,0,76,\N,\N,\N,\N,\N,\N,12
12062,500,209,58,17,24,13,13,13,0,70,\N,\N,\N,\N,\N,\N,22
12063,500,152,51,23,12,\N,R,14,0,69,\N,\N,\N,\N,\N,\N,5
12064,500,219,4,15,1,\N,R,15,0,61,\N,\N,\N,\N,\N,\N,29
12065,500,206,25,4,16,\N,R,16,0,61,\N,\N,\N,\N,\N,\N,29
12066,500,177,56,21,23,\N,R,17,0,58,\N,\N,\N,\N,\N,\N,3
12067,500,221,51,22,7,\N,N,18,0,53,\N,\N,\N,\N,\N,\N,62
12068,500,178,3,27,8,\N,R,19,0,34,\N,\N,\N,\N,\N,\N,6
12069,500,203,6,2,10,\N,R,20,0,31,\N,\N,\N,\N,\N,\N,7
12070,500,222,6,1,9,\N,R,21,0,14,\N,\N,\N,\N,\N,\N,5
12071,500,119,21,29,11,\N,R,22,0,10,\N,\N,\N,\N,\N,\N,20
12072,500,158,45,31,22,\N,R,23,0,8,\N,\N,\N,\N,\N,\N,20
12073,500,173,32,12,14,\N,R,24,0,1,\N,\N,\N,\N,\N,\N,20
12074,500,117,1,8,0,\N,W,25,0,0,\N,\N,\N,\N,\N,\N,3
12075,500,176,54,9,0,\N,W,26,0,0,\N,\N,\N,\N,\N,\N,3
12076,500,225,58,18,0,\N,F,27,0,0,\N,\N,\N,\N,\N,\N,81
12077,500,136,54,10,0,\N,F,28,0,0,\N,\N,\N,\N,\N,\N,81
12078,501,137,34,5,1,1,1,1,9,80,1:50:19.4,6619400,\N,\N,\N,\N,1
12079,501,119,21,29,8,2,2,2,6,80,+49.212,6668612,\N,\N,\N,\N,1
12080,501,224,56,20,24,3,3,3,4,80,+1:18.563,6697963,\N,\N,\N,\N,1
12081,501,187,1,7,21,4,4,4,3,79,\N,\N,\N,\N,\N,\N,11
12082,501,222,6,1,16,5,5,5,2,79,\N,\N,\N,\N,\N,\N,11
12083,501,202,27,25,9,6,6,6,1,79,\N,\N,\N,\N,\N,\N,11
12084,501,200,21,30,17,7,7,7,0,79,\N,\N,\N,\N,\N,\N,11
12085,501,206,25,4,14,8,8,8,0,79,\N,\N,\N,\N,\N,\N,11
12086,501,163,4,16,2,9,9,9,0,78,\N,\N,\N,\N,\N,\N,12
12087,501,219,4,15,11,10,10,10,0,71,\N,\N,\N,\N,\N,\N,19
12088,501,177,56,21,22,\N,R,11,0,58,\N,\N,\N,\N,\N,\N,25
12089,501,223,57,14,23,\N,R,12,0,50,\N,\N,\N,\N,\N,\N,3
12090,501,152,51,23,6,\N,R,13,0,49,\N,\N,\N,\N,\N,\N,3
12091,501,178,3,27,5,\N,R,14,0,47,\N,\N,\N,\N,\N,\N,3
12092,501,203,6,2,10,\N,R,15,0,46,\N,\N,\N,\N,\N,\N,7
12093,501,221,51,22,3,\N,R,16,0,40,\N,\N,\N,\N,\N,\N,22
12094,501,172,27,26,13,\N,R,17,0,36,\N,\N,\N,\N,\N,\N,29
12095,501,158,45,31,19,\N,R,18,0,11,\N,\N,\N,\N,\N,\N,7
12096,501,199,3,28,7,\N,R,19,0,3,\N,\N,\N,\N,\N,\N,7
12097,501,197,25,3,12,\N,R,20,0,3,\N,\N,\N,\N,\N,\N,3
12098,501,173,32,12,20,\N,R,21,0,3,\N,\N,\N,\N,\N,\N,3
12099,501,136,54,9,4,\N,R,22,0,0,\N,\N,\N,\N,\N,\N,7
12100,501,207,32,11,15,\N,R,23,0,0,\N,\N,\N,\N,\N,\N,3
12101,501,217,34,6,18,\N,R,24,0,0,\N,\N,\N,\N,\N,\N,3
12102,501,225,58,18,0,\N,F,25,0,0,\N,\N,\N,\N,\N,\N,81
12103,501,209,58,17,0,\N,F,26,0,0,\N,\N,\N,\N,\N,\N,81
12104,501,226,1,8,0,\N,F,27,0,0,\N,\N,\N,\N,\N,\N,81
12105,502,202,27,25,2,1,1,1,9,72,1:38:47.4,5927400,\N,\N,\N,\N,1
12106,502,178,3,27,1,2,2,2,6,72,+47.37,5974770,\N,\N,\N,\N,1
12107,502,199,3,28,4,3,3,3,4,72,+84.12,6011520,\N,\N,\N,\N,1
12108,502,163,4,16,6,4,4,4,3,71,\N,\N,\N,\N,\N,\N,11
12109,502,197,25,3,9,5,5,5,2,71,\N,\N,\N,\N,\N,\N,11
12110,502,203,6,2,12,6,6,6,1,71,\N,\N,\N,\N,\N,\N,11
12111,502,177,56,21,21,7,7,7,0,71,\N,\N,\N,\N,\N,\N,11
12112,502,222,6,1,14,8,8,8,0,70,\N,\N,\N,\N,\N,\N,12
12113,502,206,25,4,11,9,9,9,0,70,\N,\N,\N,\N,\N,\N,12
12114,502,173,32,12,8,10,10,10,0,69,\N,\N,\N,\N,\N,\N,20
12115,502,172,27,26,3,11,11,11,0,68,\N,\N,\N,\N,\N,\N,14
12116,502,136,54,9,15,12,12,12,0,64,\N,\N,\N,\N,\N,\N,5
12117,502,187,1,7,20,\N,N,13,0,61,\N,\N,\N,\N,\N,\N,62
12118,502,119,21,29,16,\N,R,14,0,58,\N,\N,\N,\N,\N,\N,20
12119,502,207,32,11,17,\N,R,15,0,41,\N,\N,\N,\N,\N,\N,6
12120,502,221,51,22,10,\N,R,16,0,38,\N,\N,\N,\N,\N,\N,43
12121,502,137,34,5,7,\N,R,17,0,32,\N,\N,\N,\N,\N,\N,20
12122,502,117,1,8,19,\N,R,18,0,29,\N,\N,\N,\N,\N,\N,7
12123,502,224,56,20,24,\N,R,19,0,16,\N,\N,\N,\N,\N,\N,10
12124,502,227,57,14,23,\N,R,20,0,12,\N,\N,\N,\N,\N,\N,5
12125,502,152,51,23,18,\N,R,21,0,11,\N,\N,\N,\N,\N,\N,22
12126,502,217,34,6,22,\N,R,22,0,5,\N,\N,\N,\N,\N,\N,6
12127,502,200,21,30,13,\N,R,23,0,1,\N,\N,\N,\N,\N,\N,20
12128,502,219,4,15,5,\N,R,24,0,1,\N,\N,\N,\N,\N,\N,8
12129,502,209,58,17,0,\N,F,25,0,0,\N,\N,\N,\N,\N,\N,81
12130,502,225,58,18,0,\N,F,26,0,0,\N,\N,\N,\N,\N,\N,81
12131,502,158,45,31,0,\N,F,27,0,0,\N,\N,\N,\N,\N,\N,81
12132,503,199,3,28,2,1,1,1,9,76,1:55:34.365,6934365,\N,\N,\N,\N,1
12133,503,172,27,26,5,2,2,2,6,76,+1:13.629,7007994,\N,\N,\N,\N,1
12134,503,137,34,5,4,3,3,3,4,76,+1:17.726,7012091,\N,\N,\N,\N,1
12135,503,200,21,30,15,4,4,4,3,75,\N,\N,\N,\N,\N,\N,11
12136,503,203,6,2,6,5,5,5,2,75,\N,\N,\N,\N,\N,\N,11
12137,503,224,56,20,18,6,6,6,1,74,\N,\N,\N,\N,\N,\N,12
12138,503,207,32,11,19,7,7,7,0,73,\N,\N,\N,\N,\N,\N,13
12139,503,119,21,29,11,8,8,8,0,73,\N,\N,\N,\N,\N,\N,13
12140,503,173,32,12,14,9,9,9,0,68,\N,\N,\N,\N,\N,\N,3
12141,503,136,54,9,13,\N,N,10,0,64,\N,\N,\N,\N,\N,\N,62
12142,503,202,27,25,1,\N,R,11,0,54,\N,\N,\N,\N,\N,\N,3
12143,503,163,4,16,20,\N,R,12,0,53,\N,\N,\N,\N,\N,\N,3
12144,503,221,51,22,7,\N,R,13,0,50,\N,\N,\N,\N,\N,\N,5
12145,503,222,6,1,17,\N,R,14,0,27,\N,\N,\N,\N,\N,\N,64
12146,503,219,4,15,16,\N,R,15,0,25,\N,\N,\N,\N,\N,\N,6
12147,503,178,3,27,3,\N,R,16,0,24,\N,\N,\N,\N,\N,\N,24
12148,503,152,51,23,8,\N,R,17,0,0,\N,\N,\N,\N,\N,\N,3
12149,503,197,25,3,9,\N,R,18,0,0,\N,\N,\N,\N,\N,\N,3
12150,503,117,1,8,10,\N,R,19,0,0,\N,\N,\N,\N,\N,\N,3
12151,503,206,25,4,12,\N,R,20,0,0,\N,\N,\N,\N,\N,\N,3
12152,503,187,1,7,0,\N,F,21,0,0,\N,\N,\N,\N,\N,\N,81
12153,503,158,45,31,0,\N,F,22,0,0,\N,\N,\N,\N,\N,\N,81
12154,503,209,58,17,0,\N,F,23,0,0,\N,\N,\N,\N,\N,\N,81
12155,503,177,56,21,0,\N,F,24,0,0,\N,\N,\N,\N,\N,\N,81
12156,503,217,34,6,0,\N,F,25,0,0,\N,\N,\N,\N,\N,\N,81
12157,503,227,57,14,0,\N,F,26,0,0,\N,\N,\N,\N,\N,\N,81
12158,503,225,58,18,0,\N,F,27,0,0,\N,\N,\N,\N,\N,\N,81
12159,504,178,3,27,4,1,1,1,9,54,1:32:43.4,5563400,\N,\N,\N,\N,1
12160,504,202,27,25,3,2,2,2,6,54,+4.52,5567920,\N,\N,\N,\N,1
12161,504,172,27,26,1,3,3,3,4,54,+30.26,5593660,\N,\N,\N,\N,1
12162,504,137,34,5,8,4,4,4,3,54,+1:14.88,5638280,\N,\N,\N,\N,1
12163,504,163,4,16,2,5,5,5,2,54,+1:16.15,5639550,\N,\N,\N,\N,1
12164,504,199,3,28,5,6,6,6,1,54,+1:16.74,5640140,\N,\N,\N,\N,1
12165,504,187,1,7,13,7,7,7,0,53,\N,\N,\N,\N,\N,\N,11
12166,504,203,6,2,17,8,8,8,0,53,\N,\N,\N,\N,\N,\N,11
12167,504,119,21,29,18,9,9,9,0,53,\N,\N,\N,\N,\N,\N,11
12168,504,200,21,30,15,10,10,10,0,53,\N,\N,\N,\N,\N,\N,11
12169,504,206,25,4,20,11,11,11,0,52,\N,\N,\N,\N,\N,\N,12
12170,504,222,6,1,19,12,12,12,0,52,\N,\N,\N,\N,\N,\N,12
12171,504,224,56,20,24,\N,R,13,0,50,\N,\N,\N,\N,\N,\N,5
12172,504,197,25,3,16,\N,R,14,0,50,\N,\N,\N,\N,\N,\N,14
12173,504,158,45,31,21,\N,R,15,0,43,\N,\N,\N,\N,\N,\N,5
12174,504,176,54,9,11,\N,R,16,0,26,\N,\N,\N,\N,\N,\N,6
12175,504,221,51,22,10,\N,R,17,0,25,\N,\N,\N,\N,\N,\N,64
12176,504,207,32,11,12,\N,R,18,0,18,\N,\N,\N,\N,\N,\N,6
12177,504,177,56,21,23,\N,R,19,0,8,\N,\N,\N,\N,\N,\N,20
12178,504,152,51,23,9,\N,R,20,0,8,\N,\N,\N,\N,\N,\N,64
12179,504,117,1,8,7,\N,R,21,0,6,\N,\N,\N,\N,\N,\N,7
12180,504,173,32,12,14,\N,R,22,0,3,\N,\N,\N,\N,\N,\N,8
12181,504,219,4,15,6,\N,R,23,0,0,\N,\N,\N,\N,\N,\N,7
12182,504,217,34,6,22,\N,R,24,0,0,\N,\N,\N,\N,\N,\N,8
12183,504,209,58,17,0,\N,F,25,0,0,\N,\N,\N,\N,\N,\N,81
12184,504,136,57,14,0,\N,F,26,0,0,\N,\N,\N,\N,\N,\N,81
12185,504,225,58,18,0,\N,F,27,0,0,\N,\N,\N,\N,\N,\N,81
12186,505,178,3,27,3,1,1,1,9,76,1:34:49.228,5689228,\N,\N,\N,\N,1
12187,505,137,34,5,5,2,2,2,6,76,+11.007,5700235,\N,\N,\N,\N,1
12188,505,199,3,28,4,3,3,3,4,76,+13.285,5702513,\N,\N,\N,\N,1
12189,505,206,25,4,10,4,4,4,3,75,\N,\N,\N,\N,\N,\N,11
12190,505,197,25,3,11,5,5,5,2,75,\N,\N,\N,\N,\N,\N,11
12191,505,117,1,8,7,6,6,6,1,75,\N,\N,\N,\N,\N,\N,11
12192,505,212,34,6,17,7,7,7,0,74,\N,\N,\N,\N,\N,\N,12
12193,505,187,1,7,12,8,8,8,0,74,\N,\N,\N,\N,\N,\N,5
12194,505,119,21,29,21,9,9,9,0,73,\N,\N,\N,\N,\N,\N,13
12195,505,222,6,1,23,10,10,10,0,73,\N,\N,\N,\N,\N,\N,13
12196,505,211,3,50,18,11,11,11,0,73,\N,\N,\N,\N,\N,\N,13
12197,505,224,56,20,22,12,12,12,0,72,\N,\N,\N,\N,\N,\N,14
12198,505,200,21,30,24,13,13,13,0,69,\N,\N,\N,\N,\N,\N,17
12199,505,163,4,16,16,\N,N,14,0,67,\N,\N,\N,\N,\N,\N,62
12200,505,202,27,25,1,\N,R,15,0,63,\N,\N,\N,\N,\N,\N,27
12201,505,176,54,9,15,\N,R,16,0,59,\N,\N,\N,\N,\N,\N,5
12202,505,207,32,11,9,\N,R,17,0,57,\N,\N,\N,\N,\N,\N,6
12203,505,152,51,23,6,\N,R,18,0,42,\N,\N,\N,\N,\N,\N,20
12204,505,203,6,2,19,\N,R,19,0,35,\N,\N,\N,\N,\N,\N,5
12205,505,172,27,26,2,\N,R,20,0,30,\N,\N,\N,\N,\N,\N,27
12206,505,221,51,22,8,\N,R,21,0,27,\N,\N,\N,\N,\N,\N,5
12207,505,158,45,31,20,\N,R,22,0,17,\N,\N,\N,\N,\N,\N,22
12208,505,173,32,12,14,\N,R,23,0,16,\N,\N,\N,\N,\N,\N,22
12209,505,219,4,15,13,\N,R,24,0,4,\N,\N,\N,\N,\N,\N,5
12210,505,136,57,14,0,\N,F,25,0,0,\N,\N,\N,\N,\N,\N,81
12211,505,177,56,21,0,\N,F,26,0,0,\N,\N,\N,\N,\N,\N,81
12212,505,228,3,43,0,\N,F,27,0,0,\N,\N,\N,\N,\N,\N,81
12213,506,172,27,26,5,1,1,1,9,45,1:23:59.73,5039730,\N,\N,\N,\N,1
12214,506,199,3,28,4,2,2,2,6,45,+3.19,5042920,\N,\N,\N,\N,1
12215,506,178,3,27,1,3,3,3,4,45,+43.53,5083260,\N,\N,\N,\N,1
12216,506,137,34,5,6,4,4,4,3,45,+44.48,5084210,\N,\N,\N,\N,1
12217,506,152,51,23,19,5,5,5,2,45,+1:16.49,5116220,\N,\N,\N,\N,1
12218,506,203,6,2,16,6,6,6,1,45,+1:28.72,5128450,\N,\N,\N,\N,1
12219,506,207,32,11,9,7,7,7,0,45,+1:33.01,5132740,\N,\N,\N,\N,1
12220,506,200,21,30,17,8,8,8,0,45,+1:47.75,5147480,\N,\N,\N,\N,1
12221,506,119,21,29,10,9,9,9,0,44,\N,\N,\N,\N,\N,\N,11
12222,506,206,25,4,22,10,10,10,0,44,\N,\N,\N,\N,\N,\N,11
12223,506,117,1,8,14,11,11,11,0,44,\N,\N,\N,\N,\N,\N,11
12224,506,176,54,9,13,12,12,12,0,44,\N,\N,\N,\N,\N,\N,11
12225,506,222,6,1,21,13,13,13,0,44,\N,\N,\N,\N,\N,\N,11
12226,506,136,57,14,24,14,14,14,0,44,\N,\N,\N,\N,\N,\N,11
12227,506,197,25,3,23,15,15,15,0,44,\N,\N,\N,\N,\N,\N,11
12228,506,173,32,12,11,16,16,16,0,43,\N,\N,\N,\N,\N,\N,67
12229,506,187,1,7,20,\N,R,17,0,39,\N,\N,\N,\N,\N,\N,5
12230,506,219,4,15,2,\N,R,18,0,27,\N,\N,\N,\N,\N,\N,5
12231,506,163,4,16,3,\N,R,19,0,26,\N,\N,\N,\N,\N,\N,5
12232,506,158,45,31,18,\N,R,20,0,23,\N,\N,\N,\N,\N,\N,6
12233,506,202,27,25,7,\N,R,21,0,18,\N,\N,\N,\N,\N,\N,7
12234,506,224,56,20,12,\N,R,22,0,18,\N,\N,\N,\N,\N,\N,23
12235,506,177,56,21,8,\N,R,23,0,8,\N,\N,\N,\N,\N,\N,67
12236,506,212,34,6,15,\N,R,24,0,4,\N,\N,\N,\N,\N,\N,6
12237,506,211,3,50,0,\N,F,25,0,0,\N,\N,\N,\N,\N,\N,81
12238,506,229,54,10,0,\N,F,26,0,0,\N,\N,\N,\N,\N,\N,81
12239,507,219,4,15,2,1,1,1,9,54,1:26:15.73,5175730,\N,\N,\N,\N,1
12240,507,178,3,27,3,2,2,2,6,54,+0.82,5176550,\N,\N,\N,\N,1
12241,507,199,3,28,4,3,3,3,4,54,+19.36,5195090,\N,\N,\N,\N,1
12242,507,172,27,26,5,4,4,4,3,54,+42.02,5217750,\N,\N,\N,\N,1
12243,507,137,34,5,7,5,5,5,2,54,+1:02.81,5238540,\N,\N,\N,\N,1
12244,507,173,32,12,9,6,6,6,1,54,+1:14.97,5238540,\N,\N,\N,\N,1
12245,507,117,1,8,12,7,7,7,0,54,+1:33.41,5269140,\N,\N,\N,\N,1
12246,507,203,6,2,15,8,8,8,0,53,\N,\N,\N,\N,\N,\N,11
12247,507,163,4,16,1,9,9,9,0,53,\N,\N,\N,\N,\N,\N,11
12248,507,212,34,6,14,10,10,10,0,53,\N,\N,\N,\N,\N,\N,11
12249,507,224,56,20,23,11,11,11,0,53,\N,\N,\N,\N,\N,\N,11
12250,507,176,54,9,16,12,12,12,0,53,\N,\N,\N,\N,\N,\N,11
12251,507,222,6,1,22,13,13,13,0,53,\N,\N,\N,\N,\N,\N,11
12252,507,119,21,29,18,14,14,14,0,53,\N,\N,\N,\N,\N,\N,11
12253,507,211,3,50,20,15,15,15,0,52,\N,\N,\N,\N,\N,\N,12
12254,507,177,56,21,11,16,16,16,0,52,\N,\N,\N,\N,\N,\N,12
12255,507,95,32,43,24,\N,R,17,0,40,\N,\N,\N,\N,\N,\N,5
12256,507,187,1,7,21,\N,R,18,0,34,\N,\N,\N,\N,\N,\N,5
12257,507,152,51,23,8,\N,R,19,0,28,\N,\N,\N,\N,\N,\N,36
12258,507,202,27,25,13,\N,R,20,0,25,\N,\N,\N,\N,\N,\N,64
12259,507,197,25,3,6,\N,R,21,0,25,\N,\N,\N,\N,\N,\N,10
12260,507,158,45,31,19,\N,R,22,0,23,\N,\N,\N,\N,\N,\N,67
12261,507,206,25,4,10,\N,R,23,0,12,\N,\N,\N,\N,\N,\N,23
12262,507,207,32,11,17,\N,R,24,0,6,\N,\N,\N,\N,\N,\N,5
12263,507,136,57,14,0,\N,F,25,0,0,\N,\N,\N,\N,\N,\N,81
12264,507,200,21,30,0,\N,F,26,0,0,\N,\N,\N,\N,\N,\N,81
12265,508,137,34,5,5,1,1,1,9,72,1:38:13.83,5893830,\N,\N,\N,\N,1
12266,508,163,4,16,1,2,2,2,6,72,+12.93,5906760,\N,\N,\N,\N,1
12267,508,172,27,26,6,3,3,3,4,72,+13.43,5907260,\N,\N,\N,\N,1
12268,508,199,3,28,3,4,4,4,3,72,+15.29,5909120,\N,\N,\N,\N,1
12269,508,197,25,3,17,5,5,5,2,72,+1:00.02,5953850,\N,\N,\N,\N,1
12270,508,117,1,8,18,6,6,6,1,72,+1:22.62,5976450,\N,\N,\N,\N,1
12271,508,203,6,2,7,7,7,7,0,71,\N,\N,\N,\N,\N,\N,11
12272,508,207,32,11,10,8,8,8,0,70,\N,\N,\N,\N,\N,\N,60
12273,508,222,6,1,12,9,9,9,0,70,\N,\N,\N,\N,\N,\N,12
12274,508,176,54,9,20,10,10,10,0,69,\N,\N,\N,\N,\N,\N,13
12275,508,178,3,27,4,11,11,11,0,69,\N,\N,\N,\N,\N,\N,13
12276,508,206,25,4,23,\N,R,12,0,60,\N,\N,\N,\N,\N,\N,23
12277,508,152,51,23,8,\N,R,13,0,58,\N,\N,\N,\N,\N,\N,3
12278,508,158,45,31,19,\N,R,14,0,38,\N,\N,\N,\N,\N,\N,5
12279,508,119,21,29,14,\N,R,15,0,29,\N,\N,\N,\N,\N,\N,5
12280,508,219,4,15,2,\N,R,16,0,23,\N,\N,\N,\N,\N,\N,64
12281,508,230,51,22,22,\N,R,17,0,21,\N,\N,\N,\N,\N,\N,3
12282,508,209,57,41,24,\N,R,18,0,21,\N,\N,\N,\N,\N,\N,3
12283,508,187,1,7,9,\N,R,19,0,18,\N,\N,\N,\N,\N,\N,5
12284,508,224,56,20,21,\N,R,20,0,16,\N,\N,\N,\N,\N,\N,23
12285,508,95,32,43,16,\N,R,21,0,15,\N,\N,\N,\N,\N,\N,23
12286,508,173,32,12,11,\N,R,22,0,2,\N,\N,\N,\N,\N,\N,3
12287,508,202,27,25,15,\N,R,23,0,2,\N,\N,\N,\N,\N,\N,3
12288,508,212,34,6,13,\N,R,24,0,1,\N,\N,\N,\N,\N,\N,6
12289,508,211,3,50,0,\N,F,25,0,0,\N,\N,\N,\N,\N,\N,81
12290,508,136,57,14,0,\N,F,26,0,0,\N,\N,\N,\N,\N,\N,81
12291,508,191,21,30,0,\N,F,27,0,0,\N,\N,\N,\N,\N,\N,81
12292,508,177,56,21,0,\N,F,28,0,0,\N,\N,\N,\N,\N,\N,81
12293,508,200,21,30,0,\N,W,29,0,0,\N,\N,\N,\N,\N,\N,54
12294,509,137,34,5,5,1,1,1,9,60,1:38:07.52,5887520,\N,\N,\N,\N,1
12295,509,178,3,27,6,2,2,2,6,60,+28.93,5916450,\N,\N,\N,\N,1
12296,509,199,3,28,3,3,3,3,4,60,+1:13.67,5961190,\N,\N,\N,\N,1
12297,509,173,32,12,18,4,4,4,3,59,\N,\N,\N,\N,\N,\N,11
12298,509,177,56,21,11,5,5,5,2,59,\N,\N,\N,\N,\N,\N,11
12299,509,202,27,25,13,6,6,6,1,59,\N,\N,\N,\N,\N,\N,11
12300,509,117,1,8,24,7,7,7,0,59,\N,\N,\N,\N,\N,\N,11
12301,509,222,6,1,16,8,8,8,0,59,\N,\N,\N,\N,\N,\N,11
12302,509,172,27,26,20,9,9,9,0,59,\N,\N,\N,\N,\N,\N,11
12303,509,163,4,16,1,10,10,10,0,58,\N,\N,\N,\N,\N,\N,12
12304,509,211,3,50,21,11,11,11,0,58,\N,\N,\N,\N,\N,\N,12
12305,509,158,45,31,17,12,12,12,0,57,\N,\N,\N,\N,\N,\N,13
12306,509,197,25,3,12,13,13,13,0,54,\N,\N,\N,\N,\N,\N,23
12307,509,219,4,15,2,\N,R,14,0,53,\N,\N,\N,\N,\N,\N,6
12308,509,176,54,9,23,\N,R,15,0,45,\N,\N,\N,\N,\N,\N,5
12309,509,207,32,11,10,\N,R,16,0,40,\N,\N,\N,\N,\N,\N,5
12310,509,119,21,29,7,\N,R,17,0,38,\N,\N,\N,\N,\N,\N,5
12311,509,206,25,4,22,\N,R,18,0,33,\N,\N,\N,\N,\N,\N,3
12312,509,187,1,7,14,\N,R,19,0,20,\N,\N,\N,\N,\N,\N,67
12313,509,212,34,6,9,\N,R,20,0,18,\N,\N,\N,\N,\N,\N,22
12314,509,224,56,20,15,\N,R,21,0,17,\N,\N,\N,\N,\N,\N,3
12315,509,203,6,2,8,\N,R,22,0,5,\N,\N,\N,\N,\N,\N,29
12316,509,152,51,23,4,\N,R,23,0,5,\N,\N,\N,\N,\N,\N,29
12317,509,230,51,22,19,\N,R,24,0,4,\N,\N,\N,\N,\N,\N,20
12318,509,95,32,43,0,\N,F,25,0,0,\N,\N,\N,\N,\N,\N,81
12319,509,181,21,30,0,\N,F,26,0,0,\N,\N,\N,\N,\N,\N,81
12320,509,136,57,14,0,\N,F,27,0,0,\N,\N,\N,\N,\N,\N,81
12321,509,209,57,41,0,\N,F,28,0,0,\N,\N,\N,\N,\N,\N,81
12322,510,178,3,27,2,1,1,1,9,70,1:46:45.53,6405530,\N,\N,\N,\N,1
12323,510,199,3,28,5,2,2,2,6,70,+15.54,6421070,\N,\N,\N,\N,1
12324,510,202,27,25,3,3,3,3,4,70,+19.07,6424600,\N,\N,\N,\N,1
12325,510,187,1,7,7,4,4,4,3,70,+30.98,6436510,\N,\N,\N,\N,1
12326,510,203,6,2,22,5,5,5,2,70,+55.23,6460760,\N,\N,\N,\N,1
12327,510,212,34,6,10,6,6,6,1,69,\N,\N,\N,\N,\N,\N,11
12328,510,197,25,3,15,7,7,7,0,69,\N,\N,\N,\N,\N,\N,11
12329,510,172,27,26,9,8,8,8,0,68,\N,\N,\N,\N,\N,\N,60
12330,510,177,56,21,6,9,9,9,0,68,\N,\N,\N,\N,\N,\N,12
12331,510,173,32,12,17,10,10,10,0,68,\N,\N,\N,\N,\N,\N,12
12332,510,200,21,30,21,11,11,11,0,67,\N,\N,\N,\N,\N,\N,13
12333,510,136,57,14,19,12,12,12,0,66,\N,\N,\N,\N,\N,\N,14
12334,510,117,1,8,12,\N,R,13,0,41,\N,\N,\N,\N,\N,\N,22
12335,510,163,4,16,23,\N,R,14,0,39,\N,\N,\N,\N,\N,\N,23
12336,510,219,4,15,13,\N,R,15,0,25,\N,\N,\N,\N,\N,\N,22
12337,510,137,34,5,1,\N,R,16,0,23,\N,\N,\N,\N,\N,\N,5
12338,510,207,32,11,18,\N,R,17,0,11,\N,\N,\N,\N,\N,\N,5
12339,510,110,51,22,8,\N,R,18,0,8,\N,\N,\N,\N,\N,\N,5
12340,510,158,45,31,14,\N,R,19,0,8,\N,\N,\N,\N,\N,\N,69
12341,510,224,56,20,16,\N,R,20,0,8,\N,\N,\N,\N,\N,\N,6
12342,510,152,51,23,4,\N,R,21,0,7,\N,\N,\N,\N,\N,\N,83
12343,510,119,21,29,11,\N,R,22,0,6,\N,\N,\N,\N,\N,\N,3
12344,510,206,25,4,20,\N,R,23,0,0,\N,\N,\N,\N,\N,\N,3
12345,510,191,25,43,24,\N,R,24,0,0,\N,\N,\N,\N,\N,\N,3
12346,510,176,54,9,0,\N,F,25,0,0,\N,\N,\N,\N,\N,\N,81
12347,510,222,6,1,0,\N,F,26,0,0,\N,\N,\N,\N,\N,\N,81
12348,510,211,3,50,0,\N,F,27,0,0,\N,\N,\N,\N,\N,\N,81
12349,510,214,3,51,0,\N,F,28,0,0,\N,\N,\N,\N,\N,\N,81
12350,511,178,3,27,5,1,1,1,9,59,1:34:36.05,5676050,\N,\N,\N,\N,1
12351,511,199,3,28,3,2,2,2,6,59,+4.21,5680260,\N,\N,\N,\N,1
12352,511,202,27,25,7,3,3,3,4,59,+12.57,5688620,\N,\N,\N,\N,1
12353,511,173,32,12,4,4,4,4,3,59,+29.69,5705740,\N,\N,\N,\N,1
12354,511,172,27,26,12,5,5,5,2,58,\N,\N,\N,\N,\N,\N,11
12355,511,207,32,11,11,6,6,6,1,58,\N,\N,\N,\N,\N,\N,11
12356,511,163,4,16,6,7,7,7,0,58,\N,\N,\N,\N,\N,\N,11
12357,511,176,54,9,17,8,8,8,0,57,\N,\N,\N,\N,\N,\N,12
12358,511,211,3,50,15,9,9,9,0,57,\N,\N,\N,\N,\N,\N,12
12359,511,177,56,21,14,10,10,10,0,57,\N,\N,\N,\N,\N,\N,12
12360,511,222,6,1,23,11,11,11,0,56,\N,\N,\N,\N,\N,\N,13
12361,511,187,1,7,9,\N,N,12,0,50,\N,\N,\N,\N,\N,\N,19
12362,511,203,6,2,18,\N,R,13,0,49,\N,\N,\N,\N,\N,\N,3
12363,511,197,25,3,22,\N,N,14,0,40,\N,\N,\N,\N,\N,\N,62
12364,511,200,21,30,24,\N,R,15,0,36,\N,\N,\N,\N,\N,\N,7
12365,511,152,51,23,1,\N,R,16,0,31,\N,\N,\N,\N,\N,\N,10
12366,511,137,34,5,2,\N,R,17,0,25,\N,\N,\N,\N,\N,\N,20
12367,511,212,34,6,8,\N,R,18,0,20,\N,\N,\N,\N,\N,\N,5
12368,511,158,45,31,16,\N,R,19,0,20,\N,\N,\N,\N,\N,\N,22
12369,511,119,21,29,20,\N,R,20,0,16,\N,\N,\N,\N,\N,\N,20
12370,511,136,57,14,25,\N,R,21,0,16,\N,\N,\N,\N,\N,\N,38
12371,511,224,56,20,19,\N,R,22,0,15,\N,\N,\N,\N,\N,\N,22
12372,511,206,25,4,21,\N,R,23,0,3,\N,\N,\N,\N,\N,\N,20
12373,511,110,51,22,10,\N,R,24,0,2,\N,\N,\N,\N,\N,\N,3
12374,511,117,1,8,13,\N,W,25,0,0,\N,\N,\N,\N,\N,\N,54
12375,511,191,25,43,0,\N,F,26,0,0,\N,\N,\N,\N,\N,\N,81
12376,511,209,3,51,0,\N,F,27,0,0,\N,\N,\N,\N,\N,\N,81
12377,512,172,27,26,1,1,1,1,9,53,1:36:03.21,5763210,\N,\N,\N,\N,1
12378,512,199,32,2,3,2,2,2,6,53,+14.94,5778150,\N,\N,\N,\N,1
12379,512,187,1,7,6,3,3,3,4,53,+1:28.81,5852020,\N,\N,\N,\N,1
12380,512,221,27,25,2,4,4,4,3,53,+1:41.72,5864930,\N,\N,\N,\N,1
12381,512,207,32,1,7,5,5,5,2,52,\N,\N,\N,\N,\N,\N,11
12382,512,224,56,14,11,6,6,6,1,52,\N,\N,\N,\N,\N,\N,11
12383,512,173,58,18,16,7,7,7,0,52,\N,\N,\N,\N,\N,\N,11
12384,512,200,21,30,14,8,8,8,0,51,\N,\N,\N,\N,\N,\N,12
12385,512,178,3,27,15,9,9,9,0,51,\N,\N,\N,\N,\N,\N,12
12386,512,223,3,28,17,10,10,10,0,51,\N,\N,\N,\N,\N,\N,12
12387,512,206,57,22,24,11,11,11,0,51,\N,\N,\N,\N,\N,\N,12
12388,512,203,6,12,10,\N,R,12,0,48,\N,\N,\N,\N,\N,\N,5
12389,512,212,32,31,19,\N,R,13,0,46,\N,\N,\N,\N,\N,\N,22
12390,512,136,58,17,21,\N,R,14,0,42,\N,\N,\N,\N,\N,\N,7
12391,512,231,59,20,18,\N,R,15,0,41,\N,\N,\N,\N,\N,\N,10
12392,512,197,25,4,4,\N,R,16,0,15,\N,\N,\N,\N,\N,\N,5
12393,512,219,4,15,12,\N,R,17,0,15,\N,\N,\N,\N,\N,\N,5
12394,512,182,204,5,23,\N,R,18,0,8,\N,\N,\N,\N,\N,\N,69
12395,512,163,4,16,25,\N,R,19,0,6,\N,\N,\N,\N,\N,\N,5
12396,512,222,6,11,5,\N,R,20,0,0,\N,\N,\N,\N,\N,\N,4
12397,512,202,25,3,8,\N,R,21,0,0,\N,\N,\N,\N,\N,\N,4
12398,512,175,1,8,9,\N,R,22,0,0,\N,\N,\N,\N,\N,\N,4
12399,512,137,204,6,20,\N,R,23,0,0,\N,\N,\N,\N,\N,\N,4
12400,512,232,60,24,22,\N,R,24,0,0,\N,\N,\N,\N,\N,\N,4
12401,512,119,21,29,13,\N,W,25,0,0,\N,\N,\N,\N,\N,\N,3
12402,512,233,54,9,0,\N,W,26,0,0,\N,\N,\N,\N,\N,\N,54
12403,513,172,27,26,1,1,1,1,9,40,1:40:09.64,6009640,\N,\N,\N,\N,1
12404,513,221,27,25,2,2,2,2,6,40,+5.28,6014920,\N,\N,\N,\N,1
12405,513,199,32,2,3,3,3,3,4,40,+44.14,6053780,\N,\N,\N,\N,1
12406,513,202,25,3,8,4,4,4,3,40,+1:25.88,6095520,\N,\N,\N,\N,1
12407,513,203,6,12,5,5,5,5,2,39,\N,\N,\N,\N,\N,\N,11
12408,513,222,6,11,6,6,6,6,1,39,\N,\N,\N,\N,\N,\N,11
12409,513,200,21,30,19,7,7,7,0,39,\N,\N,\N,\N,\N,\N,11
12410,513,187,1,7,14,8,8,8,0,39,\N,\N,\N,\N,\N,\N,11
12411,513,119,21,29,16,9,9,9,0,39,\N,\N,\N,\N,\N,\N,11
12412,513,219,4,15,7,10,10,10,0,39,\N,\N,\N,\N,\N,\N,11
12413,513,224,56,14,9,11,11,11,0,39,\N,\N,\N,\N,\N,\N,11
12414,513,173,58,18,20,12,12,12,0,39,\N,\N,\N,\N,\N,\N,11
12415,513,206,57,22,23,13,13,13,0,39,\N,\N,\N,\N,\N,\N,11
12416,513,136,58,17,21,14,14,14,0,39,\N,\N,\N,\N,\N,\N,11
12417,513,223,3,28,17,15,15,15,0,38,\N,\N,\N,\N,\N,\N,12
12418,513,178,3,27,13,\N,R,16,0,33,\N,\N,\N,\N,\N,\N,69
12419,513,233,54,9,24,\N,R,17,0,31,\N,\N,\N,\N,\N,\N,38
12420,513,163,4,16,11,\N,R,18,0,28,\N,\N,\N,\N,\N,\N,20
12421,513,231,59,20,10,\N,R,19,0,7,\N,\N,\N,\N,\N,\N,38
12422,513,175,1,8,18,\N,R,20,0,7,\N,\N,\N,\N,\N,\N,4
12423,513,182,204,5,12,\N,R,21,0,5,\N,\N,\N,\N,\N,\N,6
12424,513,137,204,6,22,\N,R,22,0,5,\N,\N,\N,\N,\N,\N,3
12425,513,207,32,1,4,\N,R,23,0,2,\N,\N,\N,\N,\N,\N,95
12426,513,197,25,4,15,\N,R,24,0,0,\N,\N,\N,\N,\N,\N,10
12427,513,212,32,31,0,\N,F,25,0,0,\N,\N,\N,\N,\N,\N,81
12428,513,232,60,24,0,\N,F,26,0,0,\N,\N,\N,\N,\N,\N,81
12429,514,203,6,12,3,1,1,1,9,78,1:41:49.96,6109960,\N,\N,\N,\N,1
12430,514,222,6,11,2,2,2,2,6,78,+3.42,6113380,\N,\N,\N,\N,1
12431,514,197,25,4,9,3,3,3,4,78,+22.11,6132070,\N,\N,\N,\N,1
12432,514,207,32,1,8,4,4,4,3,78,+27.88,6137840,\N,\N,\N,\N,1
12433,514,199,32,2,11,5,5,5,2,78,+1:06.97,6176930,\N,\N,\N,\N,1
12434,514,182,204,5,4,6,6,6,1,77,\N,\N,\N,\N,\N,\N,11
12435,514,137,204,6,12,7,7,7,0,77,\N,\N,\N,\N,\N,\N,11
12436,514,231,59,20,13,8,8,8,0,77,\N,\N,\N,\N,\N,\N,11
12437,514,223,3,28,22,9,9,9,0,76,\N,\N,\N,\N,\N,\N,12
12438,514,175,1,8,17,10,10,10,0,75,\N,\N,\N,\N,\N,\N,13
12439,514,119,21,29,16,11,11,11,0,75,\N,\N,\N,\N,\N,\N,13
12440,514,200,21,30,20,12,12,12,0,74,\N,\N,\N,\N,\N,\N,14
12441,514,224,56,14,18,13,13,13,0,74,\N,\N,\N,\N,\N,\N,14
12442,514,212,32,31,23,\N,R,14,0,71,\N,\N,\N,\N,\N,\N,5
12443,514,163,4,16,10,\N,R,15,0,67,\N,\N,\N,\N,\N,\N,27
12444,514,178,3,27,19,\N,R,16,0,63,\N,\N,\N,\N,\N,\N,22
12445,514,187,1,7,14,\N,R,17,0,61,\N,\N,\N,\N,\N,\N,80
12446,514,233,54,9,24,\N,R,18,0,57,\N,\N,\N,\N,\N,\N,3
12447,514,219,4,15,1,\N,R,19,0,47,\N,\N,\N,\N,\N,\N,5
12448,514,172,27,26,6,\N,R,20,0,45,\N,\N,\N,\N,\N,\N,3
12449,514,202,25,3,7,\N,R,21,0,25,\N,\N,\N,\N,\N,\N,37
12450,514,173,58,18,15,\N,R,22,0,16,\N,\N,\N,\N,\N,\N,3
12451,514,221,27,25,5,\N,R,23,0,4,\N,\N,\N,\N,\N,\N,3
12452,514,136,58,17,21,\N,R,24,0,2,\N,\N,\N,\N,\N,\N,3
12453,514,206,57,22,0,\N,F,25,0,0,\N,\N,\N,\N,\N,\N,81
12454,514,232,60,24,0,\N,F,26,0,0,\N,\N,\N,\N,\N,\N,81
12455,515,203,6,12,1,1,1,1,9,80,1:50:25.40,6625400,\N,\N,\N,\N,1
12456,515,222,6,11,3,2,2,2,6,80,+29.38,6654780,\N,\N,\N,\N,1
12457,515,178,3,27,10,3,3,3,4,80,+59.69,6685090,\N,\N,\N,\N,1
12458,515,207,32,1,6,4,4,4,3,80,+1:04.33,6689730,\N,\N,\N,\N,1
12459,515,221,27,25,4,5,5,5,2,80,+1:23.52,6708920,\N,\N,\N,\N,1
12460,515,197,25,4,7,6,6,6,1,79,\N,\N,\N,\N,\N,\N,11
12461,515,173,58,18,20,7,7,7,0,78,\N,\N,\N,\N,\N,\N,12
12462,515,137,204,6,12,8,8,8,0,78,\N,\N,\N,\N,\N,\N,12
12463,515,200,21,30,13,9,9,9,0,78,\N,\N,\N,\N,\N,\N,12
12464,515,202,25,3,17,\N,D,10,0,72,\N,\N,\N,\N,\N,\N,2
12465,515,212,32,31,23,\N,R,11,0,71,\N,\N,\N,\N,\N,\N,3
12466,515,206,57,22,24,\N,R,12,0,69,\N,\N,\N,\N,\N,\N,3
12467,515,187,1,7,18,\N,R,13,0,62,\N,\N,\N,\N,\N,\N,98
12468,515,233,54,9,21,\N,D,14,0,49,\N,\N,\N,\N,\N,\N,2
12469,515,223,3,28,15,\N,R,15,0,48,\N,\N,\N,\N,\N,\N,5
12470,515,136,58,17,14,\N,R,16,0,47,\N,\N,\N,\N,\N,\N,22
12471,515,119,21,29,9,\N,R,17,0,40,\N,\N,\N,\N,\N,\N,23
12472,515,199,32,2,2,\N,R,18,0,21,\N,\N,\N,\N,\N,\N,7
12473,515,224,56,14,16,\N,R,19,0,19,\N,\N,\N,\N,\N,\N,7
12474,515,232,60,24,22,\N,R,20,0,13,\N,\N,\N,\N,\N,\N,5
12475,515,172,27,26,5,\N,R,21,0,8,\N,\N,\N,\N,\N,\N,23
12476,515,231,59,20,8,\N,R,22,0,0,\N,\N,\N,\N,\N,\N,7
12477,515,182,204,5,11,\N,R,23,0,0,\N,\N,\N,\N,\N,\N,3
12478,515,175,1,8,19,\N,R,24,0,0,\N,\N,\N,\N,\N,\N,4
12479,515,163,4,16,0,\N,W,25,0,0,\N,\N,\N,\N,\N,\N,54
12480,515,219,4,15,0,\N,W,26,0,0,\N,\N,\N,\N,\N,\N,54
12481,516,221,27,25,2,1,1,1,9,75,1:39:11.84,5951840,\N,\N,\N,\N,1
12482,516,199,32,2,8,2,2,2,6,75,+20.94,5972780,\N,\N,\N,\N,1
12483,516,207,32,1,4,3,3,3,4,75,+27.31,5979150,\N,\N,\N,\N,1
12484,516,222,6,11,5,4,4,4,3,75,+28.68,5980520,\N,\N,\N,\N,1
12485,516,197,25,4,12,5,5,5,2,75,+30.39,5982230,\N,\N,\N,\N,1
12486,516,202,25,3,10,6,6,6,1,75,+48.43,6000270,\N,\N,\N,\N,1
12487,516,203,6,12,3,7,7,7,0,75,+52.31,6004150,\N,\N,\N,\N,1
12488,516,200,21,30,17,8,8,8,0,75,+1:14.84,6026680,\N,\N,\N,\N,1
12489,516,163,4,16,11,9,9,9,0,74,\N,\N,\N,\N,\N,\N,11
12490,516,119,21,29,16,10,10,10,0,74,\N,\N,\N,\N,\N,\N,11
12491,516,224,56,14,19,11,11,11,0,74,\N,\N,\N,\N,\N,\N,11
12492,516,136,58,17,24,12,12,12,0,73,\N,\N,\N,\N,\N,\N,12
12493,516,175,1,8,20,13,13,13,0,72,\N,\N,\N,\N,\N,\N,13
12494,516,233,54,9,21,14,14,14,0,69,\N,\N,\N,\N,\N,\N,16
12495,516,182,204,5,6,\N,R,15,0,63,\N,\N,\N,\N,\N,\N,47
12496,516,212,32,31,23,\N,R,16,0,58,\N,\N,\N,\N,\N,\N,5
12497,516,178,3,27,13,\N,R,17,0,54,\N,\N,\N,\N,\N,\N,6
12498,516,173,58,18,22,\N,R,18,0,52,\N,\N,\N,\N,\N,\N,5
12499,516,223,3,28,14,\N,R,19,0,32,\N,\N,\N,\N,\N,\N,5
12500,516,231,59,20,15,\N,R,20,0,26,\N,\N,\N,\N,\N,\N,23
12501,516,219,4,15,9,\N,R,21,0,21,\N,\N,\N,\N,\N,\N,101
12502,516,187,1,7,18,\N,R,22,0,21,\N,\N,\N,\N,\N,\N,5
12503,516,172,27,26,1,\N,R,23,0,15,\N,\N,\N,\N,\N,\N,5
12504,516,137,204,6,7,\N,R,24,0,15,\N,\N,\N,\N,\N,\N,98
12505,516,206,57,22,0,\N,F,25,0,0,\N,\N,\N,\N,\N,\N,81
12506,516,232,60,24,0,\N,F,26,0,0,\N,\N,\N,\N,\N,\N,81
12507,516,234,61,36,0,\N,F,27,0,0,\N,\N,\N,\N,\N,\N,81
12508,517,222,6,11,7,1,1,1,9,70,1:39:59.53,5999530,\N,\N,\N,\N,1
12509,517,172,27,26,1,2,2,2,6,70,+15.36,6014890,\N,\N,\N,\N,1
12510,517,202,25,3,12,3,3,3,4,70,+35.17,6034700,\N,\N,\N,\N,1
12511,517,199,32,2,10,4,4,4,3,70,+46.49,6046020,\N,\N,\N,\N,1
12512,517,119,21,29,16,5,5,5,2,70,+1:04.31,6063840,\N,\N,\N,\N,1
12513,517,187,1,7,19,6,6,6,1,70,+1:05.85,6065380,\N,\N,\N,\N,1
12514,517,203,6,12,6,7,7,7,0,69,\N,\N,\N,\N,\N,\N,11
12515,517,233,54,9,20,8,8,8,0,69,\N,\N,\N,\N,\N,\N,11
12516,517,224,56,14,23,9,9,9,0,68,\N,\N,\N,\N,\N,\N,12
12517,517,136,58,17,21,10,10,10,0,68,\N,\N,\N,\N,\N,\N,12
12518,517,197,25,4,11,11,11,11,0,67,\N,\N,\N,\N,\N,\N,13
12519,517,221,27,25,2,\N,R,12,0,46,\N,\N,\N,\N,\N,\N,3
12520,517,231,59,20,9,\N,R,13,0,40,\N,\N,\N,\N,\N,\N,3
12521,517,178,3,27,4,\N,R,14,0,39,\N,\N,\N,\N,\N,\N,10
12522,517,207,32,1,5,\N,R,15,0,27,\N,\N,\N,\N,\N,\N,23
12523,517,137,204,6,3,\N,R,16,0,23,\N,\N,\N,\N,\N,\N,5
12524,517,182,204,5,13,\N,R,17,0,23,\N,\N,\N,\N,\N,\N,5
12525,517,163,4,16,18,\N,R,18,0,22,\N,\N,\N,\N,\N,\N,101
12526,517,152,51,35,14,\N,R,19,0,21,\N,\N,\N,\N,\N,\N,3
12527,517,173,58,18,24,\N,R,20,0,21,\N,\N,\N,\N,\N,\N,3
12528,517,200,21,30,22,\N,R,21,0,17,\N,\N,\N,\N,\N,\N,20
12529,517,212,32,31,15,\N,R,22,0,13,\N,\N,\N,\N,\N,\N,7
12530,517,219,4,15,17,\N,R,23,0,13,\N,\N,\N,\N,\N,\N,101
12531,517,223,3,28,8,\N,R,24,0,1,\N,\N,\N,\N,\N,\N,3
12532,517,175,1,8,0,\N,F,25,0,0,\N,\N,\N,\N,\N,\N,81
12533,517,232,60,24,0,\N,F,26,0,0,\N,\N,\N,\N,\N,\N,81
12534,517,206,57,22,0,\N,F,27,0,0,\N,\N,\N,\N,\N,\N,81
12535,517,234,61,36,0,\N,F,28,0,0,\N,\N,\N,\N,\N,\N,81
12536,518,222,6,11,1,1,1,1,9,76,1:55:22.48,6922480,\N,\N,\N,\N,1
12537,518,223,3,28,16,2,2,2,6,76,+0.44,6922920,\N,\N,\N,\N,1
12538,518,199,32,2,11,3,3,3,4,76,+8.57,6931050,\N,\N,\N,\N,1
12539,518,187,1,7,14,4,4,4,3,76,+41.31,6963790,\N,\N,\N,\N,1
12540,518,221,27,25,3,5,5,5,2,75,\N,\N,\N,\N,\N,\N,5
12541,518,200,21,30,8,6,6,6,1,69,\N,\N,\N,\N,\N,\N,17
12542,518,137,204,6,18,\N,R,7,0,68,\N,\N,\N,\N,\N,\N,7
12543,518,219,4,15,20,\N,N,8,0,68,\N,\N,\N,\N,\N,\N,18
12544,518,172,27,26,5,\N,R,9,0,55,\N,\N,\N,\N,\N,\N,6
12545,518,203,6,12,2,\N,R,10,0,54,\N,\N,\N,\N,\N,\N,7
12546,518,178,3,27,9,\N,R,11,0,43,\N,\N,\N,\N,\N,\N,38
12547,518,197,25,4,6,\N,R,12,0,34,\N,\N,\N,\N,\N,\N,22
12548,518,233,54,9,12,\N,R,13,0,30,\N,\N,\N,\N,\N,\N,36
12549,518,182,204,5,4,\N,R,14,0,21,\N,\N,\N,\N,\N,\N,3
12550,518,202,25,3,7,\N,R,15,0,21,\N,\N,\N,\N,\N,\N,3
12551,518,207,32,1,13,\N,R,16,0,21,\N,\N,\N,\N,\N,\N,22
12552,518,224,56,14,17,\N,R,17,0,17,\N,\N,\N,\N,\N,\N,5
12553,518,163,4,16,19,\N,R,18,0,8,\N,\N,\N,\N,\N,\N,3
12554,518,231,59,20,10,\N,R,19,0,4,\N,\N,\N,\N,\N,\N,7
12555,518,119,21,29,15,\N,R,20,0,4,\N,\N,\N,\N,\N,\N,22
12556,518,173,58,18,0,\N,F,21,0,0,\N,\N,\N,\N,\N,\N,81
12557,518,175,1,8,0,\N,F,22,0,0,\N,\N,\N,\N,\N,\N,81
12558,518,136,58,17,0,\N,F,23,0,0,\N,\N,\N,\N,\N,\N,81
12559,518,206,57,22,0,\N,F,24,0,0,\N,\N,\N,\N,\N,\N,81
12560,518,234,60,24,0,\N,F,25,0,0,\N,\N,\N,\N,\N,\N,97
12561,519,219,4,15,1,1,1,1,9,80,1:35:20.42,5720420,\N,\N,\N,\N,1
12562,519,203,6,12,3,2,2,2,6,80,+14.59,5735010,\N,\N,\N,\N,1
12563,519,163,4,16,2,3,3,3,4,80,+14.83,5735250,\N,\N,\N,\N,1
12564,519,178,3,27,7,4,4,4,3,80,+36.61,5757030,\N,\N,\N,\N,1
12565,519,197,25,4,10,5,5,5,2,80,+1:04.51,5784930,\N,\N,\N,\N,1
12566,519,223,3,28,9,6,6,6,1,80,+1:05.51,5785930,\N,\N,\N,\N,1
12567,519,222,6,11,5,7,7,7,0,79,\N,\N,\N,\N,\N,\N,11
12568,519,172,27,26,8,8,8,8,0,79,\N,\N,\N,\N,\N,\N,11
12569,519,177,59,20,16,9,9,9,0,79,\N,\N,\N,\N,\N,\N,11
12570,519,175,1,8,20,10,10,10,0,78,\N,\N,\N,\N,\N,\N,12
12571,519,187,1,7,15,11,11,11,0,78,\N,\N,\N,\N,\N,\N,12
12572,519,212,32,31,23,12,12,12,0,78,\N,\N,\N,\N,\N,\N,12
12573,519,199,32,2,13,13,13,13,0,77,\N,\N,\N,\N,\N,\N,13
12574,519,119,21,29,19,14,14,14,0,77,\N,\N,\N,\N,\N,\N,13
12575,519,200,21,30,22,15,15,15,0,75,\N,\N,\N,\N,\N,\N,15
12576,519,173,58,18,24,16,16,16,0,75,\N,\N,\N,\N,\N,\N,15
12577,519,152,51,35,17,17,17,17,0,75,\N,\N,\N,\N,\N,\N,15
12578,519,136,58,17,21,18,18,18,0,73,\N,\N,\N,\N,\N,\N,17
12579,519,202,25,3,11,\N,R,19,0,71,\N,\N,\N,\N,\N,\N,22
12580,519,224,56,14,18,\N,R,20,0,53,\N,\N,\N,\N,\N,\N,5
12581,519,137,204,6,4,\N,R,21,0,52,\N,\N,\N,\N,\N,\N,3
12582,519,207,32,1,12,\N,R,22,0,51,\N,\N,\N,\N,\N,\N,23
12583,519,235,27,25,14,\N,R,23,0,45,\N,\N,\N,\N,\N,\N,5
12584,519,182,204,5,6,\N,R,24,0,23,\N,\N,\N,\N,\N,\N,20
12585,519,233,54,9,0,\N,W,25,0,0,\N,\N,\N,\N,\N,\N,54
12586,519,236,57,22,0,\N,F,26,0,0,\N,\N,\N,\N,\N,\N,81
12587,519,232,60,24,0,\N,F,27,0,0,\N,\N,\N,\N,\N,\N,81
12588,520,223,3,28,4,1,1,1,9,68,1:26:11.17,5171170,\N,\N,\N,\N,1
12589,520,163,4,16,5,2,2,2,6,68,+24.28,5195450,\N,\N,\N,\N,1
12590,520,197,25,4,16,3,3,3,4,67,\N,\N,\N,\N,\N,\N,11
12591,520,187,1,7,7,4,4,4,3,67,\N,\N,\N,\N,\N,\N,11
12592,520,222,6,11,11,5,5,5,2,67,\N,\N,\N,\N,\N,\N,11
12593,520,235,27,25,17,6,6,6,1,67,\N,\N,\N,\N,\N,\N,11
12594,520,175,1,8,18,7,7,7,0,66,\N,\N,\N,\N,\N,\N,60
12595,520,199,32,2,8,8,8,8,0,66,\N,\N,\N,\N,\N,\N,12
12596,520,212,32,31,26,9,9,9,0,66,\N,\N,\N,\N,\N,\N,12
12597,520,202,25,3,15,10,10,10,0,66,\N,\N,\N,\N,\N,\N,12
12598,520,136,58,17,21,11,11,11,0,65,\N,\N,\N,\N,\N,\N,13
12599,520,173,58,18,12,12,12,12,0,65,\N,\N,\N,\N,\N,\N,13
12600,520,236,57,22,23,13,13,13,0,65,\N,\N,\N,\N,\N,\N,13
12601,520,203,6,12,13,14,14,14,0,63,\N,\N,\N,\N,\N,\N,69
12602,520,119,21,29,19,\N,R,15,0,45,\N,\N,\N,\N,\N,\N,6
12603,520,172,27,26,10,\N,R,16,0,44,\N,\N,\N,\N,\N,\N,5
12604,520,177,59,20,14,\N,R,17,0,44,\N,\N,\N,\N,\N,\N,69
12605,520,178,3,27,1,\N,R,18,0,38,\N,\N,\N,\N,\N,\N,103
12606,520,200,21,30,20,\N,R,19,0,37,\N,\N,\N,\N,\N,\N,6
12607,520,224,56,14,22,\N,R,20,0,25,\N,\N,\N,\N,\N,\N,5
12608,520,219,4,15,2,\N,R,21,0,21,\N,\N,\N,\N,\N,\N,101
12609,520,182,204,5,6,\N,R,22,0,12,\N,\N,\N,\N,\N,\N,23
12610,520,207,32,1,9,\N,R,23,0,3,\N,\N,\N,\N,\N,\N,36
12611,520,137,204,6,3,\N,R,24,0,1,\N,\N,\N,\N,\N,\N,20
12612,520,233,54,9,0,\N,F,25,0,0,\N,\N,\N,\N,\N,\N,81
12613,520,232,60,24,0,\N,F,26,0,0,\N,\N,\N,\N,\N,\N,81
12614,521,178,3,27,2,1,1,1,9,45,1:24:48.83,5088830,\N,\N,\N,\N,1
12615,521,223,3,28,6,2,2,2,6,45,+2.91,5091740,\N,\N,\N,\N,1
12616,521,172,27,26,3,3,3,3,4,45,+18.39,5107220,\N,\N,\N,\N,1
12617,521,222,6,11,5,4,4,4,3,45,+31.20,5120030,\N,\N,\N,\N,1
12618,521,187,1,7,12,5,5,5,2,45,+1:37.80,5186630,\N,\N,\N,\N,1
12619,521,200,21,30,18,6,6,6,1,44,\N,\N,\N,\N,\N,\N,11
12620,521,209,25,4,16,7,7,7,0,44,\N,\N,\N,\N,\N,\N,11
12621,521,203,6,12,9,8,8,8,0,44,\N,\N,\N,\N,\N,\N,11
12622,521,202,25,3,8,9,9,9,0,44,\N,\N,\N,\N,\N,\N,11
12623,521,136,58,17,20,10,10,10,0,44,\N,\N,\N,\N,\N,\N,11
12624,521,173,58,18,21,11,11,11,0,43,\N,\N,\N,\N,\N,\N,12
12625,521,137,204,6,4,12,12,12,0,42,\N,\N,\N,\N,\N,\N,5
12626,521,119,21,29,19,\N,R,13,0,34,\N,\N,\N,\N,\N,\N,27
12627,521,175,1,8,15,\N,R,14,0,30,\N,\N,\N,\N,\N,\N,22
12628,521,177,59,20,17,\N,R,15,0,29,\N,\N,\N,\N,\N,\N,5
12629,521,182,204,5,7,\N,R,16,0,27,\N,\N,\N,\N,\N,\N,5
12630,521,235,27,25,14,\N,R,17,0,24,\N,\N,\N,\N,\N,\N,27
12631,521,212,32,31,24,\N,R,18,0,22,\N,\N,\N,\N,\N,\N,64
12632,521,207,32,1,11,\N,R,19,0,16,\N,\N,\N,\N,\N,\N,7
12633,521,163,4,16,10,\N,R,20,0,9,\N,\N,\N,\N,\N,\N,27
12634,521,219,4,15,1,\N,R,21,0,7,\N,\N,\N,\N,\N,\N,20
12635,521,224,56,14,22,\N,R,22,0,4,\N,\N,\N,\N,\N,\N,10
12636,521,199,32,2,13,\N,R,23,0,1,\N,\N,\N,\N,\N,\N,3
12637,521,233,54,9,23,\N,R,24,0,0,\N,\N,\N,\N,\N,\N,22
12638,521,236,57,22,0,\N,F,25,0,0,\N,\N,\N,\N,\N,\N,81
12639,521,232,60,24,0,\N,F,26,0,0,\N,\N,\N,\N,\N,\N,81
12640,522,178,3,27,2,1,1,1,9,54,1:27:38.01,5258010,\N,\N,\N,\N,1
12641,522,203,6,12,5,2,2,2,6,54,+36.05,5294060,\N,\N,\N,\N,1
12642,522,172,27,26,8,3,3,3,4,54,+46.77,5304780,\N,\N,\N,\N,1
12643,522,222,6,11,9,4,4,4,3,54,+47.21,5305220,\N,\N,\N,\N,1
12644,522,223,3,28,6,5,5,5,2,54,+48.92,5306930,\N,\N,\N,\N,1
12645,522,163,4,16,1,6,6,6,1,53,\N,\N,\N,\N,\N,\N,11
12646,522,202,25,3,10,7,7,7,0,53,\N,\N,\N,\N,\N,\N,11
12647,522,206,25,4,11,8,8,8,0,53,\N,\N,\N,\N,\N,\N,11
12648,522,187,1,7,16,9,9,9,0,53,\N,\N,\N,\N,\N,\N,11
12649,522,175,1,8,14,10,10,10,0,53,\N,\N,\N,\N,\N,\N,11
12650,522,182,204,5,4,\N,R,11,0,45,\N,\N,\N,\N,\N,\N,5
12651,522,236,57,22,24,\N,R,12,0,42,\N,\N,\N,\N,\N,\N,22
12652,522,119,21,29,13,\N,R,13,0,34,\N,\N,\N,\N,\N,\N,22
12653,522,173,58,18,22,\N,R,14,0,34,\N,\N,\N,\N,\N,\N,5
12654,522,137,204,6,7,\N,R,15,0,32,\N,\N,\N,\N,\N,\N,5
12655,522,233,54,9,18,\N,R,16,0,28,\N,\N,\N,\N,\N,\N,5
12656,522,235,27,25,21,\N,R,17,0,26,\N,\N,\N,\N,\N,\N,5
12657,522,199,32,2,17,\N,R,18,0,22,\N,\N,\N,\N,\N,\N,64
12658,522,219,4,15,3,\N,R,19,0,16,\N,\N,\N,\N,\N,\N,6
12659,522,177,59,20,19,\N,R,20,0,15,\N,\N,\N,\N,\N,\N,10
12660,522,224,56,14,12,\N,R,21,0,15,\N,\N,\N,\N,\N,\N,23
12661,522,136,58,17,23,\N,R,22,0,3,\N,\N,\N,\N,\N,\N,3
12662,522,200,21,30,20,\N,R,23,0,1,\N,\N,\N,\N,\N,\N,5
12663,522,207,32,1,15,\N,R,24,0,0,\N,\N,\N,\N,\N,\N,8
12664,522,212,32,31,0,\N,F,25,0,0,\N,\N,\N,\N,\N,\N,81
12665,522,232,60,24,0,\N,F,26,0,0,\N,\N,\N,\N,\N,\N,81
12666,523,178,3,27,2,1,1,1,9,75,1:41:19.775,6079775,\N,\N,\N,\N,1
12667,523,222,6,11,5,2,2,2,6,75,+21.783,6101558,\N,\N,\N,\N,1
12668,523,172,27,26,7,3,3,3,4,75,+1:03.253,6143028,\N,\N,\N,\N,1
12669,523,137,204,6,11,4,4,4,3,74,\N,\N,\N,\N,\N,\N,11
12670,523,235,27,25,20,5,5,5,2,74,\N,\N,\N,\N,\N,\N,11
12671,523,200,21,30,18,6,6,6,1,73,\N,\N,\N,\N,\N,\N,12
12672,523,212,32,31,24,7,7,7,0,73,\N,\N,\N,\N,\N,\N,12
12673,523,202,25,3,10,\N,R,8,0,51,\N,\N,\N,\N,\N,\N,22
12674,523,203,6,12,6,\N,R,9,0,49,\N,\N,\N,\N,\N,\N,27
12675,523,173,58,18,22,\N,R,10,0,40,\N,\N,\N,\N,\N,\N,7
12676,523,177,59,20,8,\N,R,11,0,33,\N,\N,\N,\N,\N,\N,5
12677,523,219,4,15,4,\N,R,12,0,26,\N,\N,\N,\N,\N,\N,8
12678,523,187,1,7,12,\N,R,13,0,22,\N,\N,\N,\N,\N,\N,5
12679,523,197,25,4,16,\N,R,14,0,20,\N,\N,\N,\N,\N,\N,20
12680,523,233,54,9,15,\N,R,15,0,19,\N,\N,\N,\N,\N,\N,7
12681,523,136,58,17,23,\N,R,16,0,12,\N,\N,\N,\N,\N,\N,6
12682,523,207,32,1,17,\N,R,17,0,9,\N,\N,\N,\N,\N,\N,22
12683,523,119,21,29,19,\N,R,18,0,7,\N,\N,\N,\N,\N,\N,23
12684,523,175,1,8,14,\N,R,19,0,6,\N,\N,\N,\N,\N,\N,5
12685,523,182,204,5,9,\N,W,20,0,4,\N,\N,\N,\N,\N,\N,54
12686,523,224,56,14,21,\N,R,21,0,2,\N,\N,\N,\N,\N,\N,10
12687,523,199,32,2,13,\N,R,22,0,1,\N,\N,\N,\N,\N,\N,22
12688,523,163,4,16,1,\N,R,23,0,1,\N,\N,\N,\N,\N,\N,22
12689,523,223,3,28,3,\N,R,24,0,0,\N,\N,\N,\N,\N,\N,3
12690,523,236,57,22,0,\N,F,25,0,0,\N,\N,\N,\N,\N,\N,81
12691,523,232,60,24,0,\N,F,26,0,0,\N,\N,\N,\N,\N,\N,81
12692,524,222,6,11,3,1,1,1,9,50,1:22:00.22,4920220,\N,\N,\N,\N,1
12693,524,203,6,12,5,2,2,2,6,50,+0.46,4920680,\N,\N,\N,\N,1
12694,524,223,3,28,6,3,3,3,4,50,+4.78,4925000,\N,\N,\N,\N,1
12695,524,182,204,5,9,4,4,4,3,50,+54.40,4974620,\N,\N,\N,\N,1
12696,524,207,32,1,10,5,5,5,2,50,+59.70,4979920,\N,\N,\N,\N,1
12697,524,197,25,4,16,6,6,6,1,50,+1:01.55,4981770,\N,\N,\N,\N,1
12698,524,199,32,2,13,7,7,7,0,50,+1:24.14,5004360,\N,\N,\N,\N,1
12699,524,224,56,14,20,8,8,8,0,49,\N,\N,\N,\N,\N,\N,11
12700,524,178,3,27,4,9,9,9,0,49,\N,\N,\N,\N,\N,\N,11
12701,524,202,25,3,12,10,10,10,0,49,\N,\N,\N,\N,\N,\N,11
12702,524,233,54,9,15,11,11,11,0,49,\N,\N,\N,\N,\N,\N,11
12703,524,230,51,36,22,12,12,12,0,49,\N,\N,\N,\N,\N,\N,11
12704,524,119,21,29,17,13,13,13,0,47,\N,\N,\N,\N,\N,\N,13
12705,524,219,4,15,1,14,14,14,0,45,\N,\N,\N,\N,\N,\N,5
12706,524,172,27,26,7,\N,R,15,0,41,\N,\N,\N,\N,\N,\N,5
12707,524,177,59,20,23,\N,R,16,0,41,\N,\N,\N,\N,\N,\N,5
12708,524,235,27,25,11,\N,R,17,0,40,\N,\N,\N,\N,\N,\N,5
12709,524,173,58,18,24,\N,R,18,0,33,\N,\N,\N,\N,\N,\N,8
12710,524,152,51,35,18,\N,R,19,0,28,\N,\N,\N,\N,\N,\N,20
12711,524,163,4,16,2,\N,R,20,0,13,\N,\N,\N,\N,\N,\N,5
12712,524,187,1,7,19,\N,R,21,0,13,\N,\N,\N,\N,\N,\N,3
12713,524,175,1,8,14,\N,R,22,0,3,\N,\N,\N,\N,\N,\N,5
12714,524,200,21,30,21,\N,R,23,0,3,\N,\N,\N,\N,\N,\N,22
12715,524,137,204,6,8,\N,R,24,0,1,\N,\N,\N,\N,\N,\N,3
12716,524,136,58,17,0,\N,F,25,0,0,\N,\N,\N,\N,\N,\N,81
12717,524,176,57,22,0,\N,F,26,0,0,\N,\N,\N,\N,\N,\N,81
12718,524,232,60,24,0,\N,F,27,0,0,\N,\N,\N,\N,\N,\N,81
12719,524,212,62,31,0,\N,F,28,0,0,\N,\N,\N,\N,\N,\N,81
12720,525,178,3,27,1,1,1,1,9,72,1:52:06.892,6726892,\N,\N,\N,\N,1
12721,525,203,6,12,2,2,2,2,6,72,+1.080,6727972,\N,\N,\N,\N,1
12722,525,223,3,28,3,3,3,3,4,72,+1:13.656,6800548,\N,\N,\N,\N,1
12723,525,222,6,11,9,4,4,4,3,71,\N,\N,\N,\N,\N,\N,11
12724,525,202,25,3,6,5,5,5,2,71,\N,\N,\N,\N,\N,\N,11
12725,525,187,1,7,17,6,6,6,1,70,\N,\N,\N,\N,\N,\N,12
12726,525,217,182,5,17,7,7,7,0,68,\N,\N,\N,\N,\N,\N,14
12727,525,224,56,14,15,8,8,8,0,67,\N,\N,\N,\N,\N,\N,15
12728,525,136,58,17,21,9,9,9,0,67,\N,\N,\N,\N,\N,\N,15
12729,525,207,32,1,10,10,10,10,0,66,\N,\N,\N,\N,\N,\N,60
12730,525,137,182,6,4,\N,R,11,0,61,\N,\N,\N,\N,\N,\N,6
12731,525,230,51,36,18,\N,R,12,0,52,\N,\N,\N,\N,\N,\N,69
12732,525,235,27,25,16,\N,R,13,0,47,\N,\N,\N,\N,\N,\N,6
12733,525,197,25,4,13,\N,R,14,0,33,\N,\N,\N,\N,\N,\N,5
12734,525,206,25,33,24,\N,R,15,0,28,\N,\N,\N,\N,\N,\N,5
12735,525,212,62,31,22,\N,R,16,0,26,\N,\N,\N,\N,\N,\N,83
12736,525,219,4,15,7,\N,R,17,0,24,\N,\N,\N,\N,\N,\N,23
12737,525,173,58,18,23,\N,R,18,0,24,\N,\N,\N,\N,\N,\N,80
12738,525,199,32,2,11,\N,R,19,0,23,\N,\N,\N,\N,\N,\N,22
12739,525,119,21,29,14,\N,R,20,0,20,\N,\N,\N,\N,\N,\N,20
12740,525,175,1,8,20,\N,R,21,0,19,\N,\N,\N,\N,\N,\N,5
12741,525,163,4,16,8,\N,R,22,0,14,\N,\N,\N,\N,\N,\N,3
12742,525,233,54,9,12,\N,R,23,0,14,\N,\N,\N,\N,\N,\N,3
12743,525,172,27,26,5,\N,R,24,0,10,\N,\N,\N,\N,\N,\N,5
12744,525,200,21,30,0,\N,F,25,0,0,\N,\N,\N,\N,\N,\N,81
12745,525,176,57,22,0,\N,F,26,0,0,\N,\N,\N,\N,\N,\N,81
12746,525,177,59,20,0,\N,F,27,0,0,\N,\N,\N,\N,\N,\N,81
12747,525,237,56,19,0,\N,F,28,0,0,\N,\N,\N,\N,\N,\N,81
12748,525,232,60,24,0,\N,F,29,0,0,\N,\N,\N,\N,\N,\N,81
12749,525,182,182,5,0,\N,W,30,0,0,\N,\N,\N,\N,\N,\N,54
12750,526,203,6,12,3,1,1,1,9,59,1:52:17.734,6737734,\N,\N,\N,\N,1
12751,526,163,4,16,7,2,2,2,6,59,+48.787,6786521,\N,\N,\N,\N,1
12752,526,202,25,3,10,3,3,3,4,59,+53.199,6790933,\N,\N,\N,\N,1
12753,526,173,58,18,20,4,4,4,3,59,+1:30.512,6828246,\N,\N,\N,\N,1
12754,526,233,54,9,14,5,5,5,2,59,+1:41.259,6838993,\N,\N,\N,\N,1
12755,526,187,1,7,13,6,6,6,1,58,\N,\N,\N,\N,\N,\N,11
12756,526,224,56,14,23,7,7,7,0,54,\N,\N,\N,\N,\N,\N,15
12757,526,137,182,6,2,\N,R,8,0,53,\N,\N,\N,\N,\N,\N,7
12758,526,206,25,33,15,\N,R,9,0,52,\N,\N,\N,\N,\N,\N,20
12759,526,222,6,11,16,\N,R,10,0,48,\N,\N,\N,\N,\N,\N,27
12760,526,119,21,29,19,\N,R,11,0,44,\N,\N,\N,\N,\N,\N,22
12761,526,178,3,27,1,\N,R,12,0,36,\N,\N,\N,\N,\N,\N,36
12762,526,176,57,22,21,\N,R,13,0,32,\N,\N,\N,\N,\N,\N,5
12763,526,223,3,28,5,\N,R,14,0,29,\N,\N,\N,\N,\N,\N,3
12764,526,217,182,5,9,\N,R,15,0,25,\N,\N,\N,\N,\N,\N,20
12765,526,219,4,15,8,\N,R,16,0,24,\N,\N,\N,\N,\N,\N,5
12766,526,177,59,20,12,\N,R,17,0,20,\N,\N,\N,\N,\N,\N,3
12767,526,175,1,8,22,\N,R,18,0,20,\N,\N,\N,\N,\N,\N,5
12768,526,197,25,4,11,\N,R,19,0,18,\N,\N,\N,\N,\N,\N,3
12769,526,207,32,1,17,\N,R,20,0,16,\N,\N,\N,\N,\N,\N,6
12770,526,199,32,2,6,\N,R,21,0,6,\N,\N,\N,\N,\N,\N,20
12771,526,172,27,26,4,\N,R,22,0,3,\N,\N,\N,\N,\N,\N,20
12772,526,235,27,25,24,\N,R,23,0,2,\N,\N,\N,\N,\N,\N,20
12773,526,152,51,35,18,\N,R,24,0,0,\N,\N,\N,\N,\N,\N,20
12774,526,230,51,36,0,\N,F,25,0,0,\N,\N,\N,\N,\N,\N,81
12775,526,200,21,30,0,\N,F,26,0,0,\N,\N,\N,\N,\N,\N,81
12776,526,136,58,17,0,\N,F,27,0,0,\N,\N,\N,\N,\N,\N,81
12777,526,212,62,31,0,\N,F,28,0,0,\N,\N,\N,\N,\N,\N,81
12778,526,237,56,19,0,\N,F,29,0,0,\N,\N,\N,\N,\N,\N,81
12779,526,232,60,24,0,\N,F,30,0,0,\N,\N,\N,\N,\N,\N,81
12780,527,207,32,5,1,1,1,1,9,52,1:37:04.47,5824470,\N,\N,\N,\N,1
12781,527,182,34,1,5,2,2,2,6,52,+13.21,5837680,\N,\N,\N,\N,1
12782,527,221,25,4,10,3,3,3,4,52,+13.64,5838110,\N,\N,\N,\N,1
12783,527,231,1,7,6,4,4,4,3,52,+16.05,5840520,\N,\N,\N,\N,1
12784,527,238,32,6,3,5,5,5,2,52,+1:14.85,5899320,\N,\N,\N,\N,1
12785,527,175,1,8,9,6,6,6,1,52,+1:19.90,5904370,\N,\N,\N,\N,1
12786,527,199,6,11,2,7,7,7,0,52,+1:22.60,5907070,\N,\N,\N,\N,1
12787,527,203,6,12,7,8,8,8,0,52,+1:38.88,5923350,\N,\N,\N,\N,1
12788,527,224,56,14,17,9,9,9,0,52,+1:40.60,5925070,\N,\N,\N,\N,1
12789,527,222,59,20,15,10,10,10,0,52,+1:43.50,5927970,\N,\N,\N,\N,1
12790,527,200,54,9,13,11,11,11,0,52,+1:49.07,5933540,\N,\N,\N,\N,1
12791,527,197,54,10,11,12,12,12,0,51,\N,\N,\N,\N,\N,\N,11
12792,527,239,1,30,24,13,13,13,0,51,\N,\N,\N,\N,\N,\N,11
12793,527,202,25,3,23,14,14,14,0,51,\N,\N,\N,\N,\N,\N,11
12794,527,223,58,17,16,15,15,15,0,51,\N,\N,\N,\N,\N,\N,11
12795,527,172,27,26,8,16,16,16,0,50,\N,\N,\N,\N,\N,\N,5
12796,527,233,58,16,18,17,17,17,0,50,\N,\N,\N,\N,\N,\N,12
12797,527,230,63,19,12,18,18,18,0,50,\N,\N,\N,\N,\N,\N,12
12798,527,187,34,2,4,\N,R,19,0,41,\N,\N,\N,\N,\N,\N,5
12799,527,178,3,27,14,\N,R,20,0,36,\N,\N,\N,\N,\N,\N,69
12800,527,240,57,22,21,\N,R,21,0,35,\N,\N,\N,\N,\N,\N,99
12801,527,241,57,23,22,\N,R,22,0,28,\N,\N,\N,\N,\N,\N,5
12802,527,232,60,37,20,\N,R,23,0,9,\N,\N,\N,\N,\N,\N,24
12803,527,211,63,18,19,\N,R,24,0,4,\N,\N,\N,\N,\N,\N,25
12804,527,212,32,25,0,\N,F,25,0,0,\N,\N,\N,\N,\N,\N,81
12805,527,158,55,32,0,\N,F,26,0,0,\N,\N,\N,\N,\N,\N,81
12806,527,242,64,24,0,\N,F,27,0,0,\N,\N,\N,\N,\N,\N,81
12807,528,199,6,11,4,1,1,1,9,63,1:49:59.86,6599860,\N,\N,\N,\N,1
12808,528,224,56,14,7,2,2,2,6,63,+49.13,6648990,\N,\N,\N,\N,1
12809,528,182,34,1,10,3,3,3,4,63,+57.02,6656880,\N,\N,\N,\N,1
12810,528,207,32,5,3,4,4,4,3,63,+1:33.12,6692980,\N,\N,\N,\N,1
12811,528,223,58,17,15,5,5,5,2,62,\N,\N,\N,\N,\N,\N,11
12812,528,202,25,3,19,6,6,6,1,62,\N,\N,\N,\N,\N,\N,11
12813,528,200,54,9,20,7,7,7,0,62,\N,\N,\N,\N,\N,\N,11
12814,528,187,34,2,21,8,8,8,0,61,\N,\N,\N,\N,\N,\N,12
12815,528,172,27,26,14,9,9,9,0,61,\N,\N,\N,\N,\N,\N,12
12816,528,119,21,36,18,10,10,10,0,59,\N,\N,\N,\N,\N,\N,14
12817,528,178,3,27,8,11,11,11,0,58,\N,\N,\N,\N,\N,\N,15
12818,528,212,32,25,22,\N,R,12,0,40,\N,\N,\N,\N,\N,\N,68
12819,528,203,6,12,6,\N,R,13,0,35,\N,\N,\N,\N,\N,\N,20
12820,528,175,1,8,5,\N,R,14,0,34,\N,\N,\N,\N,\N,\N,20
12821,528,231,1,7,2,\N,R,15,0,25,\N,\N,\N,\N,\N,\N,20
12822,528,233,58,16,9,\N,R,16,0,25,\N,\N,\N,\N,\N,\N,69
12823,528,222,59,20,12,\N,R,17,0,16,\N,\N,\N,\N,\N,\N,3
12824,528,238,32,6,1,\N,R,18,0,15,\N,\N,\N,\N,\N,\N,4
12825,528,240,57,22,23,\N,R,19,0,13,\N,\N,\N,\N,\N,\N,23
12826,528,239,1,30,13,\N,R,20,0,11,\N,\N,\N,\N,\N,\N,25
12827,528,221,25,4,11,\N,R,21,0,8,\N,\N,\N,\N,\N,\N,3
12828,528,211,63,18,24,\N,R,22,0,5,\N,\N,\N,\N,\N,\N,3
12829,528,241,57,23,17,\N,R,23,0,0,\N,\N,\N,\N,\N,\N,7
12830,528,197,54,10,16,\N,W,24,0,0,\N,\N,\N,\N,\N,\N,54
12831,528,232,60,37,0,\N,F,25,0,0,\N,\N,\N,\N,\N,\N,81
12832,528,158,55,32,0,\N,F,26,0,0,\N,\N,\N,\N,\N,\N,81
12833,528,230,63,19,0,\N,F,27,0,0,\N,\N,\N,\N,\N,\N,81
12834,528,242,64,24,0,\N,F,28,0,0,\N,\N,\N,\N,\N,\N,81
12835,529,238,32,6,12,1,1,1,9,78,1:42:15.767,6135767,\N,\N,\N,\N,1
12836,529,221,25,4,11,2,2,2,6,78,+0.466,6136233,\N,\N,\N,\N,1
12837,529,187,34,2,10,3,3,3,4,78,+4.442,6140209,\N,\N,\N,\N,1
12838,529,178,3,27,18,4,4,4,3,78,+30.986,6166753,\N,\N,\N,\N,1
12839,529,172,27,26,13,5,5,5,2,78,+1:09.218,6204985,\N,\N,\N,\N,1
12840,529,202,25,3,14,6,6,6,1,77,\N,\N,\N,\N,\N,\N,11
12841,529,207,32,5,2,7,7,7,0,77,\N,\N,\N,\N,\N,\N,11
12842,529,197,54,10,17,8,8,8,0,77,\N,\N,\N,\N,\N,\N,11
12843,529,243,21,36,22,9,9,9,0,77,\N,\N,\N,\N,\N,\N,11
12844,529,212,32,25,21,10,10,10,0,77,\N,\N,\N,\N,\N,\N,11
12845,529,239,1,30,20,11,11,11,0,76,\N,\N,\N,\N,\N,\N,12
12846,529,230,63,19,19,12,12,12,0,76,\N,\N,\N,\N,\N,\N,12
12847,529,119,21,35,7,\N,R,13,0,63,\N,\N,\N,\N,\N,\N,5
12848,529,222,59,20,5,\N,R,14,0,59,\N,\N,\N,\N,\N,\N,20
12849,529,175,1,8,4,\N,R,15,0,56,\N,\N,\N,\N,\N,\N,3
12850,529,203,6,12,8,\N,R,16,0,55,\N,\N,\N,\N,\N,\N,44
12851,529,199,6,11,9,\N,R,17,0,55,\N,\N,\N,\N,\N,\N,20
12852,529,182,34,1,1,\N,R,18,0,52,\N,\N,\N,\N,\N,\N,5
12853,529,211,63,18,23,\N,R,19,0,52,\N,\N,\N,\N,\N,\N,5
12854,529,200,54,9,15,\N,R,20,0,43,\N,\N,\N,\N,\N,\N,5
12855,529,232,60,37,26,\N,R,21,0,39,\N,\N,\N,\N,\N,\N,22
12856,529,219,4,15,6,\N,R,22,0,38,\N,\N,\N,\N,\N,\N,5
12857,529,177,55,32,24,\N,R,23,0,15,\N,\N,\N,\N,\N,\N,8
12858,529,224,56,14,16,\N,R,24,0,9,\N,\N,\N,\N,\N,\N,7
12859,529,158,64,24,25,\N,R,25,0,8,\N,\N,\N,\N,\N,\N,44
12860,529,231,1,7,3,\N,R,26,0,5,\N,\N,\N,\N,\N,\N,5
12861,529,163,65,31,0,\N,F,27,0,0,\N,\N,\N,\N,\N,\N,81
12862,529,223,58,17,0,\N,F,28,0,0,\N,\N,\N,\N,\N,\N,81
12863,529,241,57,23,0,\N,F,29,0,0,\N,\N,\N,\N,\N,\N,81
12864,529,233,58,16,0,\N,F,30,0,0,\N,\N,\N,\N,\N,\N,81
12865,530,199,6,11,1,1,1,1,9,80,1:52:01.301,6721301,\N,\N,\N,\N,1
12866,530,207,32,5,4,2,2,2,6,80,+11.061,6732362,\N,\N,\N,\N,1
12867,530,221,25,4,12,3,3,3,4,80,+28.951,6750252,\N,\N,\N,\N,1
12868,530,238,32,6,6,4,4,4,3,80,+45.603,6766904,\N,\N,\N,\N,1
12869,530,172,27,26,14,5,5,5,2,80,+1:22.884,6804185,\N,\N,\N,\N,1
12870,530,119,21,35,9,6,6,6,1,79,\N,\N,\N,\N,\N,\N,11
12871,530,178,3,27,8,7,7,7,0,79,\N,\N,\N,\N,\N,\N,11
12872,530,224,56,14,15,8,8,8,0,79,\N,\N,\N,\N,\N,\N,11
12873,530,243,21,36,18,9,9,9,0,79,\N,\N,\N,\N,\N,\N,11
12874,530,223,58,17,20,10,10,10,0,79,\N,\N,\N,\N,\N,\N,11
12875,530,197,54,10,19,11,11,11,0,75,\N,\N,\N,\N,\N,\N,15
12876,530,175,1,8,11,12,12,12,0,74,\N,\N,\N,\N,\N,\N,3
12877,530,222,59,20,10,\N,R,13,0,59,\N,\N,\N,\N,\N,\N,3
12878,530,230,63,19,17,\N,R,14,0,50,\N,\N,\N,\N,\N,\N,7
12879,530,219,4,15,13,\N,R,15,0,43,\N,\N,\N,\N,\N,\N,101
12880,530,203,6,12,2,\N,R,16,0,38,\N,\N,\N,\N,\N,\N,3
12881,530,182,34,1,3,\N,R,17,0,27,\N,\N,\N,\N,\N,\N,80
12882,530,202,25,3,22,\N,R,18,0,25,\N,\N,\N,\N,\N,\N,6
12883,530,232,60,37,21,\N,R,19,0,17,\N,\N,\N,\N,\N,\N,6
12884,530,200,54,9,16,\N,R,20,0,11,\N,\N,\N,\N,\N,\N,23
12885,530,187,34,2,5,\N,R,21,0,9,\N,\N,\N,\N,\N,\N,6
12886,530,231,1,7,7,\N,R,22,0,5,\N,\N,\N,\N,\N,\N,3
12887,530,211,63,18,0,\N,W,23,0,0,\N,\N,\N,\N,\N,\N,3
12888,530,233,58,16,0,\N,W,24,0,0,\N,\N,\N,\N,\N,\N,3
12889,530,239,1,30,0,\N,F,25,0,0,\N,\N,\N,\N,\N,\N,81
12890,530,241,57,22,0,\N,F,26,0,0,\N,\N,\N,\N,\N,\N,81
12891,530,177,55,32,0,\N,F,27,0,0,\N,\N,\N,\N,\N,\N,97
12892,530,212,32,25,0,\N,F,28,0,0,\N,\N,\N,\N,\N,\N,97
12893,530,240,58,39,0,\N,F,29,0,0,\N,\N,\N,\N,\N,\N,97
12894,530,206,64,24,0,\N,F,30,0,0,\N,\N,\N,\N,\N,\N,97
12895,531,221,25,4,5,1,1,1,9,75,1:55:14.66,6914660,\N,\N,\N,\N,1
12896,531,182,34,1,3,2,2,2,6,75,+22.45,6937110,\N,\N,\N,\N,1
12897,531,222,59,20,9,3,3,3,4,75,+32.29,6946950,\N,\N,\N,\N,1
12898,531,187,34,2,2,4,4,4,3,75,+33.53,6948190,\N,\N,\N,\N,1
12899,531,202,25,3,13,5,5,5,2,75,+1:08.06,6982720,\N,\N,\N,\N,1
12900,531,119,21,35,14,6,6,6,1,75,+1:08.77,6983430,\N,\N,\N,\N,1
12901,531,175,1,8,11,7,7,7,0,74,\N,\N,\N,\N,\N,\N,11
12902,531,199,6,11,1,8,8,8,0,74,\N,\N,\N,\N,\N,\N,11
12903,531,224,56,14,20,9,9,9,0,74,\N,\N,\N,\N,\N,\N,11
12904,531,219,4,15,12,10,10,10,0,71,\N,\N,\N,\N,\N,\N,14
12905,531,207,32,5,4,11,11,11,0,69,\N,\N,\N,\N,\N,\N,16
12906,531,203,6,12,8,\N,R,12,0,62,\N,\N,\N,\N,\N,\N,3
12907,531,238,32,6,7,\N,R,13,0,56,\N,\N,\N,\N,\N,\N,6
12908,531,231,1,7,6,\N,R,14,0,43,\N,\N,\N,\N,\N,\N,64
12909,531,243,21,36,19,\N,R,15,0,38,\N,\N,\N,\N,\N,\N,100
12910,531,178,3,27,10,\N,R,16,0,29,\N,\N,\N,\N,\N,\N,44
12911,531,235,57,22,16,\N,R,17,0,27,\N,\N,\N,\N,\N,\N,23
12912,531,233,58,16,17,\N,R,18,0,24,\N,\N,\N,\N,\N,\N,3
12913,531,172,27,26,15,\N,R,19,0,13,\N,\N,\N,\N,\N,\N,6
12914,531,211,63,18,18,\N,R,20,0,8,\N,\N,\N,\N,\N,\N,7
12915,531,200,54,9,0,\N,F,21,0,0,\N,\N,\N,\N,\N,\N,81
12916,531,223,58,17,0,\N,F,22,0,0,\N,\N,\N,\N,\N,\N,81
12917,531,197,54,10,0,\N,F,23,0,0,\N,\N,\N,\N,\N,\N,81
12918,531,230,63,19,0,\N,F,24,0,0,\N,\N,\N,\N,\N,\N,81
12919,531,177,55,32,0,\N,F,25,0,0,\N,\N,\N,\N,\N,\N,97
12920,531,206,64,24,0,\N,F,26,0,0,\N,\N,\N,\N,\N,\N,97
12921,531,163,65,31,0,\N,F,27,0,0,\N,\N,\N,\N,\N,\N,97
12922,531,212,32,25,0,\N,F,28,0,0,\N,\N,\N,\N,\N,\N,97
12923,531,239,1,30,0,\N,F,29,0,0,\N,\N,\N,\N,\N,\N,97
12924,531,232,60,37,0,\N,F,30,0,0,\N,\N,\N,\N,\N,\N,97
12925,532,207,32,5,1,1,1,1,9,70,1:39:52.02,5992020,\N,\N,\N,\N,1
12926,532,238,32,6,7,2,2,2,6,70,+9.90,6001920,\N,\N,\N,\N,1
12927,532,199,6,11,2,3,3,3,4,70,+24.34,6016360,\N,\N,\N,\N,1
12928,532,203,6,12,4,4,4,4,3,70,+47.04,6039060,\N,\N,\N,\N,1
12929,532,172,27,26,14,5,5,5,2,69,\N,\N,\N,\N,\N,\N,3
12930,532,202,25,3,23,6,6,6,1,69,\N,\N,\N,\N,\N,\N,11
12931,532,239,1,30,24,7,7,7,0,69,\N,\N,\N,\N,\N,\N,11
12932,532,152,1,33,21,8,8,8,0,69,\N,\N,\N,\N,\N,\N,11
12933,532,163,65,31,19,9,9,9,0,68,\N,\N,\N,\N,\N,\N,12
12934,532,178,3,27,11,10,10,10,0,68,\N,\N,\N,\N,\N,\N,12
12935,532,200,54,9,16,11,11,11,0,68,\N,\N,\N,\N,\N,\N,12
12936,532,235,57,22,22,12,12,12,0,64,\N,\N,\N,\N,\N,\N,16
12937,532,230,63,19,12,13,13,13,0,63,\N,\N,\N,\N,\N,\N,5
12938,532,233,58,16,10,\N,R,14,0,56,\N,\N,\N,\N,\N,\N,20
12939,532,219,4,15,20,\N,N,15,0,56,\N,\N,\N,\N,\N,\N,62
12940,532,222,59,20,5,\N,R,16,0,53,\N,\N,\N,\N,\N,\N,20
12941,532,221,25,4,13,\N,R,17,0,51,\N,\N,\N,\N,\N,\N,6
12942,532,223,58,17,18,\N,R,18,0,40,\N,\N,\N,\N,\N,\N,7
12943,532,119,21,35,8,\N,R,19,0,31,\N,\N,\N,\N,\N,\N,22
12944,532,243,21,36,17,\N,R,20,0,26,\N,\N,\N,\N,\N,\N,20
12945,532,187,34,2,9,\N,R,21,0,18,\N,\N,\N,\N,\N,\N,3
12946,532,182,34,1,3,\N,R,22,0,0,\N,\N,\N,\N,\N,\N,3
12947,532,231,1,7,6,\N,R,23,0,0,\N,\N,\N,\N,\N,\N,3
12948,532,224,56,14,15,\N,R,24,0,0,\N,\N,\N,\N,\N,\N,3
12949,532,211,63,18,0,\N,F,25,0,0,\N,\N,\N,\N,\N,\N,81
12950,532,206,64,24,0,\N,F,26,0,0,\N,\N,\N,\N,\N,\N,81
12951,532,177,55,32,0,\N,F,27,0,0,\N,\N,\N,\N,\N,\N,81
12952,532,244,54,10,0,\N,F,28,0,0,\N,\N,\N,\N,\N,\N,81
12953,532,212,32,25,0,\N,F,29,0,0,\N,\N,\N,\N,\N,\N,97
12954,532,232,60,37,0,\N,F,30,0,0,\N,\N,\N,\N,\N,\N,97
12955,533,207,32,5,1,1,1,1,9,75,1:41:47.06,6107060,\N,\N,\N,\N,1
12956,533,238,32,6,2,2,2,2,6,75,+19.56,6126620,\N,\N,\N,\N,1
12957,533,172,27,26,10,3,3,3,4,75,+37.24,6144300,\N,\N,\N,\N,1
12958,533,222,59,20,9,4,4,4,3,75,+1:00.06,6167120,\N,\N,\N,\N,1
12959,533,187,34,2,7,5,5,5,2,75,+1:05.93,6172990,\N,\N,\N,\N,1
12960,533,231,1,7,4,6,6,6,1,74,\N,\N,\N,\N,\N,\N,11
12961,533,230,63,19,16,7,7,7,0,74,\N,\N,\N,\N,\N,\N,11
12962,533,178,3,27,18,8,8,8,0,74,\N,\N,\N,\N,\N,\N,11
12963,533,200,54,9,17,9,9,9,0,74,\N,\N,\N,\N,\N,\N,11
12964,533,203,6,12,5,10,10,10,0,74,\N,\N,\N,\N,\N,\N,11
12965,533,211,63,18,23,11,11,11,0,73,\N,\N,\N,\N,\N,\N,12
12966,533,202,25,3,13,12,12,12,0,71,\N,\N,\N,\N,\N,\N,14
12967,533,219,4,15,11,13,13,13,0,71,\N,\N,\N,\N,\N,\N,14
12968,533,243,21,36,19,14,14,14,0,71,\N,\N,\N,\N,\N,\N,14
12969,533,223,58,17,22,15,15,15,0,67,\N,\N,\N,\N,\N,\N,106
12970,533,235,57,22,21,\N,R,16,0,64,\N,\N,\N,\N,\N,\N,5
12971,533,224,56,14,15,\N,R,17,0,62,\N,\N,\N,\N,\N,\N,37
12972,533,199,6,11,3,\N,R,18,0,57,\N,\N,\N,\N,\N,\N,3
12973,533,182,34,1,6,\N,R,19,0,56,\N,\N,\N,\N,\N,\N,5
12974,533,221,25,4,12,\N,R,20,0,51,\N,\N,\N,\N,\N,\N,5
12975,533,233,58,16,24,\N,R,21,0,45,\N,\N,\N,\N,\N,\N,22
12976,533,119,21,35,8,\N,R,22,0,21,\N,\N,\N,\N,\N,\N,5
12977,533,212,32,25,20,\N,R,23,0,21,\N,\N,\N,\N,\N,\N,43
12978,533,175,1,8,14,\N,R,24,0,16,\N,\N,\N,\N,\N,\N,20
12979,533,232,60,37,0,\N,F,25,0,0,\N,\N,\N,\N,\N,\N,81
12980,533,239,1,30,0,\N,F,26,0,0,\N,\N,\N,\N,\N,\N,81
12981,533,208,1,28,0,\N,F,27,0,0,\N,\N,\N,\N,\N,\N,81
12982,533,244,54,10,0,\N,F,28,0,0,\N,\N,\N,\N,\N,\N,81
12983,533,177,55,32,0,\N,F,29,0,0,\N,\N,\N,\N,\N,\N,97
12984,534,182,34,1,3,1,1,1,9,70,1:41:00.606,6060606,\N,\N,\N,\N,1
12985,534,119,21,35,5,2,2,2,6,70,+34.019,6094625,\N,\N,\N,\N,1
12986,534,238,32,6,4,3,3,3,4,70,+34.105,6094711,\N,\N,\N,\N,1
12987,534,175,1,8,15,4,4,4,3,69,\N,\N,\N,\N,\N,\N,11
12988,534,223,58,17,16,5,5,5,2,69,\N,\N,\N,\N,\N,\N,11
12989,534,224,56,14,13,6,6,6,1,69,\N,\N,\N,\N,\N,\N,11
12990,534,172,27,26,11,7,7,7,0,69,\N,\N,\N,\N,\N,\N,11
12991,534,231,1,7,14,8,8,8,0,69,\N,\N,\N,\N,\N,\N,11
12992,534,203,6,12,7,9,9,9,0,69,\N,\N,\N,\N,\N,\N,11
12993,534,199,6,11,8,10,10,10,0,69,\N,\N,\N,\N,\N,\N,11
12994,534,233,58,16,20,11,11,11,0,68,\N,\N,\N,\N,\N,\N,12
12995,534,212,32,25,21,12,12,12,0,68,\N,\N,\N,\N,\N,\N,12
12996,534,200,54,9,19,13,13,13,0,68,\N,\N,\N,\N,\N,\N,12
12997,534,243,21,36,24,14,14,14,0,67,\N,\N,\N,\N,\N,\N,13
12998,534,177,54,10,23,15,15,15,0,63,\N,\N,\N,\N,\N,\N,17
12999,534,232,60,37,22,\N,N,16,0,62,\N,\N,\N,\N,\N,\N,18
13000,534,207,32,5,1,\N,R,17,0,46,\N,\N,\N,\N,\N,\N,5
13001,534,178,3,27,9,\N,R,18,0,46,\N,\N,\N,\N,\N,\N,36
13002,534,221,25,4,12,\N,R,19,0,42,\N,\N,\N,\N,\N,\N,22
13003,534,219,4,15,10,\N,R,20,0,28,\N,\N,\N,\N,\N,\N,5
13004,534,187,34,2,2,\N,R,21,0,19,\N,\N,\N,\N,\N,\N,20
13005,534,222,59,20,6,\N,R,22,0,16,\N,\N,\N,\N,\N,\N,25
13006,534,202,25,3,17,\N,R,23,0,8,\N,\N,\N,\N,\N,\N,3
13007,534,230,63,19,18,\N,R,24,0,7,\N,\N,\N,\N,\N,\N,3
13008,534,211,63,18,0,\N,F,25,0,0,\N,\N,\N,\N,\N,\N,81
13009,534,239,1,30,0,\N,F,26,0,0,\N,\N,\N,\N,\N,\N,81
13010,534,235,57,22,0,\N,F,27,0,0,\N,\N,\N,\N,\N,\N,81
13011,535,207,32,5,2,1,1,1,9,54,1:38:51.92,5931920,\N,\N,\N,\N,1
13012,535,238,32,6,5,2,2,2,6,54,+2.93,5934850,\N,\N,\N,\N,1
13013,535,231,1,7,4,3,3,3,4,54,+19.8,5951720,\N,\N,\N,\N,1
13014,535,187,34,2,1,4,4,4,3,54,+36.88,5968800,\N,\N,\N,\N,1
13015,535,178,3,27,14,5,5,5,2,54,+41.81,5973730,\N,\N,\N,\N,1
13016,535,222,59,20,7,6,6,6,1,54,+54.53,5986450,\N,\N,\N,\N,1
13017,535,172,27,26,10,7,7,7,0,54,+54.74,5986660,\N,\N,\N,\N,1
13018,535,119,21,35,12,8,8,8,0,54,+1:24.88,6016800,\N,\N,\N,\N,1
13019,535,175,1,8,6,9,9,9,0,54,+1:27.06,6018980,\N,\N,\N,\N,1
13020,535,202,25,3,16,10,10,10,0,54,+1:29.98,6021900,\N,\N,\N,\N,1
13021,535,233,58,16,20,11,11,11,0,53,\N,\N,\N,\N,\N,\N,11
13022,535,203,6,12,9,12,12,12,0,53,\N,\N,\N,\N,\N,\N,11
13023,535,200,54,9,25,13,13,13,0,53,\N,\N,\N,\N,\N,\N,11
13024,535,163,65,31,18,14,14,14,0,53,\N,\N,\N,\N,\N,\N,11
13025,535,243,21,36,21,15,15,15,0,53,\N,\N,\N,\N,\N,\N,11
13026,535,177,54,10,26,16,16,16,0,52,\N,\N,\N,\N,\N,\N,12
13027,535,230,63,19,19,17,17,17,0,52,\N,\N,\N,\N,\N,\N,12
13028,535,199,6,11,8,18,18,18,0,49,\N,\N,\N,\N,\N,\N,15
13029,535,239,1,30,24,\N,R,19,0,45,\N,\N,\N,\N,\N,\N,5
13030,535,224,56,14,15,\N,R,20,0,43,\N,\N,\N,\N,\N,\N,22
13031,535,211,63,18,23,\N,R,21,0,40,\N,\N,\N,\N,\N,\N,5
13032,535,152,1,33,22,\N,R,22,0,28,\N,\N,\N,\N,\N,\N,5
13033,535,182,34,1,3,\N,R,23,0,10,\N,\N,\N,\N,\N,\N,5
13034,535,221,25,4,13,\N,R,24,0,10,\N,\N,\N,\N,\N,\N,5
13035,535,223,58,17,17,\N,R,25,0,4,\N,\N,\N,\N,\N,\N,10
13036,535,219,4,15,11,\N,R,26,0,1,\N,\N,\N,\N,\N,\N,5
13037,535,232,60,37,0,\N,F,27,0,0,\N,\N,\N,\N,\N,\N,81
13038,535,206,57,22,0,\N,F,28,0,0,\N,\N,\N,\N,\N,\N,81
13039,535,212,32,25,0,\N,F,29,0,0,\N,\N,\N,\N,\N,\N,81
13040,536,199,6,11,8,1,1,1,9,76,1:42:12.39,6132390,\N,\N,\N,\N,1
13041,536,182,34,1,4,2,2,2,6,76,+1.23,6133620,\N,\N,\N,\N,1
13042,536,187,34,2,9,3,3,3,4,76,+37.25,6169640,\N,\N,\N,\N,1
13043,536,221,25,4,10,4,4,4,3,76,+1:13.27,6205660,\N,\N,\N,\N,1
13044,536,233,58,16,18,5,5,5,2,75,\N,\N,\N,\N,\N,\N,11
13045,536,175,1,8,20,6,6,6,1,75,\N,\N,\N,\N,\N,\N,11
13046,536,152,1,33,16,7,7,7,0,75,\N,\N,\N,\N,\N,\N,11
13047,536,239,1,30,24,8,8,8,0,75,\N,\N,\N,\N,\N,\N,11
13048,536,230,63,19,25,9,9,9,0,75,\N,\N,\N,\N,\N,\N,11
13049,536,172,27,26,7,10,10,10,0,73,\N,\N,\N,\N,\N,\N,13
13050,536,200,54,9,26,\N,N,11,0,65,\N,\N,\N,\N,\N,\N,45
13051,536,177,54,10,22,\N,R,12,0,59,\N,\N,\N,\N,\N,\N,22
13052,536,223,58,17,17,\N,R,13,0,49,\N,\N,\N,\N,\N,\N,6
13053,536,219,4,15,12,\N,R,14,0,46,\N,\N,\N,\N,\N,\N,101
13054,536,119,21,35,5,\N,R,15,0,40,\N,\N,\N,\N,\N,\N,22
13055,536,202,25,3,19,\N,R,16,0,40,\N,\N,\N,\N,\N,\N,6
13056,536,222,59,20,3,\N,R,17,0,36,\N,\N,\N,\N,\N,\N,6
13057,536,224,56,14,11,\N,R,18,0,32,\N,\N,\N,\N,\N,\N,5
13058,536,232,60,37,23,\N,R,19,0,32,\N,\N,\N,\N,\N,\N,69
13059,536,206,57,22,15,\N,R,20,0,30,\N,\N,\N,\N,\N,\N,36
13060,536,207,32,5,2,\N,R,21,0,28,\N,\N,\N,\N,\N,\N,5
13061,536,178,3,27,6,\N,R,22,0,26,\N,\N,\N,\N,\N,\N,7
13062,536,203,6,12,13,\N,R,23,0,19,\N,\N,\N,\N,\N,\N,7
13063,536,212,32,25,21,\N,R,24,0,15,\N,\N,\N,\N,\N,\N,6
13064,536,231,1,7,14,\N,R,25,0,7,\N,\N,\N,\N,\N,\N,3
13065,536,238,32,6,1,\N,R,26,0,6,\N,\N,\N,\N,\N,\N,69
13066,536,211,63,18,0,\N,F,27,0,0,\N,\N,\N,\N,\N,\N,81
13067,536,243,21,36,0,\N,F,28,0,0,\N,\N,\N,\N,\N,\N,81
13068,536,209,57,23,0,\N,F,29,0,0,\N,\N,\N,\N,\N,\N,81
13069,536,245,1,40,0,\N,F,30,0,0,\N,\N,\N,\N,\N,\N,81
13070,537,207,32,5,1,1,1,1,9,45,1:28:00.90,5280900,\N,\N,\N,\N,1
13071,537,222,59,20,4,2,2,2,6,45,+15.35,5296250,\N,\N,\N,\N,1
13072,537,172,27,26,7,3,3,3,4,45,+28.01,5308910,\N,\N,\N,\N,1
13073,537,224,56,14,10,4,4,4,3,45,+36.88,5317780,\N,\N,\N,\N,1
13074,537,202,25,3,16,5,5,5,2,45,+57.26,5338160,\N,\N,\N,\N,1
13075,537,212,32,25,18,6,6,6,1,45,+1:37.86,5378760,\N,\N,\N,\N,1
13076,537,187,34,2,5,7,7,7,0,45,+1:39.53,5380430,\N,\N,\N,\N,1
13077,537,203,6,12,15,8,8,8,0,45,+1:56.87,5397770,\N,\N,\N,\N,1
13078,537,119,21,35,14,9,9,9,0,44,\N,\N,\N,\N,\N,\N,11
13079,537,177,59,32,19,10,10,10,0,42,\N,\N,\N,\N,\N,\N,13
13080,537,229,57,23,17,11,11,11,0,41,\N,\N,\N,\N,\N,\N,5
13081,537,243,21,36,23,\N,D,12,0,42,\N,\N,\N,\N,\N,\N,2
13082,537,238,32,6,2,\N,R,13,0,36,\N,\N,\N,\N,\N,\N,6
13083,537,231,1,7,8,\N,D,14,0,34,\N,\N,\N,\N,\N,\N,2
13084,537,178,3,27,6,\N,R,15,0,31,\N,\N,\N,\N,\N,\N,69
13085,537,137,57,22,21,\N,R,16,0,31,\N,\N,\N,\N,\N,\N,5
13086,537,230,63,19,20,\N,R,17,0,24,\N,\N,\N,\N,\N,\N,69
13087,537,175,1,8,11,\N,R,18,0,16,\N,\N,\N,\N,\N,\N,3
13088,537,199,6,11,12,\N,R,19,0,14,\N,\N,\N,\N,\N,\N,69
13089,537,182,34,1,3,\N,R,20,0,11,\N,\N,\N,\N,\N,\N,5
13090,537,219,4,15,9,\N,R,21,0,5,\N,\N,\N,\N,\N,\N,5
13091,537,200,54,9,22,\N,R,22,0,1,\N,\N,\N,\N,\N,\N,3
13092,537,233,58,16,24,\N,R,23,0,1,\N,\N,\N,\N,\N,\N,3
13093,537,221,25,4,13,\N,R,24,0,0,\N,\N,\N,\N,\N,\N,3
13094,537,223,58,17,0,\N,F,25,0,0,\N,\N,\N,\N,\N,\N,81
13095,537,197,54,10,0,\N,F,26,0,0,\N,\N,\N,\N,\N,\N,81
13096,537,211,63,18,0,\N,F,27,0,0,\N,\N,\N,\N,\N,\N,81
13097,537,232,60,37,0,\N,F,28,0,0,\N,\N,\N,\N,\N,\N,81
13098,537,163,65,31,0,\N,F,29,0,0,\N,\N,\N,\N,\N,\N,97
13099,537,239,1,30,0,\N,F,30,0,0,\N,\N,\N,\N,\N,\N,97
13100,538,238,32,6,1,1,1,1,9,54,1:41:21.57,6081570,\N,\N,\N,\N,1
13101,538,221,25,4,14,2,2,2,6,54,+47.44,6129010,\N,\N,\N,\N,1
13102,538,203,6,12,11,3,3,3,4,54,+1:39.76,6181330,\N,\N,\N,\N,1
13103,538,224,56,14,6,4,4,4,3,53,\N,\N,\N,\N,\N,\N,11
13104,538,172,27,26,5,5,5,5,2,53,\N,\N,\N,\N,\N,\N,11
13105,538,230,63,19,21,6,6,6,1,53,\N,\N,\N,\N,\N,\N,11
13106,538,187,34,2,10,7,7,7,0,53,\N,\N,\N,\N,\N,\N,11
13107,538,239,1,30,17,8,8,8,0,52,\N,\N,\N,\N,\N,\N,12
13108,538,163,65,31,26,9,9,9,0,52,\N,\N,\N,\N,\N,\N,12
13109,538,223,58,17,22,\N,N,10,0,50,\N,\N,\N,\N,\N,\N,17
13110,538,177,59,32,25,\N,N,11,0,49,\N,\N,\N,\N,\N,\N,17
13111,538,206,57,22,19,\N,D,12,0,41,\N,\N,\N,\N,\N,\N,2
13112,538,175,1,8,14,\N,R,13,0,40,\N,\N,\N,\N,\N,\N,3
13113,538,233,58,16,23,\N,R,14,0,33,\N,\N,\N,\N,\N,\N,3
13114,538,219,4,15,3,\N,R,15,0,31,\N,\N,\N,\N,\N,\N,6
13115,538,199,6,11,12,\N,D,16,0,28,\N,\N,\N,\N,\N,\N,2
13116,538,182,34,1,4,\N,R,17,0,27,\N,\N,\N,\N,\N,\N,3
13117,538,202,25,3,9,\N,R,18,0,20,\N,\N,\N,\N,\N,\N,3
13118,538,231,1,7,8,\N,R,19,0,7,\N,\N,\N,\N,\N,\N,3
13119,538,178,3,27,15,\N,R,20,0,7,\N,\N,\N,\N,\N,\N,3
13120,538,119,21,35,16,\N,R,21,0,7,\N,\N,\N,\N,\N,\N,3
13121,538,229,57,23,24,\N,R,22,0,7,\N,\N,\N,\N,\N,\N,3
13122,538,212,32,25,18,\N,R,23,0,4,\N,\N,\N,\N,\N,\N,3
13123,538,137,1,29,20,\N,R,24,0,4,\N,\N,\N,\N,\N,\N,3
13124,538,222,59,20,7,\N,R,25,0,3,\N,\N,\N,\N,\N,\N,3
13125,538,207,32,5,2,\N,R,26,0,0,\N,\N,\N,\N,\N,\N,3
13126,538,232,60,37,0,\N,F,27,0,0,\N,\N,\N,\N,\N,\N,81
13127,538,200,54,9,0,\N,F,28,0,0,\N,\N,\N,\N,\N,\N,81
13128,538,211,63,18,0,\N,F,29,0,0,\N,\N,\N,\N,\N,\N,81
13129,538,246,54,10,0,\N,F,30,0,0,\N,\N,\N,\N,\N,\N,81
13130,538,243,21,36,0,\N,F,31,0,0,\N,\N,\N,\N,\N,\N,97
13131,539,207,32,5,1,1,1,1,9,75,1:41:04.23,6064230,\N,\N,\N,\N,1
13132,539,238,32,6,2,2,2,2,6,75,+0.32,6064550,\N,\N,\N,\N,1
13133,539,182,34,1,3,3,3,3,4,75,+12.21,6076440,\N,\N,\N,\N,1
13134,539,187,34,2,8,4,4,4,3,75,+20.92,6085150,\N,\N,\N,\N,1
13135,539,224,56,14,10,5,5,5,2,75,+21.5,6085730,\N,\N,\N,\N,1
13136,539,203,6,12,5,6,6,6,1,75,+45.95,6110180,\N,\N,\N,\N,1
13137,539,199,6,11,4,7,7,7,0,75,+1:00.52,6124750,\N,\N,\N,\N,1
13138,539,172,27,26,6,8,8,8,0,74,\N,\N,\N,\N,\N,\N,11
13139,539,175,1,8,14,9,9,9,0,74,\N,\N,\N,\N,\N,\N,11
13140,539,231,1,7,7,10,10,10,0,74,\N,\N,\N,\N,\N,\N,11
13141,539,212,32,25,20,11,11,11,0,74,\N,\N,\N,\N,\N,\N,11
13142,539,222,59,20,15,12,12,12,0,73,\N,\N,\N,\N,\N,\N,12
13143,539,152,1,33,19,\N,R,13,0,60,\N,\N,\N,\N,\N,\N,20
13144,539,233,58,16,18,\N,R,14,0,56,\N,\N,\N,\N,\N,\N,7
13145,539,163,65,31,23,\N,R,15,0,40,\N,\N,\N,\N,\N,\N,83
13146,539,232,60,37,26,\N,R,16,0,40,\N,\N,\N,\N,\N,\N,5
13147,539,230,63,19,22,\N,D,17,0,37,\N,\N,\N,\N,\N,\N,2
13148,539,219,4,15,9,\N,R,18,0,35,\N,\N,\N,\N,\N,\N,5
13149,539,239,1,30,21,\N,R,19,0,35,\N,\N,\N,\N,\N,\N,5
13150,539,177,59,32,24,\N,R,20,0,21,\N,\N,\N,\N,\N,\N,3
13151,539,178,3,27,11,\N,R,21,0,17,\N,\N,\N,\N,\N,\N,37
13152,539,137,1,29,25,\N,R,22,0,16,\N,\N,\N,\N,\N,\N,7
13153,539,221,25,4,12,\N,R,23,0,13,\N,\N,\N,\N,\N,\N,5
13154,539,206,57,22,16,\N,R,24,0,10,\N,\N,\N,\N,\N,\N,7
13155,539,119,21,35,13,\N,R,25,0,0,\N,\N,\N,\N,\N,\N,3
13156,539,202,25,3,17,\N,R,26,0,0,\N,\N,\N,\N,\N,\N,3
13157,539,211,63,18,0,\N,W,27,0,0,\N,\N,\N,\N,\N,\N,54
13158,539,223,58,17,0,\N,F,28,0,0,\N,\N,\N,\N,\N,\N,81
13159,539,247,54,10,0,\N,F,29,0,0,\N,\N,\N,\N,\N,\N,81
13160,539,200,54,9,0,\N,F,30,0,0,\N,\N,\N,\N,\N,\N,81
13161,539,229,57,23,0,\N,F,31,0,0,\N,\N,\N,\N,\N,\N,97
13162,539,240,58,39,0,\N,F,32,0,0,\N,\N,\N,\N,\N,\N,97
13163,539,243,21,36,0,\N,F,33,0,0,\N,\N,\N,\N,\N,\N,97
13164,540,182,34,1,4,1,1,1,9,40,1:07:04.54,4024540,\N,\N,\N,\N,1
13165,540,187,34,2,7,2,2,2,6,40,+1.48,4026020,\N,\N,\N,\N,1
13166,540,199,6,11,11,3,3,3,4,40,+20.47,4045010,\N,\N,\N,\N,1
13167,540,172,27,26,8,4,4,4,3,40,+37.53,4062070,\N,\N,\N,\N,1
13168,540,175,1,8,19,5,5,5,2,40,+40.39,4064930,\N,\N,\N,\N,1
13169,540,207,32,5,1,6,6,6,1,40,+46.33,4070870,\N,\N,\N,\N,1
13170,540,203,6,12,2,7,7,7,0,40,+48.48,4073020,\N,\N,\N,\N,1
13171,540,224,56,14,13,8,8,8,0,40,+55.24,4079780,\N,\N,\N,\N,1
13172,540,137,1,29,24,9,9,9,0,40,+1:06.83,4091370,\N,\N,\N,\N,1
13173,540,206,57,22,18,10,10,10,0,40,+1:09.11,4093650,\N,\N,\N,\N,1
13174,540,221,25,4,16,11,11,11,0,40,+1:16.57,4101110,\N,\N,\N,\N,1
13175,540,222,59,20,9,12,12,12,0,39,\N,\N,\N,\N,\N,\N,11
13176,540,178,3,27,6,13,13,13,0,39,\N,\N,\N,\N,\N,\N,11
13177,540,152,1,33,20,14,14,14,0,39,\N,\N,\N,\N,\N,\N,11
13178,540,223,58,17,15,\N,N,15,0,33,\N,\N,\N,\N,\N,\N,17
13179,540,119,21,35,12,\N,R,16,0,28,\N,\N,\N,\N,\N,\N,5
13180,540,231,1,7,10,\N,R,17,0,19,\N,\N,\N,\N,\N,\N,99
13181,540,232,60,37,22,\N,R,18,0,14,\N,\N,\N,\N,\N,\N,5
13182,540,219,4,15,3,\N,R,19,0,6,\N,\N,\N,\N,\N,\N,5
13183,540,238,32,6,5,\N,R,20,0,0,\N,\N,\N,\N,\N,\N,3
13184,540,202,25,3,14,\N,R,21,0,0,\N,\N,\N,\N,\N,\N,3
13185,540,233,58,16,17,\N,R,22,0,0,\N,\N,\N,\N,\N,\N,3
13186,540,239,1,30,21,\N,R,23,0,0,\N,\N,\N,\N,\N,\N,3
13187,540,230,63,19,23,\N,R,24,0,0,\N,\N,\N,\N,\N,\N,3
13188,540,212,32,25,0,\N,F,25,0,0,\N,\N,\N,\N,\N,\N,81
13189,540,229,54,10,0,\N,F,26,0,0,\N,\N,\N,\N,\N,\N,81
13190,540,247,54,9,0,\N,F,27,0,0,\N,\N,\N,\N,\N,\N,81
13191,540,248,63,18,0,\N,F,28,0,0,\N,\N,\N,\N,\N,\N,81
13192,540,229,57,23,0,\N,F,29,0,0,\N,\N,\N,\N,\N,\N,97
13193,540,177,59,32,0,\N,F,30,0,0,\N,\N,\N,\N,\N,\N,97
13194,540,243,21,36,0,\N,F,31,0,0,\N,\N,\N,\N,\N,\N,97
13195,540,244,60,38,0,\N,F,32,0,0,\N,\N,\N,\N,\N,\N,97
13196,541,199,6,11,2,1,1,1,9,59,1:40:48.800,6048800,\N,\N,\N,\N,1
13197,541,178,3,27,3,2,2,2,6,59,+19.739,6068539,\N,\N,\N,\N,1
13198,541,222,59,20,11,3,3,3,4,59,+45.701,6094501,\N,\N,\N,\N,1
13199,541,219,4,15,9,4,4,4,3,59,+1:25.007,6133807,\N,\N,\N,\N,1
13200,541,224,56,14,13,5,5,5,2,59,+1:28.089,6136889,\N,\N,\N,\N,1
13201,541,175,1,8,18,6,6,6,1,59,+1:50.210,6159010,\N,\N,\N,\N,1
13202,541,231,1,7,6,7,7,7,0,58,\N,\N,\N,\N,\N,\N,11
13203,541,206,57,22,19,8,8,8,0,58,\N,\N,\N,\N,\N,\N,11
13204,541,163,65,18,21,9,9,9,0,58,\N,\N,\N,\N,\N,\N,11
13205,541,202,25,3,16,10,10,10,0,58,\N,\N,\N,\N,\N,\N,11
13206,541,172,27,26,10,11,11,11,0,58,\N,\N,\N,\N,\N,\N,11
13207,541,249,59,21,20,12,12,12,0,58,\N,\N,\N,\N,\N,\N,11
13208,541,239,57,23,24,13,13,13,0,58,\N,\N,\N,\N,\N,\N,11
13209,541,223,58,17,17,14,14,14,0,56,\N,\N,\N,\N,\N,\N,13
13210,541,197,32,55,8,15,15,15,0,55,\N,\N,\N,\N,\N,\N,60
13211,541,243,21,36,22,16,16,16,0,54,\N,\N,\N,\N,\N,\N,15
13212,541,232,60,37,26,\N,R,17,0,46,\N,\N,\N,\N,\N,\N,6
13213,541,247,54,9,25,\N,R,18,0,43,\N,\N,\N,\N,\N,\N,44
13214,541,182,34,1,5,\N,R,19,0,28,\N,\N,\N,\N,\N,\N,5
13215,541,207,32,5,1,\N,R,20,0,27,\N,\N,\N,\N,\N,\N,5
13216,541,187,34,2,7,\N,R,21,0,25,\N,\N,\N,\N,\N,\N,5
13217,541,221,25,4,12,\N,R,22,0,23,\N,\N,\N,\N,\N,\N,36
13218,541,203,6,12,4,\N,R,23,0,22,\N,\N,\N,\N,\N,\N,5
13219,541,177,54,10,15,\N,R,24,0,21,\N,\N,\N,\N,\N,\N,7
13220,541,233,58,16,14,\N,R,25,0,1,\N,\N,\N,\N,\N,\N,69
13221,541,212,32,25,23,\N,R,26,0,0,\N,\N,\N,\N,\N,\N,8
13222,541,213,63,19,0,\N,F,27,0,0,\N,\N,\N,\N,\N,\N,81
13223,542,203,6,12,3,1,1,1,9,70,1:57:49.196,7069196,\N,\N,\N,\N,1
13224,542,222,59,20,2,2,2,2,6,70,+13.372,7082568,\N,\N,\N,\N,1
13225,542,199,6,11,11,3,3,3,4,70,+19.408,7088604,\N,\N,\N,\N,1
13226,542,119,21,35,12,4,4,4,3,70,+24.667,7093863,\N,\N,\N,\N,1
13227,542,221,25,4,13,5,5,5,2,70,+28.558,7097754,\N,\N,\N,\N,1
13228,542,206,57,22,15,6,6,6,1,70,+54.476,7123672,\N,\N,\N,\N,1
13229,542,202,25,3,18,7,7,7,0,70,+1:21.250,7150446,\N,\N,\N,\N,1
13230,542,175,1,8,17,8,8,8,0,70,+1:26.560,7155756,\N,\N,\N,\N,1
13231,542,178,3,27,5,9,9,9,0,70,+1:28.942,7158138,\N,\N,\N,\N,1
13232,542,207,32,5,9,10,10,10,0,69,\N,\N,\N,\N,\N,\N,11
13233,542,137,34,66,14,11,11,11,0,69,\N,\N,\N,\N,\N,\N,11
13234,542,219,4,15,22,12,12,12,0,65,\N,\N,\N,\N,\N,\N,15
13235,542,177,54,10,21,\N,N,13,0,58,\N,\N,\N,\N,\N,\N,55
13236,542,172,27,26,10,\N,R,14,0,52,\N,\N,\N,\N,\N,\N,7
13237,542,231,1,7,19,\N,R,15,0,51,\N,\N,\N,\N,\N,\N,20
13238,542,197,32,55,1,\N,R,16,0,49,\N,\N,\N,\N,\N,\N,44
13239,542,163,63,18,16,\N,R,17,0,37,\N,\N,\N,\N,\N,\N,5
13240,542,249,59,21,20,\N,R,18,0,16,\N,\N,\N,\N,\N,\N,69
13241,542,187,34,2,4,\N,R,19,0,8,\N,\N,\N,\N,\N,\N,3
13242,542,182,34,1,7,\N,R,20,0,5,\N,\N,\N,\N,\N,\N,23
13243,542,233,58,16,8,\N,R,21,0,1,\N,\N,\N,\N,\N,\N,3
13244,542,224,56,14,6,\N,R,22,0,0,\N,\N,\N,\N,\N,\N,3
13245,542,223,58,17,0,\N,F,23,0,0,\N,\N,\N,\N,\N,\N,81
13246,542,213,63,19,0,\N,F,24,0,0,\N,\N,\N,\N,\N,\N,81
13247,542,232,60,37,0,\N,F,25,0,0,\N,\N,\N,\N,\N,\N,81
13248,542,212,32,25,0,\N,F,26,0,0,\N,\N,\N,\N,\N,\N,81
13249,542,243,21,36,0,\N,F,27,0,0,\N,\N,\N,\N,\N,\N,97
13250,542,247,54,9,0,\N,F,28,0,0,\N,\N,\N,\N,\N,\N,97
13251,543,222,59,20,11,1,1,1,9,53,1:40:11.19,6011190,\N,\N,\N,\N,1
13252,543,250,34,8,6,2,2,2,6,53,+43.24,6054430,\N,\N,\N,\N,1
13253,543,199,6,12,7,3,3,3,4,53,+46.02,6057210,\N,\N,\N,\N,1
13254,543,224,56,28,16,4,4,4,3,53,+55.48,6066670,\N,\N,\N,\N,1
13255,543,207,32,5,8,5,5,5,2,51,\N,\N,\N,\N,\N,\N,67
13256,543,223,57,22,12,6,6,6,1,51,\N,\N,\N,\N,\N,\N,12
13257,543,230,63,19,13,7,7,7,0,48,\N,\N,\N,\N,\N,\N,60
13258,543,251,37,10,17,\N,R,8,0,45,\N,\N,\N,\N,\N,\N,10
13259,543,252,58,16,9,\N,N,9,0,45,\N,\N,\N,\N,\N,\N,62
13260,543,187,34,7,2,\N,R,10,0,41,\N,\N,\N,\N,\N,\N,22
13261,543,237,37,9,20,\N,R,11,0,39,\N,\N,\N,\N,\N,\N,7
13262,543,172,27,26,15,\N,N,12,0,37,\N,\N,\N,\N,\N,\N,62
13263,543,221,25,4,3,\N,R,13,0,32,\N,\N,\N,\N,\N,\N,25
13264,543,231,1,1,1,\N,R,14,0,31,\N,\N,\N,\N,\N,\N,22
13265,543,200,1,2,5,\N,R,15,0,28,\N,\N,\N,\N,\N,\N,20
13266,543,238,25,3,14,\N,R,16,0,28,\N,\N,\N,\N,\N,\N,20
13267,543,253,56,29,19,\N,R,17,0,22,\N,\N,\N,\N,\N,\N,5
13268,543,182,6,11,4,\N,R,18,0,20,\N,\N,\N,\N,\N,\N,69
13269,543,246,63,18,18,\N,R,19,0,18,\N,\N,\N,\N,\N,\N,3
13270,543,254,58,17,21,\N,R,20,0,2,\N,\N,\N,\N,\N,\N,6
13271,543,255,32,6,10,\N,W,21,0,0,\N,\N,\N,\N,\N,\N,54
13272,544,199,6,12,2,1,1,1,9,40,1:45:07.72,6307720,\N,\N,\N,\N,1
13273,544,231,1,1,1,2,2,2,6,40,+10.71,6318430,\N,\N,\N,\N,1
13274,544,182,6,11,13,3,3,3,4,40,+1:47.51,6415230,\N,\N,\N,\N,1
13275,544,224,56,28,16,4,4,4,3,39,\N,\N,\N,\N,\N,\N,11
13276,544,255,32,6,10,5,5,5,2,39,\N,\N,\N,\N,\N,\N,11
13277,544,254,58,17,18,6,6,6,1,39,\N,\N,\N,\N,\N,\N,11
13278,544,253,56,29,19,7,7,7,0,38,\N,\N,\N,\N,\N,\N,12
13279,544,250,34,8,12,\N,R,8,0,33,\N,\N,\N,\N,\N,\N,3
13280,544,252,58,16,5,\N,R,9,0,33,\N,\N,\N,\N,\N,\N,5
13281,544,246,63,18,20,\N,R,10,0,32,\N,\N,\N,\N,\N,\N,22
13282,544,187,34,7,7,\N,R,11,0,30,\N,\N,\N,\N,\N,\N,3
13283,544,172,27,26,14,\N,R,12,0,26,\N,\N,\N,\N,\N,\N,3
13284,544,221,25,4,6,\N,R,13,0,23,\N,\N,\N,\N,\N,\N,3
13285,544,207,32,5,3,\N,R,14,0,19,\N,\N,\N,\N,\N,\N,80
13286,544,237,37,9,21,\N,R,15,0,16,\N,\N,\N,\N,\N,\N,5
13287,544,200,1,2,4,\N,R,16,0,12,\N,\N,\N,\N,\N,\N,3
13288,544,238,25,3,8,\N,R,17,0,12,\N,\N,\N,\N,\N,\N,3
13289,544,223,57,22,9,\N,R,18,0,12,\N,\N,\N,\N,\N,\N,3
13290,544,230,63,19,11,\N,R,19,0,11,\N,\N,\N,\N,\N,\N,3
13291,544,222,59,20,15,\N,R,20,0,11,\N,\N,\N,\N,\N,\N,5
13292,544,251,37,10,17,\N,R,21,0,1,\N,\N,\N,\N,\N,\N,7
13293,544,256,66,14,22,\N,R,22,0,1,\N,\N,\N,\N,\N,\N,25
13294,545,182,6,11,3,1,1,1,9,78,1:42:21.6,6141600,\N,\N,\N,\N,1
13295,545,222,59,20,5,2,2,2,6,78,+5.2,6146800,\N,\N,\N,\N,1
13296,545,221,25,4,4,3,3,3,4,78,+5.7,6147300,\N,\N,\N,\N,1
13297,545,231,1,1,1,4,4,4,3,78,+9.5,6151100,\N,\N,\N,\N,1
13298,545,200,1,2,12,5,5,5,2,78,+19.9,6161500,\N,\N,\N,\N,1
13299,545,187,34,7,11,6,6,6,1,78,+20.2,6161800,\N,\N,\N,\N,1
13300,545,230,63,19,14,7,7,7,0,78,+23.6,6165200,\N,\N,\N,\N,1
13301,545,199,6,12,8,8,8,8,0,78,+26.7,6168300,\N,\N,\N,\N,1
13302,545,223,57,22,16,9,9,9,0,78,+46.2,6187800,\N,\N,\N,\N,1
13303,545,224,56,28,9,10,10,10,0,78,+1:11.7,6213300,\N,\N,\N,\N,1
13304,545,246,63,18,19,11,11,11,0,77,\N,\N,\N,\N,\N,\N,11
13305,545,255,32,6,10,12,12,12,0,77,\N,\N,\N,\N,\N,\N,11
13306,545,250,34,8,2,13,13,13,0,76,\N,\N,\N,\N,\N,\N,12
13307,545,239,37,30,23,14,14,14,0,76,\N,\N,\N,\N,\N,\N,12
13308,545,256,66,14,22,15,15,15,0,73,\N,\N,\N,\N,\N,\N,15
13309,545,237,37,9,17,\N,R,16,0,66,\N,\N,\N,\N,\N,\N,5
13310,545,233,37,10,18,\N,R,17,0,55,\N,\N,\N,\N,\N,\N,5
13311,545,207,32,5,6,\N,R,18,0,43,\N,\N,\N,\N,\N,\N,3
13312,545,257,37,33,21,\N,R,19,0,33,\N,\N,\N,\N,\N,\N,6
13313,545,172,27,26,12,\N,R,20,0,22,\N,\N,\N,\N,\N,\N,3
13314,545,252,58,16,15,\N,R,21,0,22,\N,\N,\N,\N,\N,\N,3
13315,545,254,58,17,20,\N,R,22,0,21,\N,\N,\N,\N,\N,\N,95
13316,545,238,25,3,7,\N,R,23,0,5,\N,\N,\N,\N,\N,\N,69
13317,546,207,32,5,2,1,1,1,9,80,1:51:35.470,6695470,\N,\N,\N,\N,1
13318,546,182,6,11,1,2,2,2,6,80,+0.773,6696243,\N,\N,\N,\N,1
13319,546,222,59,20,3,3,3,3,4,80,+4.857,6700327,\N,\N,\N,\N,1
13320,546,221,25,4,12,4,4,4,3,80,+1:14.487,6769957,\N,\N,\N,\N,1
13321,546,224,56,28,7,5,5,5,2,80,+1:20.908,6776378,\N,\N,\N,\N,1
13322,546,197,67,34,9,6,6,6,1,79,\N,\N,\N,\N,\N,\N,11
13323,546,231,1,1,8,7,7,7,0,79,\N,\N,\N,\N,\N,\N,11
13324,546,255,32,6,16,8,8,8,0,79,\N,\N,\N,\N,\N,\N,11
13325,546,172,27,26,5,9,9,9,0,78,\N,\N,\N,\N,\N,\N,10
13326,546,205,37,10,18,10,10,10,0,77,\N,\N,\N,\N,\N,\N,13
13327,546,246,63,18,19,11,11,11,0,77,\N,\N,\N,\N,\N,\N,13
13328,546,238,25,3,10,\N,R,12,0,62,\N,\N,\N,\N,\N,\N,69
13329,546,223,57,22,13,\N,R,13,0,57,\N,\N,\N,\N,\N,\N,6
13330,546,233,34,8,17,\N,R,14,0,53,\N,\N,\N,\N,\N,\N,23
13331,546,178,58,17,14,\N,R,15,0,40,\N,\N,\N,\N,\N,\N,6
13332,546,200,1,2,15,\N,R,16,0,39,\N,\N,\N,\N,\N,\N,64
13333,546,187,34,7,6,\N,D,17,0,33,\N,\N,\N,\N,\N,\N,2
13334,546,254,58,16,20,\N,R,18,0,27,\N,\N,\N,\N,\N,\N,6
13335,546,237,37,9,22,\N,R,19,0,15,\N,\N,\N,\N,\N,\N,6
13336,546,199,6,12,4,\N,R,20,0,5,\N,\N,\N,\N,\N,\N,3
13337,546,239,37,30,21,\N,R,21,0,4,\N,\N,\N,\N,\N,\N,3
13338,546,230,63,19,11,\N,R,22,0,0,\N,\N,\N,\N,\N,\N,3
13339,547,207,32,5,1,1,1,1,9,75,1:42:52.220,6172220,\N,\N,\N,\N,1
13340,547,199,6,12,4,2,2,2,6,75,+15.85,6188070,\N,\N,\N,\N,1
13341,547,222,59,20,5,3,3,3,4,75,+24.51,6196730,\N,\N,\N,\N,1
13342,547,200,1,2,9,4,4,4,3,75,+24.87,6197090,\N,\N,\N,\N,1
13343,547,255,32,6,12,5,5,5,2,75,+1:05.83,6238050,\N,\N,\N,\N,1
13344,547,233,34,8,13,6,6,6,1,74,\N,\N,\N,\N,\N,\N,11
13345,547,172,27,26,2,7,7,7,0,74,\N,\N,\N,\N,\N,\N,11
13346,547,238,25,3,15,8,8,8,0,74,\N,\N,\N,\N,\N,\N,11
13347,547,246,63,18,20,9,9,9,0,73,\N,\N,\N,\N,\N,\N,12
13348,547,239,37,30,28,10,10,10,0,72,\N,\N,\N,\N,\N,\N,13
13349,547,251,37,10,17,11,11,11,0,72,\N,\N,\N,\N,\N,\N,13
13350,547,258,37,27,22,12,12,12,0,71,\N,\N,\N,\N,\N,\N,14
13351,547,208,1,36,23,13,13,13,0,70,\N,\N,\N,\N,\N,\N,15
13352,547,224,56,28,19,14,14,14,0,70,\N,\N,\N,\N,\N,\N,15
13353,547,187,34,7,6,\N,R,15,0,64,\N,\N,\N,\N,\N,\N,69
13354,547,178,58,17,14,\N,R,16,0,56,\N,\N,\N,\N,\N,\N,3
13355,547,211,64,24,16,\N,R,17,0,32,\N,\N,\N,\N,\N,\N,3
13356,547,229,64,25,10,\N,R,18,0,29,\N,\N,\N,\N,\N,\N,21
13357,547,254,58,16,24,\N,R,19,0,25,\N,\N,\N,\N,\N,\N,5
13358,547,232,37,37,21,\N,R,20,0,16,\N,\N,\N,\N,\N,\N,22
13359,547,221,25,4,10,\N,R,21,0,12,\N,\N,\N,\N,\N,\N,5
13360,547,231,1,1,7,\N,R,22,0,10,\N,\N,\N,\N,\N,\N,5
13361,547,223,57,22,8,\N,R,23,0,9,\N,\N,\N,\N,\N,\N,3
13362,547,230,63,19,11,\N,R,24,0,9,\N,\N,\N,\N,\N,\N,3
13363,547,182,6,11,3,\N,R,25,0,0,\N,\N,\N,\N,\N,\N,73
13364,547,197,67,34,0,\N,F,26,0,0,\N,\N,\N,\N,\N,\N,81
13365,547,237,37,9,0,\N,F,27,0,0,\N,\N,\N,\N,\N,\N,81
13366,547,257,37,33,0,\N,F,28,0,0,\N,\N,\N,\N,\N,\N,81
13367,547,205,37,38,0,\N,F,29,0,0,\N,\N,\N,\N,\N,\N,81
13368,547,259,68,31,0,\N,F,30,0,0,\N,\N,\N,\N,\N,\N,81
13369,547,260,66,35,0,\N,F,31,0,0,\N,\N,\N,\N,\N,\N,81
13370,548,222,59,20,2,1,1,1,9,76,1:57:52.77,7072770,\N,\N,\N,\N,1
13371,548,182,6,11,6,2,2,2,6,76,+0.889,7073659,\N,\N,\N,\N,1
13372,548,199,6,12,3,3,3,3,4,76,+32.8,7105570,\N,\N,\N,\N,1
13373,548,200,1,2,9,4,4,4,3,76,+34.6,7107370,\N,\N,\N,\N,1
13374,548,207,32,5,10,5,5,5,2,76,+35.55,7108320,\N,\N,\N,\N,1
13375,548,178,58,17,11,6,6,6,1,76,+36.61,7109380,\N,\N,\N,\N,1
13376,548,172,27,26,16,7,7,7,0,76,+1:04.44,7137210,\N,\N,\N,\N,1
13377,548,230,63,19,14,8,8,8,0,76,+1:08.64,7141410,\N,\N,\N,\N,1
13378,548,119,58,16,15,9,9,9,0,75,\N,\N,\N,\N,\N,\N,11
13379,548,235,57,22,17,10,10,10,0,75,\N,\N,\N,\N,\N,\N,11
13380,548,197,67,34,12,11,11,11,0,74,\N,\N,\N,\N,\N,\N,12
13381,548,211,64,24,20,12,12,12,0,73,\N,\N,\N,\N,\N,\N,13
13382,548,255,32,6,13,\N,R,13,0,51,\N,\N,\N,\N,\N,\N,6
13383,548,187,34,7,1,\N,R,14,0,48,\N,\N,\N,\N,\N,\N,6
13384,548,221,25,4,8,\N,R,15,0,46,\N,\N,\N,\N,\N,\N,6
13385,548,246,63,18,19,\N,R,16,0,41,\N,\N,\N,\N,\N,\N,69
13386,548,224,56,28,18,\N,R,17,0,37,\N,\N,\N,\N,\N,\N,5
13387,548,231,1,1,7,\N,R,18,0,25,\N,\N,\N,\N,\N,\N,5
13388,548,233,34,8,5,\N,R,19,0,19,\N,\N,\N,\N,\N,\N,10
13389,548,238,25,3,4,\N,R,20,0,10,\N,\N,\N,\N,\N,\N,23
13390,548,232,37,37,0,\N,F,21,0,0,\N,\N,\N,\N,\N,\N,81
13391,548,257,37,33,0,\N,F,22,0,0,\N,\N,\N,\N,\N,\N,81
13392,548,229,64,25,0,\N,F,23,0,0,\N,\N,\N,\N,\N,\N,81
13393,548,223,57,22,0,\N,F,24,0,0,\N,\N,\N,\N,\N,\N,81
13394,548,237,37,9,0,\N,F,25,0,0,\N,\N,\N,\N,\N,\N,81
13395,548,251,37,10,0,\N,F,26,0,0,\N,\N,\N,\N,\N,\N,81
13396,549,255,32,6,3,1,1,1,9,70,1:55:05.71,6905710,\N,\N,\N,\N,1
13397,549,182,6,11,11,2,2,2,6,70,+14.19,6919900,\N,\N,\N,\N,1
13398,549,238,25,3,8,3,3,3,4,70,+19.95,6925660,\N,\N,\N,\N,1
13399,549,230,63,19,12,4,4,4,3,70,+24.98,6930690,\N,\N,\N,\N,1
13400,549,178,58,17,17,5,5,5,2,70,+1:15.47,6981180,\N,\N,\N,\N,1
13401,549,233,34,8,18,6,6,6,1,69,\N,\N,\N,\N,\N,\N,11
13402,549,231,1,1,9,7,7,7,0,69,\N,\N,\N,\N,\N,\N,11
13403,549,221,25,4,5,8,8,8,0,69,\N,\N,\N,\N,\N,\N,11
13404,549,229,64,25,25,9,9,9,0,69,\N,\N,\N,\N,\N,\N,11
13405,549,258,37,27,24,10,10,10,0,68,\N,\N,\N,\N,\N,\N,12
13406,549,197,67,34,26,11,11,11,0,68,\N,\N,\N,\N,\N,\N,12
13407,549,256,63,18,23,12,12,12,0,67,\N,\N,\N,\N,\N,\N,13
13408,549,259,68,31,20,13,13,13,0,67,\N,\N,\N,\N,\N,\N,13
13409,549,232,37,37,14,14,14,14,0,65,\N,\N,\N,\N,\N,\N,15
13410,549,257,37,33,27,\N,N,15,0,63,\N,\N,\N,\N,\N,\N,62
13411,549,222,59,20,4,\N,R,16,0,62,\N,\N,\N,\N,\N,\N,5
13412,549,200,1,2,6,\N,R,17,0,39,\N,\N,\N,\N,\N,\N,3
13413,549,172,27,26,10,\N,R,18,0,32,\N,\N,\N,\N,\N,\N,5
13414,549,223,57,22,13,\N,R,19,0,29,\N,\N,\N,\N,\N,\N,5
13415,549,199,6,12,7,\N,R,20,0,14,\N,\N,\N,\N,\N,\N,3
13416,549,211,64,24,19,\N,R,21,0,14,\N,\N,\N,\N,\N,\N,3
13417,549,119,58,16,15,\N,R,22,0,12,\N,\N,\N,\N,\N,\N,3
13418,549,251,37,10,21,\N,R,23,0,8,\N,\N,\N,\N,\N,\N,3
13419,549,224,56,28,16,\N,R,24,0,2,\N,\N,\N,\N,\N,\N,10
13420,549,207,32,5,1,\N,R,25,0,0,\N,\N,\N,\N,\N,\N,3
13421,549,187,34,7,2,\N,R,26,0,0,\N,\N,\N,\N,\N,\N,3
13422,549,208,1,36,0,\N,F,27,0,0,\N,\N,\N,\N,\N,\N,81
13423,549,237,37,9,0,\N,F,28,0,0,\N,\N,\N,\N,\N,\N,81
13424,549,260,66,35,0,\N,F,29,0,0,\N,\N,\N,\N,\N,\N,81
13425,549,261,37,38,0,\N,F,30,0,0,\N,\N,\N,\N,\N,\N,81
13426,549,212,64,39,0,\N,F,31,0,0,\N,\N,\N,\N,\N,\N,81
13427,550,172,27,26,8,1,1,1,9,72,1:46:56.4,6416400,\N,\N,\N,\N,1
13428,550,200,1,2,9,2,2,2,6,72,+8.449,6424849,\N,\N,\N,\N,1
13429,550,199,6,12,12,3,3,3,4,72,+14.369,6430769,\N,\N,\N,\N,1
13430,550,221,25,4,6,4,4,4,3,72,+16.308,6432708,\N,\N,\N,\N,1
13431,550,187,34,7,2,5,5,5,2,72,+18.735,6435135,\N,\N,\N,\N,1
13432,550,207,32,5,1,6,6,6,1,72,+25.277,6441677,\N,\N,\N,\N,1
13433,550,223,57,22,14,7,7,7,0,72,+31.266,6447666,\N,\N,\N,\N,1
13434,550,197,67,34,17,8,8,8,0,72,+1:04.567,6480967,\N,\N,\N,\N,1
13435,550,262,58,16,16,9,9,9,0,72,+1:22.479,6498879,\N,\N,\N,\N,1
13436,550,233,34,8,5,10,10,10,0,71,\N,\N,\N,\N,\N,\N,11
13437,550,239,1,30,22,11,11,11,0,71,\N,\N,\N,\N,\N,\N,11
13438,550,231,1,1,3,12,12,12,0,71,\N,\N,\N,\N,\N,\N,11
13439,550,211,64,24,24,13,13,13,0,71,\N,\N,\N,\N,\N,\N,11
13440,550,259,68,31,19,14,14,14,0,70,\N,\N,\N,\N,\N,\N,12
13441,550,258,37,27,20,15,15,15,0,69,\N,\N,\N,\N,\N,\N,13
13442,550,229,64,25,23,16,16,16,0,68,\N,\N,\N,\N,\N,\N,14
13443,550,178,58,17,11,17,17,17,0,67,\N,\N,\N,\N,\N,\N,15
13444,550,224,56,28,18,18,18,18,0,66,\N,\N,\N,\N,\N,\N,16
13445,550,255,32,6,7,19,19,19,0,64,\N,\N,\N,\N,\N,\N,67
13446,550,251,37,10,21,\N,R,20,0,61,\N,\N,\N,\N,\N,\N,7
13447,550,230,63,19,13,\N,R,21,0,52,\N,\N,\N,\N,\N,\N,32
13448,550,182,6,11,15,\N,R,22,0,47,\N,\N,\N,\N,\N,\N,64
13449,550,222,59,20,4,\N,R,23,0,29,\N,\N,\N,\N,\N,\N,3
13450,550,238,25,3,10,\N,R,24,0,7,\N,\N,\N,\N,\N,\N,80
13451,550,237,37,9,0,\N,F,25,0,0,\N,\N,\N,\N,\N,\N,81
13452,550,208,1,36,0,\N,F,26,0,0,\N,\N,\N,\N,\N,\N,81
13453,550,256,63,18,0,\N,F,27,0,0,\N,\N,\N,\N,\N,\N,81
13454,550,257,37,33,0,\N,F,28,0,0,\N,\N,\N,\N,\N,\N,81
13455,550,212,64,39,0,\N,F,29,0,0,\N,\N,\N,\N,\N,\N,81
13456,550,260,66,35,0,\N,F,30,0,0,\N,\N,\N,\N,\N,\N,81
13457,550,263,37,32,0,\N,F,31,0,0,\N,\N,\N,\N,\N,\N,81
13458,551,207,32,5,1,1,1,1,9,80,1:39:40.13,5980130,\N,\N,\N,\N,1
13459,551,187,34,7,4,2,2,2,6,80,+1.55,5981680,\N,\N,\N,\N,1
13460,551,231,1,1,2,3,3,3,4,80,+33.87,6014000,\N,\N,\N,\N,1
13461,551,255,32,6,3,4,4,4,3,80,+1:11.08,6051210,\N,\N,\N,\N,1
13462,551,182,6,11,9,5,5,5,2,80,+1:14.15,6054280,\N,\N,\N,\N,1
13463,551,199,6,12,6,6,6,6,1,79,\N,\N,\N,\N,\N,\N,11
13464,551,223,57,22,16,7,7,7,0,79,\N,\N,\N,\N,\N,\N,11
13465,551,172,27,26,5,8,8,8,0,78,\N,\N,\N,\N,\N,\N,12
13466,551,200,1,2,7,9,9,9,0,78,\N,\N,\N,\N,\N,\N,12
13467,551,211,64,24,14,10,10,10,0,78,\N,\N,\N,\N,\N,\N,12
13468,551,224,56,28,22,11,11,11,0,77,\N,\N,\N,\N,\N,\N,13
13469,551,238,25,3,17,12,12,12,0,77,\N,\N,\N,\N,\N,\N,13
13470,551,230,63,19,11,13,13,13,0,77,\N,\N,\N,\N,\N,\N,13
13471,551,251,37,10,20,\N,N,14,0,69,\N,\N,\N,\N,\N,\N,62
13472,551,222,59,20,8,\N,R,15,0,66,\N,\N,\N,\N,\N,\N,3
13473,551,233,34,8,13,\N,R,16,0,64,\N,\N,\N,\N,\N,\N,3
13474,551,178,58,17,10,\N,R,17,0,60,\N,\N,\N,\N,\N,\N,7
13475,551,232,37,37,18,\N,R,18,0,27,\N,\N,\N,\N,\N,\N,6
13476,551,221,25,4,12,\N,R,19,0,21,\N,\N,\N,\N,\N,\N,3
13477,551,119,58,16,15,\N,R,20,0,6,\N,\N,\N,\N,\N,\N,5
13478,551,259,68,31,21,\N,R,21,0,5,\N,\N,\N,\N,\N,\N,3
13479,551,197,67,34,19,\N,R,22,0,4,\N,\N,\N,\N,\N,\N,3
13480,551,237,37,9,0,\N,F,23,0,0,\N,\N,\N,\N,\N,\N,81
13481,551,258,37,27,0,\N,F,24,0,0,\N,\N,\N,\N,\N,\N,81
13482,551,239,1,30,0,\N,F,25,0,0,\N,\N,\N,\N,\N,\N,81
13483,551,229,64,25,0,\N,F,26,0,0,\N,\N,\N,\N,\N,\N,81
13484,551,256,63,18,0,\N,F,27,0,0,\N,\N,\N,\N,\N,\N,81
13485,551,212,64,39,0,\N,F,28,0,0,\N,\N,\N,\N,\N,\N,81
13486,551,175,63,18,0,\N,F,29,0,0,\N,\N,\N,\N,\N,\N,81
13487,551,260,66,35,0,\N,F,30,0,0,\N,\N,\N,\N,\N,\N,81
13488,552,231,1,1,1,1,1,1,9,68,1:31:46.06,5506060,\N,\N,\N,\N,1
13489,552,182,6,11,3,2,2,2,6,68,+18.31,5524370,\N,\N,\N,\N,1
13490,552,255,32,6,5,3,3,3,4,68,+19.57,5525630,\N,\N,\N,\N,1
13491,552,200,1,2,11,4,4,4,3,68,+47.76,5553820,\N,\N,\N,\N,1
13492,552,233,34,8,7,5,5,5,2,68,+1:11.73,5577790,\N,\N,\N,\N,1
13493,552,172,27,26,15,6,6,6,1,67,\N,\N,\N,\N,\N,\N,11
13494,552,178,58,17,12,7,7,7,0,67,\N,\N,\N,\N,\N,\N,11
13495,552,230,63,19,8,8,8,8,0,67,\N,\N,\N,\N,\N,\N,11
13496,552,197,67,34,20,9,9,9,0,67,\N,\N,\N,\N,\N,\N,11
13497,552,258,37,27,26,10,10,10,0,66,\N,\N,\N,\N,\N,\N,12
13498,552,203,1,40,9,11,11,11,0,66,\N,\N,\N,\N,\N,\N,12
13499,552,267,63,18,23,12,12,12,0,66,\N,\N,\N,\N,\N,\N,12
13500,552,239,1,30,19,13,13,13,0,64,\N,\N,\N,\N,\N,\N,14
13501,552,207,32,5,6,14,14,14,0,62,\N,\N,\N,\N,\N,\N,5
13502,552,199,6,12,14,15,15,15,0,62,\N,\N,\N,\N,\N,\N,16
13503,552,187,34,7,2,\N,R,16,0,60,\N,\N,\N,\N,\N,\N,69
13504,552,222,59,20,4,\N,R,17,0,59,\N,\N,\N,\N,\N,\N,5
13505,552,224,56,28,22,\N,R,18,0,42,\N,\N,\N,\N,\N,\N,37
13506,552,232,37,37,17,\N,R,19,0,28,\N,\N,\N,\N,\N,\N,7
13507,552,119,58,16,25,\N,R,20,0,20,\N,\N,\N,\N,\N,\N,32
13508,552,221,25,4,18,\N,R,21,0,16,\N,\N,\N,\N,\N,\N,23
13509,552,219,4,15,21,\N,R,22,0,16,\N,\N,\N,\N,\N,\N,101
13510,552,251,37,10,24,\N,R,23,0,6,\N,\N,\N,\N,\N,\N,3
13511,552,238,25,3,16,\N,R,24,0,3,\N,\N,\N,\N,\N,\N,5
13512,552,175,57,23,10,\N,R,25,0,3,\N,\N,\N,\N,\N,\N,10
13513,552,211,64,24,13,\N,R,26,0,0,\N,\N,\N,\N,\N,\N,3
13514,552,237,37,9,0,\N,F,27,0,0,\N,\N,\N,\N,\N,\N,81
13515,552,223,57,22,0,\N,F,28,0,0,\N,\N,\N,\N,\N,\N,81
13516,552,205,37,38,0,\N,F,29,0,0,\N,\N,\N,\N,\N,\N,81
13517,552,208,1,36,0,\N,F,30,0,0,\N,\N,\N,\N,\N,\N,81
13518,552,259,68,31,0,\N,F,31,0,0,\N,\N,\N,\N,\N,\N,97
13519,552,264,37,33,0,\N,F,32,0,0,\N,\N,\N,\N,\N,\N,97
13520,552,265,66,35,0,\N,F,33,0,0,\N,\N,\N,\N,\N,\N,97
13521,552,245,63,44,0,\N,F,34,0,0,\N,\N,\N,\N,\N,\N,97
13522,552,266,69,45,0,\N,F,35,0,0,\N,\N,\N,\N,\N,\N,97
13523,552,263,37,32,0,\N,F,36,0,0,\N,\N,\N,\N,\N,\N,97
13524,553,182,6,11,3,1,1,1,9,47,1:31:49.3,5509300,\N,\N,\N,\N,1
13525,553,222,59,20,1,2,2,2,6,47,+14.33,5523630,\N,\N,\N,\N,1
13526,553,233,34,8,5,3,3,3,4,47,+20.9,5530200,\N,\N,\N,\N,1
13527,553,199,6,12,8,4,4,4,3,47,+60.27,5569570,\N,\N,\N,\N,1
13528,553,230,63,19,10,5,5,5,2,47,+87.37,5596670,\N,\N,\N,\N,1
13529,553,175,57,23,11,6,6,6,1,47,+89.81,5599110,\N,\N,\N,\N,1
13530,553,267,63,18,19,7,7,7,0,46,\N,\N,\N,\N,\N,\N,11
13531,553,237,37,9,20,8,8,8,0,46,\N,\N,\N,\N,\N,\N,11
13532,553,238,25,3,14,9,9,9,0,42,\N,\N,\N,\N,\N,\N,5
13533,553,119,58,16,16,10,10,10,0,42,\N,\N,\N,\N,\N,\N,36
13534,553,211,64,24,23,\N,R,11,0,40,\N,\N,\N,\N,\N,\N,3
13535,553,207,32,5,7,\N,R,12,0,34,\N,\N,\N,\N,\N,\N,5
13536,553,231,1,1,4,\N,R,13,0,32,\N,\N,\N,\N,\N,\N,48
13537,553,255,32,6,9,\N,R,14,0,31,\N,\N,\N,\N,\N,\N,5
13538,553,200,1,2,13,\N,R,15,0,26,\N,\N,\N,\N,\N,\N,6
13539,553,221,25,4,15,\N,R,16,0,22,\N,\N,\N,\N,\N,\N,5
13540,553,172,27,26,6,\N,R,17,0,21,\N,\N,\N,\N,\N,\N,5
13541,553,212,64,25,24,\N,R,18,0,20,\N,\N,\N,\N,\N,\N,5
13542,553,239,1,30,21,\N,R,19,0,14,\N,\N,\N,\N,\N,\N,3
13543,553,251,37,10,19,\N,R,20,0,9,\N,\N,\N,\N,\N,\N,8
13544,553,187,34,7,2,\N,R,21,0,8,\N,\N,\N,\N,\N,\N,5
13545,553,197,67,34,12,\N,R,22,0,5,\N,\N,\N,\N,\N,\N,7
13546,553,178,58,17,17,\N,R,23,0,0,\N,\N,\N,\N,\N,\N,3
13547,553,268,67,35,25,\N,F,24,0,9,\N,\N,\N,\N,\N,\N,81
13548,553,258,37,27,0,\N,F,25,0,0,\N,\N,\N,\N,\N,\N,81
13549,553,208,1,36,0,\N,F,26,0,0,\N,\N,\N,\N,\N,\N,81
13550,553,224,56,28,0,\N,F,27,0,0,\N,\N,\N,\N,\N,\N,81
13551,553,232,37,37,0,\N,F,28,0,0,\N,\N,\N,\N,\N,\N,81
13552,553,269,66,40,0,\N,F,29,0,0,\N,\N,\N,\N,\N,\N,81
13553,554,178,58,17,14,1,1,1,9,54,1:37:16.49,5836490,\N,\N,\N,\N,1
13554,554,182,6,11,1,2,2,2,6,54,+20.13,5856620,\N,\N,\N,\N,1
13555,554,233,34,8,4,3,3,3,4,54,+34.5,5870990,\N,\N,\N,\N,1
13556,554,199,6,12,5,4,4,4,3,54,+34.75,5871240,\N,\N,\N,\N,1
13557,554,238,25,3,15,5,5,5,2,54,+72.09,5908580,\N,\N,\N,\N,1
13558,554,200,1,2,9,6,6,6,1,53,\N,\N,\N,\N,\N,\N,11
13559,554,211,64,24,20,7,7,7,0,53,\N,\N,\N,\N,\N,\N,11
13560,554,187,34,7,12,8,8,8,0,53,\N,\N,\N,\N,\N,\N,11
13561,554,258,37,27,22,9,9,9,0,53,\N,\N,\N,\N,\N,\N,11
13562,554,239,1,30,17,10,10,10,0,53,\N,\N,\N,\N,\N,\N,11
13563,554,224,56,28,23,11,11,11,0,53,\N,\N,\N,\N,\N,\N,11
13564,554,246,67,33,19,12,12,12,0,53,\N,\N,\N,\N,\N,\N,11
13565,554,221,25,4,10,13,13,13,0,53,\N,\N,\N,\N,\N,\N,11
13566,554,197,67,34,18,14,14,14,0,52,\N,\N,\N,\N,\N,\N,12
13567,554,230,63,19,13,15,15,15,0,52,\N,\N,\N,\N,\N,\N,12
13568,554,267,63,18,25,16,16,16,0,52,\N,\N,\N,\N,\N,\N,12
13569,554,208,1,36,26,17,17,17,0,50,\N,\N,\N,\N,\N,\N,3
13570,554,222,59,20,8,\N,R,18,0,45,\N,\N,\N,\N,\N,\N,20
13571,554,231,1,1,2,\N,R,19,0,43,\N,\N,\N,\N,\N,\N,5
13572,554,175,57,23,7,\N,R,20,0,41,\N,\N,\N,\N,\N,\N,5
13573,554,255,32,6,16,\N,R,21,0,38,\N,\N,\N,\N,\N,\N,5
13574,554,232,58,16,21,\N,R,22,0,29,\N,\N,\N,\N,\N,\N,6
13575,554,172,27,26,6,\N,R,23,0,21,\N,\N,\N,\N,\N,\N,44
13576,554,207,32,5,3,\N,R,24,0,11,\N,\N,\N,\N,\N,\N,5
13577,554,251,37,10,24,\N,R,25,0,2,\N,\N,\N,\N,\N,\N,3
13578,554,223,57,22,11,\N,R,26,0,0,\N,\N,\N,\N,\N,\N,3
13579,554,205,37,38,0,\N,F,27,0,0,\N,\N,\N,\N,\N,\N,81
13580,554,270,64,39,0,\N,F,28,0,0,\N,\N,\N,\N,\N,\N,81
13581,554,212,64,25,0,\N,F,29,0,0,\N,\N,\N,\N,\N,\N,81
13582,554,237,37,9,0,\N,F,30,0,0,\N,\N,\N,\N,\N,\N,81
13583,555,182,6,11,4,1,1,1,9,75,1:41:45.93,6105930,\N,\N,\N,\N,1
13584,555,172,27,26,2,2,2,2,6,75,+1.89,6107820,\N,\N,\N,\N,1
13585,555,222,59,20,15,3,3,3,4,74,\N,\N,\N,\N,\N,\N,11
13586,555,224,56,28,17,4,4,4,3,74,\N,\N,\N,\N,\N,\N,11
13587,555,175,57,23,12,5,5,5,2,73,\N,\N,\N,\N,\N,\N,60
13588,555,199,6,12,6,6,6,6,1,73,\N,\N,\N,\N,\N,\N,12
13589,555,233,34,8,19,7,7,7,0,73,\N,\N,\N,\N,\N,\N,12
13590,555,246,67,35,18,8,8,8,0,73,\N,\N,\N,\N,\N,\N,12
13591,555,239,1,30,20,9,9,9,0,73,\N,\N,\N,\N,\N,\N,12
13592,555,251,37,10,25,10,10,10,0,73,\N,\N,\N,\N,\N,\N,12
13593,555,237,37,9,24,11,11,11,0,72,\N,\N,\N,\N,\N,\N,13
13594,555,230,63,19,22,12,12,12,0,67,\N,\N,\N,\N,\N,\N,3
13595,555,119,58,16,16,13,13,13,0,67,\N,\N,\N,\N,\N,\N,5
13596,555,205,70,38,23,\N,D,14,0,52,\N,\N,\N,\N,\N,\N,2
13597,555,219,4,15,10,\N,R,15,0,39,\N,\N,\N,\N,\N,\N,22
13598,555,255,32,6,5,\N,R,16,0,34,\N,\N,\N,\N,\N,\N,3
13599,555,178,58,17,13,\N,R,17,0,32,\N,\N,\N,\N,\N,\N,5
13600,555,221,25,4,11,\N,R,18,0,31,\N,\N,\N,\N,\N,\N,5
13601,555,238,25,3,7,\N,R,19,0,18,\N,\N,\N,\N,\N,\N,80
13602,555,223,57,22,9,\N,R,20,0,17,\N,\N,\N,\N,\N,\N,37
13603,555,207,32,5,1,\N,R,21,0,14,\N,\N,\N,\N,\N,\N,5
13604,555,211,64,24,26,\N,R,22,0,8,\N,\N,\N,\N,\N,\N,3
13605,555,231,1,1,3,\N,R,23,0,5,\N,\N,\N,\N,\N,\N,3
13606,555,197,67,34,21,\N,R,24,0,4,\N,\N,\N,\N,\N,\N,80
13607,555,187,34,7,8,\N,R,25,0,2,\N,\N,\N,\N,\N,\N,44
13608,555,200,1,2,14,\N,R,26,0,0,\N,\N,\N,\N,\N,\N,3
13609,555,258,37,27,0,\N,F,27,0,0,\N,\N,\N,\N,\N,\N,81
13610,555,232,37,37,0,\N,F,28,0,0,\N,\N,\N,\N,\N,\N,81
13611,555,267,63,18,0,\N,F,29,0,0,\N,\N,\N,\N,\N,\N,81
13612,555,270,64,39,0,\N,F,30,0,0,\N,\N,\N,\N,\N,\N,81
13613,555,257,37,33,0,\N,F,31,0,0,\N,\N,\N,\N,\N,\N,81
13614,555,212,64,25,0,\N,F,32,0,0,\N,\N,\N,\N,\N,\N,81
13615,555,269,66,29,0,\N,F,33,0,0,\N,\N,\N,\N,\N,\N,81
13616,555,247,37,32,0,\N,F,34,0,0,\N,\N,\N,\N,\N,\N,81
13617,556,207,32,5,4,1,1,1,9,52,1:27:50.30,5270300,\N,\N,\N,\N,1
13618,556,182,6,11,5,2,2,2,6,52,+16.96,5287260,\N,\N,\N,\N,1
13619,556,178,58,17,16,3,3,3,4,52,+23.63,5293930,\N,\N,\N,\N,1
13620,556,200,1,2,9,4,4,4,3,52,+28.48,5298780,\N,\N,\N,\N,1
13621,556,223,57,22,7,5,5,5,2,52,+30.11,5300410,\N,\N,\N,\N,1
13622,556,238,25,3,12,6,6,6,1,52,+1:19.22,5349520,\N,\N,\N,\N,1
13623,556,258,37,27,24,7,7,7,0,50,\N,\N,\N,\N,\N,\N,12
13624,556,172,27,26,8,8,8,8,0,50,\N,\N,\N,\N,\N,\N,12
13625,556,211,64,24,23,9,9,9,0,48,\N,\N,\N,\N,\N,\N,14
13626,556,251,37,10,17,\N,R,10,0,41,\N,\N,\N,\N,\N,\N,7
13627,556,199,6,12,2,\N,R,11,0,39,\N,\N,\N,\N,\N,\N,20
13628,556,119,58,16,6,\N,R,12,0,39,\N,\N,\N,\N,\N,\N,20
13629,556,152,1,14,15,\N,R,13,0,38,\N,\N,\N,\N,\N,\N,5
13630,556,233,34,8,11,\N,R,14,0,31,\N,\N,\N,\N,\N,\N,5
13631,556,231,1,1,1,\N,R,15,0,26,\N,\N,\N,\N,\N,\N,20
13632,556,221,25,4,13,\N,R,16,0,24,\N,\N,\N,\N,\N,\N,5
13633,556,222,59,20,3,\N,R,17,0,23,\N,\N,\N,\N,\N,\N,5
13634,556,219,4,15,20,\N,R,18,0,23,\N,\N,\N,\N,\N,\N,5
13635,556,197,67,34,18,\N,R,19,0,19,\N,\N,\N,\N,\N,\N,5
13636,556,175,57,23,21,\N,R,20,0,9,\N,\N,\N,\N,\N,\N,5
13637,556,230,63,19,10,\N,R,21,0,5,\N,\N,\N,\N,\N,\N,3
13638,556,255,32,6,22,\N,R,22,0,4,\N,\N,\N,\N,\N,\N,22
13639,556,239,1,30,19,\N,R,23,0,4,\N,\N,\N,\N,\N,\N,5
13640,556,187,34,7,14,\N,R,24,0,3,\N,\N,\N,\N,\N,\N,3
13641,556,237,37,9,0,\N,F,25,0,0,\N,\N,\N,\N,\N,\N,81
13642,556,224,56,28,0,\N,F,26,0,0,\N,\N,\N,\N,\N,\N,81
13643,556,241,63,18,0,\N,F,27,0,0,\N,\N,\N,\N,\N,\N,81
13644,556,205,70,38,0,\N,F,28,0,0,\N,\N,\N,\N,\N,\N,81
13645,556,208,1,36,0,\N,F,29,0,0,\N,\N,\N,\N,\N,\N,81
13646,556,270,64,25,0,\N,F,30,0,0,\N,\N,\N,\N,\N,\N,81
13647,556,269,66,29,0,\N,F,31,0,0,\N,\N,\N,\N,\N,\N,81
13648,556,246,67,33,0,\N,F,32,0,0,\N,\N,\N,\N,\N,\N,81
13649,556,271,71,41,0,\N,F,33,0,0,\N,\N,\N,\N,\N,\N,81
13650,556,220,34,21,0,\N,F,34,0,0,\N,\N,\N,\N,\N,\N,81
13651,557,231,1,1,1,1,1,1,9,59,1:58:23.267,7103267,\N,\N,\N,\N,1
13652,557,207,32,5,4,2,2,2,6,59,+0:02.026,7105293,\N,\N,\N,\N,1
13653,557,222,59,20,9,3,3,3,4,59,+1:18.879,7182146,\N,\N,\N,\N,1
13654,557,182,6,11,7,4,4,4,3,59,+1:40.615,7203882,\N,\N,\N,\N,1
13655,557,223,57,22,19,5,5,5,2,59,+1:48.138,7211405,\N,\N,\N,\N,1
13656,557,199,6,12,6,6,6,6,1,58,\N,\N,\N,\N,\N,\N,11
13657,557,172,27,26,10,7,7,7,0,58,\N,\N,\N,\N,\N,\N,11
13658,557,211,64,24,20,8,8,8,0,58,\N,\N,\N,\N,\N,\N,11
13659,557,197,58,16,16,9,9,9,0,58,\N,\N,\N,\N,\N,\N,11
13660,557,239,1,30,17,10,10,10,0,57,\N,\N,\N,\N,\N,\N,12
13661,557,246,63,18,25,11,11,11,0,57,\N,\N,\N,\N,\N,\N,12
13662,557,187,34,7,3,12,12,12,0,57,\N,\N,\N,\N,\N,\N,12
13663,557,224,56,28,18,13,13,13,0,57,\N,\N,\N,\N,\N,\N,12
13664,557,221,25,4,8,14,14,14,0,56,\N,\N,\N,\N,\N,\N,13
13665,557,237,37,9,23,15,15,15,0,56,\N,\N,\N,\N,\N,\N,13
13666,557,238,25,3,5,16,16,16,0,56,\N,\N,\N,\N,\N,\N,13
13667,557,270,64,25,22,17,17,17,0,55,\N,\N,\N,\N,\N,\N,14
13668,557,258,37,27,24,18,18,18,0,55,\N,\N,\N,\N,\N,\N,14
13669,557,230,63,19,11,19,19,19,0,54,\N,\N,\N,\N,\N,\N,15
13670,557,219,4,15,14,\N,R,20,0,30,\N,\N,\N,\N,\N,\N,91
13671,557,255,32,6,12,\N,R,21,0,17,\N,\N,\N,\N,\N,\N,3
13672,557,233,34,8,2,\N,R,22,0,14,\N,\N,\N,\N,\N,\N,3
13673,557,251,37,10,21,\N,R,23,0,10,\N,\N,\N,\N,\N,\N,3
13674,557,200,1,2,15,\N,R,24,0,8,\N,\N,\N,\N,\N,\N,48
13675,557,240,67,14,26,\N,R,25,0,6,\N,\N,\N,\N,\N,\N,3
13676,557,178,58,17,13,\N,R,26,0,3,\N,\N,\N,\N,\N,\N,3
13677,557,175,57,23,0,\N,F,27,0,0,\N,\N,\N,\N,\N,\N,81
13678,558,222,59,20,9,1,1,1,9,80,1:40:00.0,6000000,\N,\N,\N,\N,1
13679,558,221,25,4,6,2,2,2,6,80,+6.77,6006770,\N,\N,\N,\N,1
13680,558,200,1,2,5,3,3,3,4,80,+15.76,6015760,\N,\N,\N,\N,1
13681,558,178,58,17,7,4,4,4,3,80,+46.69,6046690,\N,\N,\N,\N,1
13682,558,175,57,23,16,5,5,5,2,80,+1:03.26,6063260,\N,\N,\N,\N,1
13683,558,230,63,19,15,6,6,6,1,78,\N,\N,\N,\N,\N,\N,3
13684,558,240,67,14,22,7,7,7,0,78,\N,\N,\N,\N,\N,\N,12
13685,558,237,37,9,23,8,8,8,0,78,\N,\N,\N,\N,\N,\N,12
13686,558,207,32,5,1,9,9,9,0,77,\N,\N,\N,\N,\N,\N,5
13687,558,119,58,16,8,10,10,10,0,76,\N,\N,\N,\N,\N,\N,20
13688,558,239,1,30,20,11,11,11,0,76,\N,\N,\N,\N,\N,\N,5
13689,558,203,6,21,17,12,12,12,0,76,\N,\N,\N,\N,\N,\N,7
13690,558,231,1,1,2,\N,R,13,0,61,\N,\N,\N,\N,\N,\N,3
13691,558,258,37,27,21,\N,R,14,0,56,\N,\N,\N,\N,\N,\N,5
13692,558,238,25,3,3,\N,R,15,0,34,\N,\N,\N,\N,\N,\N,95
13693,558,211,64,24,25,\N,R,16,0,32,\N,\N,\N,\N,\N,\N,3
13694,558,246,63,18,24,\N,R,17,0,31,\N,\N,\N,\N,\N,\N,3
13695,558,251,37,10,18,\N,R,18,0,29,\N,\N,\N,\N,\N,\N,5
13696,558,224,56,28,19,\N,R,19,0,29,\N,\N,\N,\N,\N,\N,5
13697,558,199,6,12,12,\N,R,20,0,20,\N,\N,\N,\N,\N,\N,69
13698,558,233,34,8,13,\N,R,21,0,19,\N,\N,\N,\N,\N,\N,5
13699,558,255,32,6,4,\N,R,22,0,17,\N,\N,\N,\N,\N,\N,3
13700,558,172,27,26,11,\N,R,23,0,12,\N,\N,\N,\N,\N,\N,7
13701,558,187,34,7,10,\N,R,24,0,1,\N,\N,\N,\N,\N,\N,22
13702,558,223,57,22,14,\N,R,25,0,0,\N,\N,\N,\N,\N,\N,3
13703,558,270,64,25,0,\N,W,26,0,0,\N,\N,\N,\N,\N,\N,54
13704,558,219,4,15,0,\N,F,27,0,0,\N,\N,\N,\N,\N,\N,81
13705,559,231,1,1,2,1,1,1,9,73,1:31:51.68,5511680,\N,\N,\N,\N,1
13706,559,199,6,12,7,2,2,2,6,73,+1:02.45,5574130,\N,\N,\N,\N,1
13707,559,221,25,4,15,3,3,3,4,73,+1:06.39,5578070,\N,\N,\N,\N,1
13708,559,178,58,17,12,4,4,4,3,73,+1:06.61,5578290,\N,\N,\N,\N,1
13709,559,172,27,26,5,5,5,5,2,72,\N,\N,\N,\N,\N,\N,60
13710,559,119,58,16,13,6,6,6,1,72,\N,\N,\N,\N,\N,\N,11
13711,559,233,34,8,4,7,7,7,0,72,\N,\N,\N,\N,\N,\N,11
13712,559,230,63,19,9,8,8,8,0,71,\N,\N,\N,\N,\N,\N,12
13713,559,272,25,50,22,9,9,9,0,71,\N,\N,\N,\N,\N,\N,12
13714,559,222,59,20,6,10,10,10,0,71,\N,\N,\N,\N,\N,\N,12
13715,559,273,72,52,11,11,11,11,0,71,\N,\N,\N,\N,\N,\N,12
13716,559,237,37,9,23,12,12,12,0,69,\N,\N,\N,\N,\N,\N,14
13717,559,255,32,6,14,\N,R,13,0,63,\N,\N,\N,\N,\N,\N,6
13718,559,223,57,22,10,\N,R,14,0,43,\N,\N,\N,\N,\N,\N,5
13719,559,187,34,7,3,\N,R,15,0,29,\N,\N,\N,\N,\N,\N,6
13720,559,200,1,2,8,\N,R,16,0,28,\N,\N,\N,\N,\N,\N,5
13721,559,175,57,23,16,\N,R,17,0,14,\N,\N,\N,\N,\N,\N,5
13722,559,238,25,3,18,\N,R,18,0,5,\N,\N,\N,\N,\N,\N,3
13723,559,203,6,11,20,\N,R,19,0,5,\N,\N,\N,\N,\N,\N,3
13724,559,197,27,27,17,\N,R,20,0,3,\N,\N,\N,\N,\N,\N,5
13725,559,207,32,5,1,\N,R,21,0,1,\N,\N,\N,\N,\N,\N,4
13726,559,274,72,51,19,\N,R,22,0,1,\N,\N,\N,\N,\N,\N,4
13727,559,246,63,18,21,\N,R,23,0,1,\N,\N,\N,\N,\N,\N,4
13728,560,182,6,1,2,1,1,1,9,40,1:45:16.78,6316780,\N,\N,\N,\N,1
13729,560,221,25,4,9,2,2,2,6,40,+21.47,6338250,\N,\N,\N,\N,1
13730,560,252,58,16,12,3,3,3,4,40,+23.84,6340620,\N,\N,\N,\N,1
13731,560,233,37,34,14,4,4,4,3,40,+1:28.17,6404950,\N,\N,\N,\N,1
13732,560,222,25,3,13,5,5,5,2,40,+1:56.46,6433240,\N,\N,\N,\N,1
13733,560,200,1,12,6,6,6,6,1,40,+1:58.27,6435050,\N,\N,\N,\N,1
13734,560,223,6,2,4,7,7,7,0,40,+2:15.24,6452020,\N,\N,\N,\N,1
13735,560,235,59,20,19,8,8,8,0,39,\N,\N,\N,\N,\N,\N,11
13736,560,254,3,21,17,9,9,9,0,39,\N,\N,\N,\N,\N,\N,11
13737,560,250,204,8,10,10,10,10,0,39,\N,\N,\N,\N,\N,\N,11
13738,560,253,56,31,20,11,11,11,0,39,\N,\N,\N,\N,\N,\N,11
13739,560,199,204,7,15,12,12,12,0,37,\N,\N,\N,\N,\N,\N,60
13740,560,224,56,30,5,13,13,13,0,37,\N,\N,\N,\N,\N,\N,13
13741,560,275,37,10,22,14,14,14,0,36,\N,\N,\N,\N,\N,\N,14
13742,560,197,58,17,3,\N,R,15,0,33,\N,\N,\N,\N,\N,\N,3
13743,560,231,1,11,1,\N,R,16,0,32,\N,\N,\N,\N,\N,\N,3
13744,560,230,37,9,7,\N,R,17,0,15,\N,\N,\N,\N,\N,\N,44
13745,560,172,27,26,11,\N,R,18,0,14,\N,\N,\N,\N,\N,\N,7
13746,560,238,32,5,18,\N,R,19,0,10,\N,\N,\N,\N,\N,\N,3
13747,560,207,32,6,16,\N,R,20,0,6,\N,\N,\N,\N,\N,\N,3
13748,560,187,67,28,8,\N,R,21,0,2,\N,\N,\N,\N,\N,\N,69
13749,560,270,66,14,21,\N,R,22,0,2,\N,\N,\N,\N,\N,\N,94
13750,561,182,6,1,2,1,1,1,9,78,1:42:18.4,6138400,\N,\N,\N,\N,1
13751,561,231,1,11,1,2,2,2,6,78,+1.3,6139700,\N,\N,\N,\N,1
13752,561,200,1,12,4,3,3,3,4,78,+45.9,6184300,\N,\N,\N,\N,1
13753,561,222,25,3,12,4,4,4,3,78,+1:08.4,6206800,\N,\N,\N,\N,1
13754,561,187,67,28,3,5,5,5,2,77,\N,\N,\N,\N,\N,\N,11
13755,561,207,73,27,13,6,6,6,1,77,\N,\N,\N,\N,\N,\N,11
13756,561,252,58,16,7,7,7,7,0,77,\N,\N,\N,\N,\N,\N,11
13757,561,230,37,9,5,8,8,8,0,77,\N,\N,\N,\N,\N,\N,11
13758,561,221,25,4,6,9,9,9,0,77,\N,\N,\N,\N,\N,\N,11
13759,561,276,32,5,23,10,10,10,0,77,\N,\N,\N,\N,\N,\N,11
13760,561,239,63,18,20,11,11,11,0,77,\N,\N,\N,\N,\N,\N,11
13761,561,233,37,34,17,12,12,12,0,76,\N,\N,\N,\N,\N,\N,12
13762,561,277,59,21,22,13,13,13,0,76,\N,\N,\N,\N,\N,\N,12
13763,561,278,57,22,18,14,14,14,0,76,\N,\N,\N,\N,\N,\N,12
13764,561,229,64,24,24,15,15,15,0,74,\N,\N,\N,\N,\N,\N,14
13765,561,235,59,20,19,16,16,16,0,73,\N,\N,\N,\N,\N,\N,15
13766,561,224,56,30,21,17,17,17,0,70,\N,\N,\N,\N,\N,\N,5
13767,561,223,6,2,9,\N,R,18,0,52,\N,\N,\N,\N,\N,\N,5
13768,561,172,27,26,8,\N,R,19,0,49,\N,\N,\N,\N,\N,\N,5
13769,561,197,58,17,15,\N,R,20,0,28,\N,\N,\N,\N,\N,\N,21
13770,561,250,204,8,14,\N,R,21,0,22,\N,\N,\N,\N,\N,\N,51
13771,561,255,32,6,25,\N,R,22,0,18,\N,\N,\N,\N,\N,\N,8
13772,561,199,204,7,11,\N,R,23,0,16,\N,\N,\N,\N,\N,\N,51
13773,561,238,37,10,13,\N,R,24,0,15,\N,\N,\N,\N,\N,\N,3
13774,561,251,25,15,16,\N,R,25,0,0,\N,\N,\N,\N,\N,\N,3
13775,562,223,6,2,1,1,1,1,9,80,1:53:18.471,6798471,\N,\N,\N,\N,1
13776,562,182,6,1,4,2,2,2,6,80,+42.414,6840885,\N,\N,\N,\N,1
13777,562,221,25,4,2,3,3,3,4,80,+49.972,6848443,\N,\N,\N,\N,1
13778,562,172,27,26,12,4,4,4,3,80,+1:12.828,6871299,\N,\N,\N,\N,1
13779,562,200,1,12,14,5,5,5,2,80,+1:22.292,6880763,\N,\N,\N,\N,1
13780,562,224,56,30,16,6,6,6,1,79,\N,\N,\N,\N,\N,\N,11
13781,562,197,58,17,7,7,7,7,0,79,\N,\N,\N,\N,\N,\N,11
13782,562,278,57,22,17,8,8,8,0,78,\N,\N,\N,\N,\N,\N,12
13783,562,250,204,8,13,9,9,9,0,77,\N,\N,\N,\N,\N,\N,13
13784,562,238,37,10,6,10,10,10,0,77,\N,\N,\N,\N,\N,\N,13
13785,562,178,63,19,19,\N,N,11,0,70,\N,\N,\N,\N,\N,\N,62
13786,562,187,67,28,9,\N,N,12,0,69,\N,\N,\N,\N,\N,\N,62
13787,562,222,25,3,11,\N,R,13,0,34,\N,\N,\N,\N,\N,\N,22
13788,562,252,58,16,5,\N,R,14,0,32,\N,\N,\N,\N,\N,\N,86
13789,562,207,73,27,15,\N,R,15,0,15,\N,\N,\N,\N,\N,\N,47
13790,562,231,1,11,3,\N,R,16,0,3,\N,\N,\N,\N,\N,\N,3
13791,562,233,37,34,18,\N,R,17,0,2,\N,\N,\N,\N,\N,\N,3
13792,562,230,37,9,20,\N,R,18,0,0,\N,\N,\N,\N,\N,\N,3
13793,562,199,204,7,10,\N,R,19,0,0,\N,\N,\N,\N,\N,\N,3
13794,562,255,32,6,8,\N,R,20,0,0,\N,\N,\N,\N,\N,\N,22
13795,562,277,59,21,0,\N,F,21,0,0,\N,\N,\N,\N,\N,\N,81
13796,562,253,56,31,0,\N,F,22,0,0,\N,\N,\N,\N,\N,\N,81
13797,562,232,37,35,0,\N,F,23,0,0,\N,\N,\N,\N,\N,\N,81
13798,562,276,32,5,0,\N,F,24,0,0,\N,\N,\N,\N,\N,\N,81
13799,562,235,59,20,0,\N,F,25,0,0,\N,\N,\N,\N,\N,\N,81
13800,562,229,64,24,0,\N,F,26,0,0,\N,\N,\N,\N,\N,\N,81
13801,562,239,63,18,0,\N,F,27,0,0,\N,\N,\N,\N,\N,\N,81
13802,563,231,1,11,1,1,1,1,9,75,1:42:20.43,6140430,\N,\N,\N,\N,1
13803,563,182,6,1,2,2,2,2,6,75,+30.97,6171400,\N,\N,\N,\N,1
13804,563,255,32,6,7,3,3,3,4,75,+48.02,6188450,\N,\N,\N,\N,1
13805,563,199,204,7,12,4,4,4,3,74,\N,\N,\N,\N,\N,\N,11
13806,563,278,57,22,10,5,5,5,2,74,\N,\N,\N,\N,\N,\N,11
13807,563,250,204,8,11,6,6,6,1,74,\N,\N,\N,\N,\N,\N,11
13808,563,235,59,20,21,7,7,7,0,74,\N,\N,\N,\N,\N,\N,11
13809,563,252,58,16,22,8,8,8,0,74,\N,\N,\N,\N,\N,\N,11
13810,563,178,63,19,20,9,9,9,0,74,\N,\N,\N,\N,\N,\N,11
13811,563,277,59,21,23,10,10,10,0,73,\N,\N,\N,\N,\N,\N,12
13812,563,223,6,2,5,11,11,11,0,72,\N,\N,\N,\N,\N,\N,13
13813,563,172,27,26,8,12,12,12,0,72,\N,\N,\N,\N,\N,\N,13
13814,563,256,70,37,24,13,13,13,0,72,\N,\N,\N,\N,\N,\N,13
13815,563,200,1,12,4,\N,R,14,0,65,\N,\N,\N,\N,\N,\N,5
13816,563,197,58,17,15,\N,R,15,0,61,\N,\N,\N,\N,\N,\N,10
13817,563,222,25,3,14,\N,R,16,0,53,\N,\N,\N,\N,\N,\N,5
13818,563,187,67,28,13,\N,R,17,0,51,\N,\N,\N,\N,\N,\N,5
13819,563,232,37,35,18,\N,R,18,0,36,\N,\N,\N,\N,\N,\N,6
13820,563,207,32,5,9,\N,R,19,0,34,\N,\N,\N,\N,\N,\N,6
13821,563,221,25,4,3,\N,R,20,0,25,\N,\N,\N,\N,\N,\N,3
13822,563,230,37,9,6,\N,R,21,0,21,\N,\N,\N,\N,\N,\N,22
13823,563,233,37,34,17,\N,R,22,0,16,\N,\N,\N,\N,\N,\N,6
13824,563,238,37,10,16,\N,R,23,0,11,\N,\N,\N,\N,\N,\N,7
13825,563,224,56,30,19,\N,R,24,0,3,\N,\N,\N,\N,\N,\N,7
13826,563,239,63,18,0,\N,F,25,0,0,\N,\N,\N,\N,\N,\N,81
13827,563,271,182,32,0,\N,F,26,0,0,\N,\N,\N,\N,\N,\N,81
13828,563,279,3,25,0,\N,F,27,0,0,\N,\N,\N,\N,\N,\N,81
13829,563,208,182,33,0,\N,F,28,0,0,\N,\N,\N,\N,\N,\N,81
13830,563,229,64,24,0,\N,F,29,0,0,\N,\N,\N,\N,\N,\N,81
13831,563,253,56,31,0,\N,F,30,0,0,\N,\N,\N,\N,\N,\N,81
13832,564,182,6,1,1,1,1,1,9,70,1:42:53.23,6173230,\N,\N,\N,\N,1
13833,564,223,6,2,2,2,2,2,6,70,+3.46,6176690,\N,\N,\N,\N,1
13834,564,172,27,26,4,3,3,3,4,70,+35.38,6208610,\N,\N,\N,\N,1
13835,564,222,25,3,7,4,4,4,3,70,+1:31.00,6264230,\N,\N,\N,\N,1
13836,564,178,63,19,16,5,5,5,2,69,\N,\N,\N,\N,\N,\N,11
13837,564,200,1,12,18,6,6,6,1,69,\N,\N,\N,\N,\N,\N,11
13838,564,187,67,28,17,7,7,7,0,69,\N,\N,\N,\N,\N,\N,11
13839,564,256,70,37,20,8,8,8,0,69,\N,\N,\N,\N,\N,\N,11
13840,564,197,58,17,14,9,9,9,0,69,\N,\N,\N,\N,\N,\N,11
13841,564,252,58,16,13,10,10,10,0,68,\N,\N,\N,\N,\N,\N,12
13842,564,277,59,21,25,11,11,11,0,68,\N,\N,\N,\N,\N,\N,12
13843,564,271,182,32,23,12,12,12,0,63,\N,\N,\N,\N,\N,\N,17
13844,564,239,63,18,26,\N,R,13,0,62,\N,\N,\N,\N,\N,\N,10
13845,564,250,204,8,9,\N,R,14,0,58,\N,\N,\N,\N,\N,\N,10
13846,564,278,57,22,8,\N,R,15,0,51,\N,\N,\N,\N,\N,\N,3
13847,564,231,1,11,3,\N,R,16,0,35,\N,\N,\N,\N,\N,\N,6
13848,564,233,37,34,15,\N,R,17,0,33,\N,\N,\N,\N,\N,\N,22
13849,564,229,64,24,24,\N,R,18,0,31,\N,\N,\N,\N,\N,\N,5
13850,564,221,25,4,4,\N,R,19,0,29,\N,\N,\N,\N,\N,\N,5
13851,564,207,32,5,11,\N,R,20,0,28,\N,\N,\N,\N,\N,\N,86
13852,564,258,182,33,19,\N,R,21,0,26,\N,\N,\N,\N,\N,\N,86
13853,564,232,37,35,21,\N,R,22,0,21,\N,\N,\N,\N,\N,\N,5
13854,564,199,204,7,12,\N,R,23,0,17,\N,\N,\N,\N,\N,\N,5
13855,564,238,37,10,10,\N,R,24,0,16,\N,\N,\N,\N,\N,\N,3
13856,564,255,32,6,22,\N,R,25,0,7,\N,\N,\N,\N,\N,\N,3
13857,564,230,37,9,5,\N,R,26,0,6,\N,\N,\N,\N,\N,\N,86
13858,564,224,56,30,0,\N,F,27,0,0,\N,\N,\N,\N,\N,\N,81
13859,564,235,59,20,0,\N,F,28,0,0,\N,\N,\N,\N,\N,\N,81
13860,564,265,64,25,0,\N,F,29,0,0,\N,\N,\N,\N,\N,\N,81
13861,565,182,6,1,1,1,1,1,9,78,1:59:51.47,7191470,\N,\N,\N,\N,1
13862,565,222,25,3,5,2,2,2,6,78,+11.13,7202600,\N,\N,\N,\N,1
13863,565,221,25,4,4,3,3,3,4,78,+1:04.84,7256310,\N,\N,\N,\N,1
13864,565,233,37,34,6,4,4,4,3,77,\N,\N,\N,\N,\N,\N,11
13865,565,200,1,12,11,5,5,5,2,77,\N,\N,\N,\N,\N,\N,11
13866,565,224,56,30,7,6,6,6,1,77,\N,\N,\N,\N,\N,\N,11
13867,565,252,58,16,15,7,7,7,0,77,\N,\N,\N,\N,\N,\N,11
13868,565,197,58,17,10,8,8,8,0,76,\N,\N,\N,\N,\N,\N,12
13869,565,250,204,8,13,9,9,9,0,76,\N,\N,\N,\N,\N,\N,12
13870,565,187,67,28,17,10,10,10,0,76,\N,\N,\N,\N,\N,\N,12
13871,565,277,59,21,18,11,11,11,0,76,\N,\N,\N,\N,\N,\N,12
13872,565,172,27,26,8,12,12,12,0,75,\N,\N,\N,\N,\N,\N,3
13873,565,278,57,22,12,13,13,13,0,74,\N,\N,\N,\N,\N,\N,14
13874,565,223,6,2,2,14,14,14,0,73,\N,\N,\N,\N,\N,\N,3
13875,565,255,32,6,16,\N,R,15,0,39,\N,\N,\N,\N,\N,\N,5
13876,565,238,37,10,3,\N,R,16,0,26,\N,\N,\N,\N,\N,\N,3
13877,565,231,1,11,14,\N,R,17,0,24,\N,\N,\N,\N,\N,\N,5
13878,565,230,37,9,9,\N,R,18,0,9,\N,\N,\N,\N,\N,\N,22
13879,565,178,63,19,19,\N,R,19,0,1,\N,\N,\N,\N,\N,\N,4
13880,565,199,204,7,20,\N,R,20,0,0,\N,\N,\N,\N,\N,\N,3
13881,565,235,59,20,0,\N,F,21,0,0,\N,\N,\N,\N,\N,\N,81
13882,565,280,63,38,0,\N,F,22,0,0,\N,\N,\N,\N,\N,\N,81
13883,565,256,70,37,0,\N,F,23,0,0,\N,\N,\N,\N,\N,\N,81
13884,565,229,64,24,0,\N,F,24,0,0,\N,\N,\N,\N,\N,\N,81
13885,565,232,37,35,0,\N,F,25,0,0,\N,\N,\N,\N,\N,\N,81
13886,566,222,25,3,1,1,1,1,9,72,1:46:53.729,6413729,\N,\N,\N,\N,1
13887,566,221,25,4,4,2,2,2,6,72,+19.766,6433495,\N,\N,\N,\N,1
13888,566,182,6,1,5,3,3,3,4,72,+33.866,6447595,\N,\N,\N,\N,1
13889,566,172,27,26,7,4,4,4,3,72,+55.819,6469548,\N,\N,\N,\N,1
13890,566,231,1,11,8,5,5,5,2,72,+59.483,6473212,\N,\N,\N,\N,1
13891,566,223,6,2,11,6,6,6,1,72,+1:00.366,6474095,\N,\N,\N,\N,1
13892,566,238,37,10,9,7,7,7,0,72,+1:03.493,6477222,\N,\N,\N,\N,1
13893,566,250,204,8,10,8,8,8,0,72,+1:11.613,6485342,\N,\N,\N,\N,1
13894,566,252,58,16,12,9,9,9,0,71,\N,\N,\N,\N,\N,\N,11
13895,566,230,37,9,15,10,10,10,0,71,\N,\N,\N,\N,\N,\N,11
13896,566,200,1,12,13,11,11,11,0,71,\N,\N,\N,\N,\N,\N,11
13897,566,197,58,17,14,12,12,12,0,71,\N,\N,\N,\N,\N,\N,11
13898,566,178,63,19,18,13,13,13,0,71,\N,\N,\N,\N,\N,\N,11
13899,566,232,37,35,19,14,14,14,0,70,\N,\N,\N,\N,\N,\N,5
13900,566,239,63,18,24,15,15,15,0,70,\N,\N,\N,\N,\N,\N,12
13901,566,229,64,24,23,\N,R,16,0,54,\N,\N,\N,\N,\N,\N,20
13902,566,233,37,34,20,\N,R,17,0,52,\N,\N,\N,\N,\N,\N,5
13903,566,207,32,5,2,\N,R,18,0,45,\N,\N,\N,\N,\N,\N,5
13904,566,278,57,22,3,\N,R,19,0,38,\N,\N,\N,\N,\N,\N,3
13905,566,277,59,21,25,\N,R,20,0,20,\N,\N,\N,\N,\N,\N,5
13906,566,256,70,37,22,\N,R,21,0,18,\N,\N,\N,\N,\N,\N,5
13907,566,224,56,30,21,\N,R,22,0,10,\N,\N,\N,\N,\N,\N,64
13908,566,271,182,32,26,\N,R,23,0,5,\N,\N,\N,\N,\N,\N,3
13909,566,255,32,6,6,\N,R,24,0,2,\N,\N,\N,\N,\N,\N,3
13910,566,199,204,7,16,\N,R,25,0,2,\N,\N,\N,\N,\N,\N,5
13911,566,187,67,28,17,\N,R,26,0,0,\N,\N,\N,\N,\N,\N,3
13912,566,281,182,33,0,\N,F,27,0,0,\N,\N,\N,\N,\N,\N,81
13913,567,231,1,11,1,1,1,1,9,54,1:40:58.60,6058600,\N,\N,\N,\N,1
13914,567,221,25,4,3,2,2,2,6,54,+12.70,6071300,\N,\N,\N,\N,1
13915,567,187,67,28,8,3,3,3,4,54,+23.55,6082150,\N,\N,\N,\N,1
13916,567,250,204,8,5,4,4,4,3,54,+24.82,6083420,\N,\N,\N,\N,1
13917,567,207,32,5,7,5,5,5,2,54,+43.92,6102520,\N,\N,\N,\N,1
13918,567,222,25,3,9,6,6,6,1,54,+55.07,6113670,\N,\N,\N,\N,1
13919,567,233,37,34,17,7,7,7,0,54,+1:21.55,6140150,\N,\N,\N,\N,1
13920,567,252,58,16,16,8,8,8,0,54,+1:30.67,6149270,\N,\N,\N,\N,1
13921,567,232,37,35,20,9,9,9,0,54,+1:53.57,6172170,\N,\N,\N,\N,1
13922,567,235,59,20,19,10,10,10,0,53,\N,\N,\N,\N,\N,\N,11
13923,567,199,204,7,10,11,11,11,0,53,\N,\N,\N,\N,\N,\N,11
13924,567,197,58,17,15,12,12,12,0,53,\N,\N,\N,\N,\N,\N,11
13925,567,277,59,21,22,13,13,13,0,53,\N,\N,\N,\N,\N,\N,11
13926,567,172,27,26,13,14,14,14,0,53,\N,\N,\N,\N,\N,\N,11
13927,567,200,1,12,14,15,15,15,0,53,\N,\N,\N,\N,\N,\N,11
13928,567,239,63,18,23,16,16,16,0,53,\N,\N,\N,\N,\N,\N,11
13929,567,265,64,25,25,17,17,17,0,53,\N,\N,\N,\N,\N,\N,11
13930,567,258,57,22,26,18,18,18,0,53,\N,\N,\N,\N,\N,\N,11
13931,567,238,37,10,6,19,19,19,0,51,\N,\N,\N,\N,\N,\N,69
13932,567,178,63,19,18,\N,R,20,0,44,\N,\N,\N,\N,\N,\N,22
13933,567,230,37,9,11,\N,R,21,0,28,\N,\N,\N,\N,\N,\N,51
13934,567,224,56,30,21,\N,R,22,0,21,\N,\N,\N,\N,\N,\N,51
13935,567,280,63,38,24,\N,R,23,0,19,\N,\N,\N,\N,\N,\N,22
13936,567,223,6,2,4,\N,R,24,0,17,\N,\N,\N,\N,\N,\N,5
13937,567,182,6,1,2,\N,R,25,0,8,\N,\N,\N,\N,\N,\N,5
13938,567,255,32,6,12,\N,R,26,0,8,\N,\N,\N,\N,\N,\N,6
13939,567,229,64,24,29,\N,R,27,0,4,\N,\N,\N,\N,\N,\N,24
13940,567,282,182,33,0,\N,F,28,0,0,\N,\N,\N,\N,\N,\N,81
13941,567,253,56,31,0,\N,F,29,0,0,\N,\N,\N,\N,\N,\N,81
13942,567,271,182,32,0,\N,F,30,0,0,\N,\N,\N,\N,\N,\N,81
13943,568,182,6,1,1,1,1,1,9,76,1:44:19.66,6259660,\N,\N,\N,\N,1
13944,568,222,25,3,8,2,2,2,6,76,+16.18,6275840,\N,\N,\N,\N,1
13945,568,187,67,28,11,3,3,3,4,75,\N,\N,\N,\N,\N,\N,11
13946,568,252,58,16,20,4,4,4,3,75,\N,\N,\N,\N,\N,\N,11
13947,568,178,63,19,19,5,5,5,2,75,\N,\N,\N,\N,\N,\N,11
13948,568,224,56,30,21,6,6,6,1,74,\N,\N,\N,\N,\N,\N,12
13949,568,229,64,24,23,7,7,7,0,73,\N,\N,\N,\N,\N,\N,13
13950,568,250,204,8,16,8,8,8,0,73,\N,\N,\N,\N,\N,\N,13
13951,568,197,58,17,24,9,9,9,0,70,\N,\N,\N,\N,\N,\N,16
13952,568,231,1,11,2,\N,D,10,0,76,\N,\N,\N,\N,\N,\N,2
13953,568,255,32,6,14,\N,R,11,0,67,\N,\N,\N,\N,\N,\N,5
13954,568,238,37,10,7,\N,R,12,0,60,\N,\N,\N,\N,\N,\N,69
13955,568,239,63,18,18,\N,R,13,0,55,\N,\N,\N,\N,\N,\N,6
13956,568,221,25,4,5,\N,R,14,0,47,\N,\N,\N,\N,\N,\N,5
13957,568,199,204,7,15,\N,R,15,0,46,\N,\N,\N,\N,\N,\N,51
13958,568,232,37,35,9,\N,R,16,0,39,\N,\N,\N,\N,\N,\N,5
13959,568,223,6,2,4,\N,D,17,0,36,\N,\N,\N,\N,\N,\N,51
13960,568,172,27,26,13,\N,D,18,0,31,\N,\N,\N,\N,\N,\N,22
13961,568,276,182,32,22,\N,R,19,0,24,\N,\N,\N,\N,\N,\N,6
13962,568,230,37,9,10,\N,R,20,0,22,\N,\N,\N,\N,\N,\N,3
13963,568,280,63,38,26,\N,R,21,0,16,\N,\N,\N,\N,\N,\N,69
13964,568,278,57,22,6,\N,R,22,0,8,\N,\N,\N,\N,\N,\N,47
13965,568,207,32,5,3,\N,R,23,0,4,\N,\N,\N,\N,\N,\N,80
13966,568,200,1,12,12,\N,R,24,0,1,\N,\N,\N,\N,\N,\N,8
13967,568,233,37,34,17,\N,R,25,0,0,\N,\N,\N,\N,\N,\N,3
13968,568,265,64,25,25,\N,R,26,0,0,\N,\N,\N,\N,\N,\N,3
13969,568,235,59,20,0,\N,F,27,0,0,\N,\N,\N,\N,\N,\N,81
13970,568,242,63,13,0,\N,F,28,0,0,\N,\N,\N,\N,\N,\N,81
13971,568,283,58,40,0,\N,F,29,0,0,\N,\N,\N,\N,\N,\N,81
13972,568,275,182,33,0,\N,F,30,0,0,\N,\N,\N,\N,\N,\N,81
13973,569,231,1,11,1,1,1,1,9,14,1:41:42.7,6102700,\N,\N,\N,\N,1
13974,569,222,25,3,8,2,2,2,6,14,+27.7,6130400,\N,\N,\N,\N,1
13975,569,200,1,12,9,3,3,3,4,14,+52.4,6155100,\N,\N,\N,\N,1
13976,569,250,204,8,7,4,4,4,3,14,+54.2,6156900,\N,\N,\N,\N,1
13977,569,255,32,6,16,5,5,5,2,14,+1:57.3,6220000,\N,\N,\N,\N,1
13978,569,243,204,77,15,6,6,6,1,14,+2:30.3,6253000,\N,\N,\N,\N,1
13979,569,187,67,28,19,7,7,7,0,14,+2:33.9,6256600,\N,\N,\N,\N,1
13980,569,252,58,16,18,8,8,8,0,14,+2:48.2,6270900,\N,\N,\N,\N,1
13981,569,223,6,2,5,9,9,9,0,14,+3:46.0,6328700,\N,\N,\N,\N,1
13982,569,178,63,19,14,10,10,10,0,14,+3:47.3,6330000,\N,\N,\N,\N,1
13983,569,197,58,17,23,11,11,11,0,14,+4:51.7,6394400,\N,\N,\N,\N,1
13984,569,207,32,5,12,12,12,12,0,14,+4:58.1,6400800,\N,\N,\N,\N,1
13985,569,224,56,30,20,13,13,13,0,14,+5:25.2,6427900,\N,\N,\N,\N,1
13986,569,284,25,40,26,14,14,14,0,13,\N,\N,\N,\N,\N,\N,11
13987,569,265,64,25,25,15,15,15,0,13,\N,\N,\N,\N,\N,\N,11
13988,569,232,59,20,21,\N,R,16,0,3,\N,\N,\N,\N,\N,\N,23
13989,569,230,37,9,13,\N,R,17,0,1,\N,\N,\N,\N,\N,\N,3
13990,569,221,25,4,3,\N,R,18,0,0,\N,\N,\N,\N,\N,\N,3
13991,569,199,204,7,10,\N,R,19,0,0,\N,\N,\N,\N,\N,\N,69
13992,569,238,37,10,11,\N,R,20,0,0,\N,\N,\N,\N,\N,\N,3
13993,569,233,37,34,4,\N,R,21,0,0,\N,\N,\N,\N,\N,\N,8
13994,569,172,27,26,6,\N,R,22,0,0,\N,\N,\N,\N,\N,\N,6
13995,569,278,57,22,17,\N,R,23,0,0,\N,\N,\N,\N,\N,\N,31
13996,569,182,6,1,2,\N,R,24,0,0,\N,\N,\N,\N,\N,\N,3
13997,569,239,63,18,24,\N,R,25,0,0,\N,\N,\N,\N,\N,\N,3
13998,569,229,64,24,22,\N,R,26,0,0,\N,\N,\N,\N,\N,\N,3
13999,569,275,182,33,0,\N,F,27,0,0,\N,\N,\N,\N,\N,\N,81
14000,569,280,63,38,0,\N,F,28,0,0,\N,\N,\N,\N,\N,\N,81
14001,570,187,67,28,2,1,1,1,9,54,1:30:07.86,5407860,\N,\N,\N,\N,1
14002,570,172,27,26,5,2,2,2,6,54,+10.79,5418650,\N,\N,\N,\N,1
14003,570,255,32,6,4,3,3,3,4,54,+11.98,5419840,\N,\N,\N,\N,1
14004,570,231,1,11,1,4,4,4,3,54,+12.44,5420300,\N,\N,\N,\N,1
14005,570,207,32,5,9,5,5,5,2,54,+21.49,5429350,\N,\N,\N,\N,1
14006,570,238,37,10,3,6,6,6,1,54,+34.34,5442200,\N,\N,\N,\N,1
14007,570,200,1,12,12,7,7,7,0,54,+59.45,5467310,\N,\N,\N,\N,1
14008,570,229,64,24,20,8,8,8,0,53,\N,\N,\N,\N,\N,\N,11
14009,570,280,63,38,22,9,9,9,0,52,\N,\N,\N,\N,\N,\N,12
14010,570,239,63,18,16,10,10,10,0,51,\N,\N,\N,\N,\N,\N,3
14011,570,284,25,39,23,11,11,11,0,51,\N,\N,\N,\N,\N,\N,13
14012,570,275,182,33,24,12,12,12,0,50,\N,\N,\N,\N,\N,\N,14
14013,570,246,57,22,19,\N,R,13,0,47,\N,\N,\N,\N,\N,\N,37
14014,570,271,182,32,25,\N,N,14,0,44,\N,\N,\N,\N,\N,\N,62
14015,570,230,37,9,7,\N,R,15,0,43,\N,\N,\N,\N,\N,\N,3
14016,570,224,56,30,17,\N,R,16,0,43,\N,\N,\N,\N,\N,\N,3
14017,570,250,204,8,18,\N,R,17,0,40,\N,\N,\N,\N,\N,\N,3
14018,570,197,58,17,8,\N,R,18,0,40,\N,\N,\N,\N,\N,\N,48
14019,570,178,63,19,15,\N,R,19,0,30,\N,\N,\N,\N,\N,\N,3
14020,570,233,37,34,11,\N,R,20,0,26,\N,\N,\N,\N,\N,\N,69
14021,570,221,25,4,13,\N,R,21,0,24,\N,\N,\N,\N,\N,\N,22
14022,570,232,59,20,21,\N,R,22,0,17,\N,\N,\N,\N,\N,\N,3
14023,570,252,58,16,6,\N,R,23,0,14,\N,\N,\N,\N,\N,\N,23
14024,570,222,25,3,10,\N,R,24,0,14,\N,\N,\N,\N,\N,\N,22
14025,570,199,204,7,14,\N,R,25,0,0,\N,\N,\N,\N,\N,\N,8
14026,571,231,1,11,2,1,1,1,9,75,1:44:52.09,6292090,\N,\N,\N,\N,1
14027,571,223,6,2,5,2,2,2,6,75,+0.92,6293010,\N,\N,\N,\N,1
14028,571,207,32,5,6,3,3,3,4,75,+2.09,6294180,\N,\N,\N,\N,1
14029,571,252,58,16,3,4,4,4,3,75,+6.94,6299030,\N,\N,\N,\N,1
14030,571,222,25,3,8,5,5,5,2,75,+22.46,6314550,\N,\N,\N,\N,1
14031,571,230,37,9,7,6,6,6,1,75,+45.03,6337120,\N,\N,\N,\N,1
14032,571,221,25,4,14,7,7,7,0,75,+56.28,6348370,\N,\N,\N,\N,1
14033,571,178,63,19,16,8,8,8,0,74,\N,\N,\N,\N,\N,\N,11
14034,571,200,1,12,15,9,9,9,0,74,\N,\N,\N,\N,\N,\N,11
14035,571,197,58,17,20,10,10,10,0,74,\N,\N,\N,\N,\N,\N,11
14036,571,280,63,38,22,11,11,11,0,74,\N,\N,\N,\N,\N,\N,11
14037,571,243,64,25,25,12,12,12,0,72,\N,\N,\N,\N,\N,\N,13
14038,571,235,57,22,11,\N,R,13,0,66,\N,\N,\N,\N,\N,\N,10
14039,571,257,67,39,21,\N,R,14,0,63,\N,\N,\N,\N,\N,\N,86
14040,571,250,204,8,9,\N,R,15,0,53,\N,\N,\N,\N,\N,\N,44
14041,571,172,27,26,10,\N,R,16,0,53,\N,\N,\N,\N,\N,\N,44
14042,571,238,37,10,1,\N,R,17,0,52,\N,\N,\N,\N,\N,\N,51
14043,571,229,64,24,24,\N,R,18,0,49,\N,\N,\N,\N,\N,\N,20
14044,571,187,67,28,4,\N,R,19,0,47,\N,\N,\N,\N,\N,\N,6
14045,571,256,70,27,19,\N,R,20,0,44,\N,\N,\N,\N,\N,\N,3
14046,571,224,56,30,17,\N,R,21,0,40,\N,\N,\N,\N,\N,\N,10
14047,571,199,204,7,12,\N,R,22,0,11,\N,\N,\N,\N,\N,\N,8
14048,571,255,32,6,13,\N,R,23,0,10,\N,\N,\N,\N,\N,\N,3
14049,571,233,37,34,26,\N,R,24,0,9,\N,\N,\N,\N,\N,\N,5
14050,571,260,63,18,18,\N,R,25,0,9,\N,\N,\N,\N,\N,\N,5
14051,571,232,59,20,23,\N,R,26,0,5,\N,\N,\N,\N,\N,\N,3
14052,571,284,25,40,0,\N,F,27,0,0,\N,\N,\N,\N,\N,\N,81
14053,572,238,37,10,8,1,1,1,9,52,1:30:35.6,5435600,\N,\N,\N,\N,1
14054,572,223,6,2,9,2,2,2,6,52,+2.3,5437900,\N,\N,\N,\N,1
14055,572,172,27,26,1,3,3,3,4,52,+3.0,5438600,\N,\N,\N,\N,1
14056,572,182,6,1,5,4,4,4,3,52,+19.4,5455000,\N,\N,\N,\N,1
14057,572,222,25,3,2,5,5,5,2,52,+19.5,5455100,\N,\N,\N,\N,1
14058,572,221,25,4,4,6,6,6,1,52,+35.7,5471300,\N,\N,\N,\N,1
14059,572,230,37,9,16,7,7,7,0,52,+43.9,5479500,\N,\N,\N,\N,1
14060,572,252,58,16,15,8,8,8,0,52,+52.9,5488500,\N,\N,\N,\N,1
14061,572,199,6,35,7,9,9,9,0,52,+57.5,5493100,\N,\N,\N,\N,1
14062,572,235,57,22,10,10,10,10,0,52,+1:12.4,5508000,\N,\N,\N,\N,1
14063,572,187,67,28,26,11,11,11,0,52,+1:42.2,5537800,\N,\N,\N,\N,1
14064,572,178,63,19,18,12,12,12,0,51,\N,\N,\N,\N,\N,\N,11
14065,572,255,32,6,12,13,13,13,0,51,\N,\N,\N,\N,\N,\N,11
14066,572,239,63,18,24,14,14,14,0,50,\N,\N,\N,\N,\N,\N,12
14067,572,224,56,30,20,15,15,15,0,50,\N,\N,\N,\N,\N,\N,12
14068,572,229,64,24,19,16,16,16,0,49,\N,\N,\N,\N,\N,\N,86
14069,572,280,63,38,22,17,17,17,0,49,\N,\N,\N,\N,\N,\N,13
14070,572,284,25,37,21,18,18,18,0,49,\N,\N,\N,\N,\N,\N,13
14071,572,197,58,17,17,19,19,19,0,47,\N,\N,\N,\N,\N,\N,15
14072,572,243,204,7,11,\N,R,20,0,41,\N,\N,\N,\N,\N,\N,69
14073,572,233,37,34,6,\N,R,21,0,23,\N,\N,\N,\N,\N,\N,3
14074,572,207,32,5,14,\N,R,22,0,23,\N,\N,\N,\N,\N,\N,3
14075,572,231,1,11,24,\N,R,23,0,11,\N,\N,\N,\N,\N,\N,20
14076,572,256,70,40,13,\N,R,24,0,8,\N,\N,\N,\N,\N,\N,5
14077,572,250,204,8,3,\N,R,25,0,4,\N,\N,\N,\N,\N,\N,5
14078,572,200,1,12,25,\N,R,26,0,2,\N,\N,\N,\N,\N,\N,80
14079,572,265,64,25,0,\N,W,27,0,0,\N,\N,\N,\N,\N,\N,54
14080,572,232,59,20,0,\N,W,28,0,0,\N,\N,\N,\N,\N,\N,54
14081,572,285,25,39,0,\N,W,29,0,0,\N,\N,\N,\N,\N,\N,54
14082,573,231,1,11,1,1,1,1,9,80,1:40:09.626,6009626,\N,\N,\N,\N,1
14083,573,221,25,4,4,2,2,2,6,80,+6.331,6015957,\N,\N,\N,\N,1
14084,573,207,32,5,5,3,3,3,4,80,+10.366,6019992,\N,\N,\N,\N,1
14085,573,222,25,3,7,4,4,4,3,80,+19.745,6029371,\N,\N,\N,\N,1
14086,573,200,1,12,11,5,5,5,2,80,+41.811,6051437,\N,\N,\N,\N,1
14087,573,223,6,2,12,6,6,6,1,80,+46.256,6055882,\N,\N,\N,\N,1
14088,573,250,204,8,10,7,7,7,0,80,+46.472,6056098,\N,\N,\N,\N,1
14089,573,182,6,1,6,8,8,8,0,80,+1:12.957,6082583,\N,\N,\N,\N,1
14090,573,238,37,10,2,9,9,9,0,79,\N,\N,\N,\N,\N,\N,11
14091,573,187,67,28,14,10,10,10,0,79,\N,\N,\N,\N,\N,\N,11
14092,573,252,58,16,13,11,11,11,0,79,\N,\N,\N,\N,\N,\N,11
14093,573,255,32,6,15,12,12,12,0,79,\N,\N,\N,\N,\N,\N,11
14094,573,235,57,22,16,13,13,13,0,79,\N,\N,\N,\N,\N,\N,11
14095,573,230,37,9,3,14,14,14,0,79,\N,\N,\N,\N,\N,\N,11
14096,573,239,63,18,22,15,15,15,0,78,\N,\N,\N,\N,\N,\N,12
14097,573,178,63,19,20,16,16,16,0,78,\N,\N,\N,\N,\N,\N,12
14098,573,256,204,7,19,17,17,17,0,78,\N,\N,\N,\N,\N,\N,12
14099,573,197,58,17,18,18,18,18,0,77,\N,\N,\N,\N,\N,\N,13
14100,573,280,63,38,21,19,19,19,0,77,\N,\N,\N,\N,\N,\N,13
14101,573,265,64,25,23,20,20,20,0,75,\N,\N,\N,\N,\N,\N,15
14102,573,172,27,26,9,\N,R,21,0,43,\N,\N,\N,\N,\N,\N,51
14103,573,224,56,30,17,\N,R,22,0,41,\N,\N,\N,\N,\N,\N,43
14104,573,233,37,34,8,\N,R,23,0,36,\N,\N,\N,\N,\N,\N,64
14105,573,232,59,20,24,\N,R,24,0,11,\N,\N,\N,\N,\N,\N,3
14106,573,229,64,24,0,\N,W,25,0,0,\N,\N,\N,\N,\N,\N,3
14107,573,278,59,21,0,\N,W,26,0,0,\N,\N,\N,\N,\N,\N,3
14108,573,285,25,39,0,\N,F,27,0,0,\N,\N,\N,\N,\N,\N,81
14109,574,231,1,11,1,1,1,1,9,59,1:42:40.742,6160742,\N,\N,\N,\N,1
14110,574,222,25,3,2,2,2,2,6,59,+8.030,6168772,\N,\N,\N,\N,1
14111,574,182,6,1,5,3,3,3,4,59,+1:02.324,6223066,\N,\N,\N,\N,1
14112,574,200,1,12,17,4,4,4,3,59,+1:02.458,6223200,\N,\N,\N,\N,1
14113,574,233,37,34,6,5,5,5,2,59,+1:07.978,6228720,\N,\N,\N,\N,1
14114,574,187,67,28,8,6,6,6,1,59,+1:08.190,6228932,\N,\N,\N,\N,1
14115,574,223,6,2,14,7,7,7,0,58,\N,\N,\N,\N,\N,\N,11
14116,574,178,63,19,18,8,8,8,0,58,\N,\N,\N,\N,\N,\N,11
14117,574,224,56,30,15,9,9,9,0,57,\N,\N,\N,\N,\N,\N,12
14118,574,197,58,17,16,10,10,10,0,57,\N,\N,\N,\N,\N,\N,12
14119,574,239,63,18,24,11,11,11,0,57,\N,\N,\N,\N,\N,\N,12
14120,574,237,64,25,22,12,12,12,0,57,\N,\N,\N,\N,\N,\N,12
14121,574,229,64,24,21,13,13,13,0,54,\N,\N,\N,\N,\N,\N,15
14122,574,286,59,21,23,14,14,14,0,54,\N,\N,\N,\N,\N,\N,15
14123,574,280,63,38,26,\N,N,15,0,48,\N,\N,\N,\N,\N,\N,62
14124,574,252,58,16,9,\N,R,16,0,45,\N,\N,\N,\N,\N,\N,5
14125,574,230,37,9,12,\N,R,17,0,34,\N,\N,\N,\N,\N,\N,27
14126,574,172,27,26,4,\N,R,18,0,34,\N,\N,\N,\N,\N,\N,27
14127,574,250,204,8,10,\N,R,19,0,31,\N,\N,\N,\N,\N,\N,4
14128,574,256,204,7,13,\N,R,20,0,30,\N,\N,\N,\N,\N,\N,22
14129,574,207,32,5,11,\N,R,21,0,23,\N,\N,\N,\N,\N,\N,22
14130,574,235,57,22,19,\N,R,22,0,14,\N,\N,\N,\N,\N,\N,3
14131,574,255,32,6,20,\N,R,23,0,13,\N,\N,\N,\N,\N,\N,5
14132,574,238,37,10,3,\N,R,24,0,12,\N,\N,\N,\N,\N,\N,22
14133,574,232,59,20,25,\N,R,25,0,9,\N,\N,\N,\N,\N,\N,3
14134,574,221,25,4,7,\N,R,26,0,7,\N,\N,\N,\N,\N,\N,106
14135,574,285,25,39,0,\N,F,27,0,0,\N,\N,\N,\N,\N,\N,81
14136,575,207,32,5,1,1,1,1,9,73,1:43:58.86,6238860,\N,\N,\N,\N,1
14137,575,221,25,4,13,2,2,2,6,72,\N,\N,\N,\N,\N,\N,11
14138,575,231,1,11,2,3,3,3,4,72,\N,\N,\N,\N,\N,\N,11
14139,575,178,63,19,20,4,4,4,3,72,\N,\N,\N,\N,\N,\N,11
14140,575,223,6,2,7,5,5,5,2,72,\N,\N,\N,\N,\N,\N,11
14141,575,255,32,6,16,6,6,6,1,72,\N,\N,\N,\N,\N,\N,11
14142,575,172,27,26,11,7,7,7,0,72,\N,\N,\N,\N,\N,\N,11
14143,575,229,64,24,22,8,8,8,0,72,\N,\N,\N,\N,\N,\N,11
14144,575,274,63,18,24,9,9,9,0,70,\N,\N,\N,\N,\N,\N,13
14145,575,197,58,17,15,10,10,10,0,69,\N,\N,\N,\N,\N,\N,14
14146,575,287,72,51,10,11,11,11,0,66,\N,\N,\N,\N,\N,\N,17
14147,575,222,25,3,5,\N,R,12,0,58,\N,\N,\N,\N,\N,\N,25
14148,575,246,59,21,25,\N,R,13,0,49,\N,\N,\N,\N,\N,\N,36
14149,575,252,58,16,14,\N,R,14,0,46,\N,\N,\N,\N,\N,\N,68
14150,575,230,37,9,8,\N,R,15,0,38,\N,\N,\N,\N,\N,\N,10
14151,575,233,37,34,18,\N,R,16,0,37,\N,\N,\N,\N,\N,\N,10
14152,575,200,1,12,12,\N,R,17,0,35,\N,\N,\N,\N,\N,\N,3
14153,575,187,67,28,4,\N,R,18,0,33,\N,\N,\N,\N,\N,\N,5
14154,575,273,25,52,21,\N,R,19,0,27,\N,\N,\N,\N,\N,\N,27
14155,575,232,59,20,19,\N,R,20,0,23,\N,\N,\N,\N,\N,\N,6
14156,575,224,56,30,23,\N,R,21,0,9,\N,\N,\N,\N,\N,\N,54
14157,575,250,204,8,6,\N,R,22,0,7,\N,\N,\N,\N,\N,\N,54
14158,575,182,6,1,3,\N,R,23,0,2,\N,\N,\N,\N,\N,\N,54
14159,575,256,204,7,17,\N,R,24,0,1,\N,\N,\N,\N,\N,\N,54
14160,575,238,37,10,9,\N,R,25,0,0,\N,\N,\N,\N,\N,\N,5
14161,575,245,74,54,0,\N,F,26,0,0,\N,\N,\N,\N,\N,\N,81
14162,576,224,1,1,5,1,1,1,9,53,1:39:26.29,5966290,\N,\N,\N,\N,1
14163,576,231,64,24,6,2,2,2,6,53,+5.91,5972200,\N,\N,\N,\N,1
14164,576,199,34,7,3,3,3,3,4,53,+17.06,5983350,\N,\N,\N,\N,1
14165,576,223,6,11,7,4,4,4,3,53,+35.79,6002080,\N,\N,\N,\N,1
14166,576,221,25,4,8,5,5,5,2,53,+54.25,6020540,\N,\N,\N,\N,1
14167,576,182,6,12,4,6,6,6,1,53,+1:19.65,6045940,\N,\N,\N,\N,1
14168,576,288,67,28,16,7,7,7,0,52,\N,\N,\N,\N,\N,\N,11
14169,576,235,32,6,18,8,8,8,0,52,\N,\N,\N,\N,\N,\N,11
14170,576,230,37,9,12,9,9,9,0,52,\N,\N,\N,\N,\N,\N,11
14171,576,289,26,22,21,10,10,10,0,52,\N,\N,\N,\N,\N,\N,11
14172,576,222,25,3,9,11,11,11,0,52,\N,\N,\N,\N,\N,\N,11
14173,576,252,202,16,14,12,12,12,0,51,\N,\N,\N,\N,\N,\N,7
14174,576,243,26,23,19,13,13,13,0,51,\N,\N,\N,\N,\N,\N,12
14175,576,200,1,2,13,14,14,14,0,50,\N,\N,\N,\N,\N,\N,13
14176,576,250,34,8,2,\N,R,15,0,46,\N,\N,\N,\N,\N,\N,5
14177,576,232,3,20,20,\N,N,16,0,44,\N,\N,\N,\N,\N,\N,62
14178,576,207,73,27,10,\N,R,17,0,27,\N,\N,\N,\N,\N,\N,7
14179,576,283,66,14,22,\N,R,18,0,24,\N,\N,\N,\N,\N,\N,5
14180,576,238,32,5,11,\N,R,19,0,15,\N,\N,\N,\N,\N,\N,5
14181,576,172,3,21,17,\N,R,20,0,15,\N,\N,\N,\N,\N,\N,6
14182,576,290,56,30,23,\N,R,21,0,12,\N,\N,\N,\N,\N,\N,3
14183,576,187,63,18,15,\N,D,22,0,6,\N,\N,\N,\N,\N,\N,2
14184,576,197,202,17,1,\N,W,23,0,0,\N,\N,\N,\N,\N,\N,7
14185,577,250,34,8,6,1,1,1,9,40,1:44:41.17,6281170,\N,\N,\N,\N,1
14186,577,224,1,1,2,2,2,2,6,40,+5.79,6286960,\N,\N,\N,\N,1
14187,577,200,1,2,10,3,3,3,4,40,+26.66,6307830,\N,\N,\N,\N,1
14188,577,223,6,11,5,4,4,4,3,40,+43.28,6324450,\N,\N,\N,\N,1
14189,577,182,6,12,4,5,5,5,2,40,+1:01.88,6343050,\N,\N,\N,\N,1
14190,577,231,64,24,7,6,6,6,1,40,+1:05.12,6346290,\N,\N,\N,\N,1
14191,577,207,73,27,18,7,7,7,0,40,+1:06.81,6347980,\N,\N,\N,\N,1
14192,577,199,34,7,3,8,8,8,0,40,+1:39.62,6380790,\N,\N,\N,\N,1
14193,577,235,32,6,12,9,9,9,0,40,+1:51.84,6393010,\N,\N,\N,\N,1
14194,577,187,63,18,13,10,10,10,0,40,+2:29.60,6430770,\N,\N,\N,\N,1
14195,577,172,3,21,11,11,11,11,0,39,\N,\N,\N,\N,\N,\N,11
14196,577,289,26,22,20,12,12,12,0,39,\N,\N,\N,\N,\N,\N,11
14197,577,290,56,30,21,13,13,13,0,39,\N,\N,\N,\N,\N,\N,11
14198,577,243,26,23,23,14,14,14,0,39,\N,\N,\N,\N,\N,\N,11
14199,577,238,32,5,16,15,15,15,0,38,\N,\N,\N,\N,\N,\N,12
14200,577,197,202,17,1,\N,R,16,0,32,\N,\N,\N,\N,\N,\N,69
14201,577,221,25,4,9,\N,R,17,0,31,\N,\N,\N,\N,\N,\N,22
14202,577,252,202,16,14,\N,R,18,0,31,\N,\N,\N,\N,\N,\N,3
14203,577,232,3,20,11,\N,R,19,0,24,\N,\N,\N,\N,\N,\N,69
14204,577,288,67,28,15,\N,R,20,0,22,\N,\N,\N,\N,\N,\N,64
14205,577,283,66,14,22,\N,R,21,0,22,\N,\N,\N,\N,\N,\N,10
14206,577,222,25,3,8,\N,R,22,0,18,\N,\N,\N,\N,\N,\N,44
14207,577,230,37,9,17,\N,R,23,0,1,\N,\N,\N,\N,\N,\N,5
14208,578,222,25,3,3,1,1,1,9,78,1:43:16.90,6196900,\N,\N,\N,\N,1
14209,578,199,34,7,2,2,2,2,6,78,+3.74,6200640,\N,\N,\N,\N,1
14210,578,221,25,4,5,3,3,3,4,78,+16.92,6213820,\N,\N,\N,\N,1
14211,578,250,34,8,1,4,4,4,3,78,+17.31,6214210,\N,\N,\N,\N,1
14212,578,182,6,12,4,5,5,5,2,78,+28.64,6225540,\N,\N,\N,\N,1
14213,578,200,1,2,16,6,6,6,1,78,+1:03.64,6260540,\N,\N,\N,\N,1
14214,578,243,75,23,14,7,7,7,0,78,+1:12.91,6269810,\N,\N,\N,\N,1
14215,578,288,67,28,18,8,8,8,0,77,\N,\N,\N,\N,\N,\N,11
14216,578,252,202,16,19,9,9,9,0,77,\N,\N,\N,\N,\N,\N,11
14217,578,238,32,5,8,10,10,10,0,77,\N,\N,\N,\N,\N,\N,11
14218,578,291,32,34,25,11,11,11,0,76,\N,\N,\N,\N,\N,\N,12
14219,578,235,32,6,21,12,12,12,0,76,\N,\N,\N,\N,\N,\N,12
14220,578,292,32,33,22,13,13,13,0,76,\N,\N,\N,\N,\N,\N,12
14221,578,293,1,31,20,14,14,14,0,76,\N,\N,\N,\N,\N,\N,12
14222,578,276,66,14,24,15,15,15,0,76,\N,\N,\N,\N,\N,\N,12
14223,578,223,6,11,9,16,16,16,0,71,\N,\N,\N,\N,\N,\N,37
14224,578,207,73,27,6,17,17,17,0,70,\N,\N,\N,\N,\N,\N,7
14225,578,172,3,21,23,\N,N,18,0,69,\N,\N,\N,\N,\N,\N,62
14226,578,224,1,1,11,\N,N,19,0,65,\N,\N,\N,\N,\N,\N,62
14227,578,251,25,32,17,\N,R,20,0,55,\N,\N,\N,\N,\N,\N,3
14228,578,231,64,24,12,\N,R,21,0,53,\N,\N,\N,\N,\N,\N,69
14229,578,197,202,17,13,\N,R,22,0,37,\N,\N,\N,\N,\N,\N,25
14230,578,275,37,10,26,\N,R,23,0,23,\N,\N,\N,\N,\N,\N,69
14231,578,232,3,20,15,\N,R,24,0,22,\N,\N,\N,\N,\N,\N,5
14232,578,187,63,18,10,\N,R,25,0,19,\N,\N,\N,\N,\N,\N,8
14233,578,230,37,9,7,\N,R,26,0,16,\N,\N,\N,\N,\N,\N,21
14234,578,290,56,30,0,\N,F,27,0,0,\N,\N,\N,\N,\N,\N,81
14235,578,289,26,22,0,\N,F,28,0,0,\N,\N,\N,\N,\N,\N,81
14236,579,200,1,2,11,1,1,1,4.5,29,42:53.7,2573700,\N,\N,\N,\N,1
14237,579,235,32,6,16,2,2,2,3,29,+1.1,2574800,\N,\N,\N,\N,1
14238,579,199,34,7,15,3,3,3,2,28,\N,\N,\N,\N,\N,\N,11
14239,579,197,202,17,10,4,4,4,1.5,28,\N,\N,\N,\N,\N,\N,11
14240,579,230,37,9,5,5,5,5,1,28,\N,\N,\N,\N,\N,\N,11
14241,579,275,37,10,24,6,6,6,0.5,27,\N,\N,\N,\N,\N,\N,12
14242,579,294,3,21,18,7,7,7,0,27,\N,\N,\N,\N,\N,\N,12
14243,579,187,63,18,6,8,8,8,0,26,\N,\N,\N,\N,\N,\N,13
14244,579,223,6,11,2,\N,N,9,0,25,\N,\N,\N,\N,\N,\N,62
14245,579,243,26,22,9,\N,R,10,0,25,\N,\N,\N,\N,\N,\N,3
14246,579,250,34,8,14,\N,R,11,0,25,\N,\N,\N,\N,\N,\N,3
14247,579,252,202,16,8,\N,R,12,0,23,\N,\N,\N,\N,\N,\N,3
14248,579,238,32,5,12,\N,R,13,0,23,\N,\N,\N,\N,\N,\N,22
14249,579,295,57,31,19,\N,R,14,0,20,\N,\N,\N,\N,\N,\N,7
14250,579,296,26,23,22,\N,N,15,0,18,\N,\N,\N,\N,\N,\N,62
14251,579,207,73,27,4,\N,R,16,0,16,\N,\N,\N,\N,\N,\N,22
14252,579,276,66,14,23,\N,R,17,0,7,\N,\N,\N,\N,\N,\N,69
14253,579,231,64,24,3,\N,R,18,0,6,\N,\N,\N,\N,\N,\N,3
14254,579,222,25,3,13,\N,R,19,0,3,\N,\N,\N,\N,\N,\N,5
14255,579,288,67,28,17,\N,R,20,0,3,\N,\N,\N,\N,\N,\N,3
14256,579,178,64,25,20,\N,R,21,0,3,\N,\N,\N,\N,\N,\N,3
14257,579,221,25,4,7,\N,R,22,0,1,\N,\N,\N,\N,\N,\N,3
14258,579,290,56,30,21,\N,R,23,0,1,\N,\N,\N,\N,\N,\N,54
14259,579,232,3,20,25,\N,R,24,0,1,\N,\N,\N,\N,\N,\N,54
14260,579,182,6,12,1,\N,R,25,0,0,\N,\N,\N,\N,\N,\N,3
14261,579,224,1,1,26,\N,W,26,0,0,\N,\N,\N,\N,\N,\N,54
14262,580,182,6,12,1,1,1,1,9,75,2:01:21.31,7281310,\N,\N,\N,\N,1
14263,580,224,1,1,9,2,2,2,6,75,+2.78,7284090,\N,\N,\N,\N,1
14264,580,250,34,8,8,3,3,3,4,75,+17.81,7299120,\N,\N,\N,\N,1
14265,580,238,32,5,4,4,4,4,3,75,+38.45,7319760,\N,\N,\N,\N,1
14266,580,221,25,4,12,5,5,5,2,75,+40.86,7322170,\N,\N,\N,\N,1
14267,580,200,1,2,15,6,6,6,1,75,+42.07,7323380,\N,\N,\N,\N,1
14268,580,222,25,3,7,7,7,7,0,74,\N,\N,\N,\N,\N,\N,11
14269,580,235,32,6,14,8,8,8,0,74,\N,\N,\N,\N,\N,\N,11
14270,580,199,34,7,10,9,9,9,0,73,\N,\N,\N,\N,\N,\N,12
14271,580,288,67,28,16,\N,R,10,0,66,\N,\N,\N,\N,\N,\N,3
14272,580,231,64,24,11,\N,R,11,0,63,\N,\N,\N,\N,\N,\N,3
14273,580,178,64,26,18,\N,R,12,0,61,\N,\N,\N,\N,\N,\N,36
14274,580,230,37,9,5,\N,R,13,0,48,\N,\N,\N,\N,\N,\N,3
14275,580,252,202,16,2,\N,R,14,0,39,\N,\N,\N,\N,\N,\N,3
14276,580,223,6,11,17,\N,R,15,0,36,\N,\N,\N,\N,\N,\N,3
14277,580,187,63,18,6,\N,R,16,0,36,\N,\N,\N,\N,\N,\N,20
14278,580,207,73,27,13,\N,R,17,0,9,\N,\N,\N,\N,\N,\N,44
14279,580,197,202,17,3,\N,R,18,0,0,\N,\N,\N,\N,\N,\N,3
14280,580,172,3,21,0,\N,F,19,0,0,\N,\N,\N,\N,\N,\N,81
14281,580,232,3,20,0,\N,F,20,0,0,\N,\N,\N,\N,\N,\N,81
14282,580,289,75,23,0,\N,F,21,0,0,\N,\N,\N,\N,\N,\N,81
14283,580,276,66,14,0,\N,F,22,0,0,\N,\N,\N,\N,\N,\N,81
14284,580,295,57,31,0,\N,F,23,0,0,\N,\N,\N,\N,\N,\N,81
14285,580,297,64,25,0,\N,F,24,0,0,\N,\N,\N,\N,\N,\N,81
14286,580,275,37,10,0,\N,F,25,0,0,\N,\N,\N,\N,\N,\N,81
14287,580,290,56,30,0,\N,F,26,0,0,\N,\N,\N,\N,\N,\N,81
14288,581,182,6,12,1,1,1,1,9,70,1:43:53.98,6233980,\N,\N,\N,\N,1
14289,581,222,25,3,9,2,2,2,6,70,+19.22,6253200,\N,\N,\N,\N,1
14290,581,199,34,7,6,3,3,3,4,70,+41.82,6275800,\N,\N,\N,\N,1
14291,581,221,25,4,12,4,4,4,3,70,+1:00.08,6294060,\N,\N,\N,\N,1
14292,581,223,6,11,4,5,5,5,2,70,+1:03.84,6297820,\N,\N,\N,\N,1
14293,581,252,202,16,5,6,6,6,1,70,+1:28.45,6322430,\N,\N,\N,\N,1
14294,581,224,1,1,8,7,7,7,0,69,\N,\N,\N,\N,\N,\N,11
14295,581,250,34,8,2,8,8,8,0,69,\N,\N,\N,\N,\N,\N,11
14296,581,276,66,14,20,9,9,9,0,68,\N,\N,\N,\N,\N,\N,12
14297,581,187,63,18,18,10,10,10,0,68,\N,\N,\N,\N,\N,\N,12
14298,581,288,67,28,21,11,11,11,0,67,\N,\N,\N,\N,\N,\N,13
14299,581,290,56,30,24,12,12,12,0,67,\N,\N,\N,\N,\N,\N,13
14300,581,296,75,22,22,\N,R,13,0,57,\N,\N,\N,\N,\N,\N,22
14301,581,230,37,9,3,\N,R,14,0,54,\N,\N,\N,\N,\N,\N,23
14302,581,235,32,6,16,\N,R,15,0,52,\N,\N,\N,\N,\N,\N,23
14303,581,238,32,5,14,\N,R,16,0,36,\N,\N,\N,\N,\N,\N,23
14304,581,172,3,21,23,\N,R,17,0,18,\N,\N,\N,\N,\N,\N,6
14305,581,275,37,10,17,\N,R,18,0,18,\N,\N,\N,\N,\N,\N,5
14306,581,294,75,23,7,\N,R,19,0,17,\N,\N,\N,\N,\N,\N,5
14307,581,231,64,24,11,\N,R,20,0,15,\N,\N,\N,\N,\N,\N,7
14308,581,197,202,17,10,\N,R,21,0,13,\N,\N,\N,\N,\N,\N,20
14309,581,232,3,20,19,\N,R,22,0,2,\N,\N,\N,\N,\N,\N,8
14310,581,178,64,26,13,\N,R,23,0,1,\N,\N,\N,\N,\N,\N,3
14311,581,200,1,2,15,\N,R,24,0,0,\N,\N,\N,\N,\N,\N,3
14312,582,182,6,12,5,1,1,1,9,80,1:59:18.319,7158319,\N,\N,\N,\N,1
14313,582,199,34,7,4,2,2,2,6,80,+6.288,7164607,\N,\N,\N,\N,1
14314,582,223,6,11,12,3,3,3,4,80,+29.095,7187414,\N,\N,\N,\N,1
14315,582,207,73,27,15,4,4,4,3,80,+44.380,7202699,\N,\N,\N,\N,1
14316,582,288,67,28,16,5,5,5,2,80,+1:30.763,7249082,\N,\N,\N,\N,1
14317,582,294,75,23,17,6,6,6,1,79,\N,\N,\N,\N,\N,\N,11
14318,582,222,25,3,8,7,7,7,0,79,\N,\N,\N,\N,\N,\N,11
14319,582,224,1,1,11,8,8,8,0,79,\N,\N,\N,\N,\N,\N,11
14320,582,238,32,5,9,9,9,9,0,79,\N,\N,\N,\N,\N,\N,11
14321,582,297,64,32,21,10,10,10,0,78,\N,\N,\N,\N,\N,\N,60
14322,582,178,64,26,19,11,11,11,0,78,\N,\N,\N,\N,\N,\N,12
14323,582,221,25,4,2,12,12,12,0,78,\N,\N,\N,\N,\N,\N,12
14324,582,276,66,14,23,13,13,13,0,78,\N,\N,\N,\N,\N,\N,12
14325,582,282,3,20,22,14,14,14,0,78,\N,\N,\N,\N,\N,\N,12
14326,582,235,32,6,18,15,15,15,0,77,\N,\N,\N,\N,\N,\N,13
14327,582,187,63,18,10,16,16,16,0,77,\N,\N,\N,\N,\N,\N,13
14328,582,290,56,30,25,17,17,17,0,74,\N,\N,\N,\N,\N,\N,16
14329,582,252,202,16,7,\N,R,18,0,53,\N,\N,\N,\N,\N,\N,20
14330,582,251,3,21,20,\N,R,19,0,49,\N,\N,\N,\N,\N,\N,27
14331,582,267,75,22,26,\N,R,20,0,47,\N,\N,\N,\N,\N,\N,7
14332,582,250,34,8,6,\N,R,21,0,41,\N,\N,\N,\N,\N,\N,20
14333,582,197,202,17,3,\N,R,22,0,38,\N,\N,\N,\N,\N,\N,5
14334,582,230,37,9,1,\N,R,23,0,36,\N,\N,\N,\N,\N,\N,7
14335,582,200,1,2,14,\N,R,24,0,34,\N,\N,\N,\N,\N,\N,25
14336,582,231,64,24,13,\N,R,25,0,21,\N,\N,\N,\N,\N,\N,23
14337,582,275,37,10,24,\N,R,26,0,10,\N,\N,\N,\N,\N,\N,69
14338,583,231,64,24,3,1,1,1,9,75,1:46:57.40,6417400,\N,\N,\N,\N,1
14339,583,182,6,12,1,2,2,2,6,75,+1.06,6418460,\N,\N,\N,\N,1
14340,583,223,6,11,2,3,3,3,4,75,+55.06,6472460,\N,\N,\N,\N,1
14341,583,199,34,7,5,4,4,4,3,74,\N,\N,\N,\N,\N,\N,11
14342,583,250,34,8,9,5,5,5,2,74,\N,\N,\N,\N,\N,\N,11
14343,583,252,202,16,12,6,6,6,1,74,\N,\N,\N,\N,\N,\N,11
14344,583,294,75,23,7,7,7,7,0,74,\N,\N,\N,\N,\N,\N,11
14345,583,288,67,28,18,8,8,8,0,74,\N,\N,\N,\N,\N,\N,11
14346,583,221,25,4,13,9,9,9,0,73,\N,\N,\N,\N,\N,\N,12
14347,583,298,57,31,22,10,10,10,0,71,\N,\N,\N,\N,\N,\N,14
14348,583,290,56,30,24,11,11,11,0,71,\N,\N,\N,\N,\N,\N,14
14349,583,251,3,20,19,12,12,12,0,70,\N,\N,\N,\N,\N,\N,15
14350,583,178,75,22,17,13,13,13,0,70,\N,\N,\N,\N,\N,\N,15
14351,583,275,37,10,23,14,14,14,0,70,\N,\N,\N,\N,\N,\N,15
14352,583,238,32,5,16,15,15,15,0,69,\N,\N,\N,\N,\N,\N,60
14353,583,222,25,3,4,16,16,16,0,67,\N,\N,\N,\N,\N,\N,5
14354,583,172,3,21,15,\N,R,17,0,64,\N,\N,\N,\N,\N,\N,5
14355,583,200,1,2,8,\N,R,18,0,61,\N,\N,\N,\N,\N,\N,3
14356,583,197,202,17,10,\N,R,19,0,44,\N,\N,\N,\N,\N,\N,27
14357,583,187,63,18,14,\N,R,20,0,43,\N,\N,\N,\N,\N,\N,76
14358,583,224,1,1,6,\N,R,21,0,40,\N,\N,\N,\N,\N,\N,5
14359,583,276,66,14,20,\N,R,22,0,23,\N,\N,\N,\N,\N,\N,24
14360,583,235,32,6,21,\N,R,23,0,6,\N,\N,\N,\N,\N,\N,5
14361,583,230,37,9,11,\N,R,24,0,0,\N,\N,\N,\N,\N,\N,22
14362,583,299,74,35,0,\N,W,25,0,0,\N,\N,\N,\N,\N,\N,54
14363,584,182,6,12,1,1,1,1,9,54,1:40:18.84,6018840,\N,\N,\N,\N,1
14364,584,231,64,24,3,2,2,2,6,54,+1.59,6020430,\N,\N,\N,\N,1
14365,584,200,1,2,7,3,3,3,4,54,+2.31,6021150,\N,\N,\N,\N,1
14366,584,224,1,1,10,4,4,4,3,54,+39.77,6058610,\N,\N,\N,\N,1
14367,584,207,73,27,15,5,5,5,2,54,+1:02.08,6080920,\N,\N,\N,\N,1
14368,584,221,25,4,13,6,6,6,1,54,+1:07.40,6086240,\N,\N,\N,\N,1
14369,584,294,75,23,12,7,7,7,0,54,+1:09.61,6088450,\N,\N,\N,\N,1
14370,584,197,202,17,4,8,8,8,0,54,+1:19.78,6098620,\N,\N,\N,\N,1
14371,584,222,25,3,2,9,9,9,0,54,+1:31.68,6110520,\N,\N,\N,\N,1
14372,584,238,32,5,17,10,10,10,0,54,+1:36.02,6114860,\N,\N,\N,\N,1
14373,584,172,3,21,16,11,11,11,0,54,+1:36.77,6115610,\N,\N,\N,\N,1
14374,584,219,25,15,21,12,12,12,0,54,+1:37.13,6115970,\N,\N,\N,\N,1
14375,584,187,63,18,14,13,13,13,0,53,\N,\N,\N,\N,\N,\N,11
14376,584,199,34,7,11,14,14,14,0,53,\N,\N,\N,\N,\N,\N,11
14377,584,298,57,31,22,15,15,15,0,53,\N,\N,\N,\N,\N,\N,11
14378,584,178,75,22,20,16,16,16,0,53,\N,\N,\N,\N,\N,\N,11
14379,584,276,66,14,25,17,17,17,0,52,\N,\N,\N,\N,\N,\N,12
14380,584,275,37,10,26,18,18,18,0,50,\N,\N,\N,\N,\N,\N,14
14381,584,250,34,8,5,\N,R,19,0,26,\N,\N,\N,\N,\N,\N,7
14382,584,235,32,6,19,\N,R,20,0,17,\N,\N,\N,\N,\N,\N,23
14383,584,290,56,30,23,\N,R,21,0,14,\N,\N,\N,\N,\N,\N,5
14384,584,230,37,9,8,\N,R,22,0,6,\N,\N,\N,\N,\N,\N,83
14385,584,223,6,11,9,\N,R,23,0,6,\N,\N,\N,\N,\N,\N,5
14386,584,288,67,28,18,\N,R,24,0,6,\N,\N,\N,\N,\N,\N,7
14387,584,252,202,16,6,\N,R,25,0,2,\N,\N,\N,\N,\N,\N,7
14388,584,296,3,20,24,\N,W,26,0,0,\N,\N,\N,\N,\N,\N,54
14389,585,224,1,1,7,1,1,1,9,56,1:22:05.0,4925000,\N,\N,\N,\N,1
14390,585,250,34,8,2,2,2,2,6,55,\N,\N,\N,\N,\N,\N,3
14391,585,222,25,3,6,3,3,3,4,55,\N,\N,\N,\N,\N,\N,3
14392,585,231,64,24,9,4,4,4,3,55,\N,\N,\N,\N,\N,\N,3
14393,585,288,37,28,15,5,5,5,2,55,\N,\N,\N,\N,\N,\N,3
14394,585,230,37,9,5,6,6,6,1,55,\N,\N,\N,\N,\N,\N,11
14395,585,200,1,2,10,7,7,7,0,55,\N,\N,\N,\N,\N,\N,3
14396,585,182,6,12,3,8,8,8,0,54,\N,\N,\N,\N,\N,\N,12
14397,585,221,25,4,17,9,9,9,0,54,\N,\N,\N,\N,\N,\N,3
14398,585,178,75,22,28,10,10,10,0,54,\N,\N,\N,\N,\N,\N,12
14399,585,187,63,18,18,11,11,11,0,54,\N,\N,\N,\N,\N,\N,3
14400,585,207,73,27,12,12,12,12,0,54,\N,\N,\N,\N,\N,\N,12
14401,585,223,6,11,4,13,13,13,0,54,\N,\N,\N,\N,\N,\N,12
14402,585,197,202,17,11,14,14,14,0,53,\N,\N,\N,\N,\N,\N,3
14403,585,294,75,23,13,15,15,15,0,53,\N,\N,\N,\N,\N,\N,3
14404,585,205,32,15,21,16,16,16,0,53,\N,\N,\N,\N,\N,\N,3
14405,585,300,76,32,26,17,17,17,0,51,\N,\N,\N,\N,\N,\N,3
14406,585,301,63,19,23,18,18,18,0,50,\N,\N,\N,\N,\N,\N,3
14407,585,290,56,30,24,19,19,19,0,50,\N,\N,\N,\N,\N,\N,3
14408,585,233,37,10,14,\N,R,20,0,45,\N,\N,\N,\N,\N,\N,3
14409,585,302,32,6,25,\N,R,21,0,28,\N,\N,\N,\N,\N,\N,3
14410,585,252,202,16,1,\N,R,22,0,20,\N,\N,\N,\N,\N,\N,3
14411,585,275,37,29,22,\N,R,23,0,18,\N,\N,\N,\N,\N,\N,5
14412,585,238,32,5,16,\N,R,24,0,7,\N,\N,\N,\N,\N,\N,5
14413,585,172,3,21,19,\N,R,25,0,5,\N,\N,\N,\N,\N,\N,6
14414,585,199,34,7,8,\N,R,26,0,4,\N,\N,\N,\N,\N,\N,5
14415,585,295,57,31,0,\N,F,27,0,0,\N,\N,\N,\N,\N,\N,81
14416,585,299,74,35,0,\N,F,28,0,0,\N,\N,\N,\N,\N,\N,81
14417,586,199,34,7,10,1,1,1,9,14,1:41:14.1,6074100,\N,\N,\N,\N,1
14418,586,172,3,21,15,2,2,2,6,14,+1:37.7,6171800,\N,\N,\N,\N,1
14419,586,182,6,12,1,3,3,3,4,14,+2:23.3,6217400,\N,\N,\N,\N,1
14420,586,252,202,16,16,4,4,4,3,14,+3:31.4,6285500,\N,\N,\N,\N,1
14421,586,178,75,22,21,5,5,5,2,14,+3:50.3,6304400,\N,\N,\N,\N,1
14422,586,298,57,19,24,6,6,6,1,14,+5:05.5,6379600,\N,\N,\N,\N,1
14423,586,275,37,29,25,7,7,7,0,14,+7:30.4,6524500,\N,\N,\N,\N,1
14424,586,229,64,25,23,8,8,8,0,14,+7:40.9,6535000,\N,\N,\N,\N,1
14425,586,221,25,4,4,9,9,9,0,13,\N,\N,\N,\N,\N,\N,11
14426,586,207,73,27,13,10,10,10,0,12,\N,\N,\N,\N,\N,\N,60
14427,586,231,64,24,9,\N,R,11,0,10,\N,\N,\N,\N,\N,\N,36
14428,586,223,6,11,5,\N,R,12,0,9,\N,\N,\N,\N,\N,\N,5
14429,586,294,75,23,17,\N,R,13,0,9,\N,\N,\N,\N,\N,\N,3
14430,586,222,25,3,3,\N,R,14,0,7,\N,\N,\N,\N,\N,\N,3
14431,586,197,202,17,12,\N,R,15,0,7,\N,\N,\N,\N,\N,\N,27
14432,586,250,34,8,2,\N,R,16,0,5,\N,\N,\N,\N,\N,\N,22
14433,586,290,56,30,22,\N,R,17,0,4,\N,\N,\N,\N,\N,\N,5
14434,586,233,37,10,7,\N,R,18,0,3,\N,\N,\N,\N,\N,\N,5
14435,586,224,1,1,8,\N,R,19,0,3,\N,\N,\N,\N,\N,\N,22
14436,586,230,37,9,11,\N,R,20,0,3,\N,\N,\N,\N,\N,\N,22
14437,586,187,32,6,14,\N,R,21,0,2,\N,\N,\N,\N,\N,\N,22
14438,586,238,32,5,18,\N,R,22,0,1,\N,\N,\N,\N,\N,\N,8
14439,586,288,37,28,19,\N,R,23,0,1,\N,\N,\N,\N,\N,\N,27
14440,586,200,1,2,6,\N,R,24,0,0,\N,\N,\N,\N,\N,\N,3
14441,586,270,3,20,20,\N,R,25,0,0,\N,\N,\N,\N,\N,\N,3
14442,586,245,74,35,0,\N,F,26,0,0,\N,\N,\N,\N,\N,\N,81
14443,587,230,37,9,8,1,1,1,4.5,29,0:57:56.69,3476690,\N,\N,\N,\N,1
14444,587,231,64,24,2,2,2,2,3,29,+27.03,3503720,\N,\N,\N,\N,1
14445,587,252,202,16,15,3,3,3,2,29,+34.85,3511540,\N,\N,\N,\N,1
14446,587,200,1,2,9,4,4,4,1.5,29,+1:12.66,3549350,\N,\N,\N,\N,1
14447,587,238,32,5,13,5,5,5,1,29,+1:23.33,3560020,\N,\N,\N,\N,1
14448,587,182,6,12,1,6,6,6,0.5,29,+1:30.28,3566970,\N,\N,\N,\N,1
14449,587,223,6,11,5,7,7,7,0,29,+1:39.07,3575760,\N,\N,\N,\N,1
14450,587,222,25,3,10,8,8,8,0,28,\N,\N,\N,\N,\N,\N,11
14451,587,224,1,1,3,9,9,9,0,28,\N,\N,\N,\N,\N,\N,11
14452,587,187,63,18,18,10,10,10,0,28,\N,\N,\N,\N,\N,\N,11
14453,587,221,25,4,7,11,11,11,0,28,\N,\N,\N,\N,\N,\N,11
14454,587,278,57,31,23,12,12,12,0,28,\N,\N,\N,\N,\N,\N,11
14455,587,239,64,25,17,13,13,13,0,28,\N,\N,\N,\N,\N,\N,11
14456,587,199,34,7,11,14,14,14,0,28,\N,\N,\N,\N,\N,\N,11
14457,587,294,75,23,16,15,15,15,0,28,\N,\N,\N,\N,\N,\N,11
14458,587,243,75,22,25,16,16,16,0,27,\N,\N,\N,\N,\N,\N,12
14459,587,275,37,29,21,17,17,17,0,26,\N,\N,\N,\N,\N,\N,13
14460,587,295,57,33,27,\N,N,18,0,25,\N,\N,\N,\N,\N,\N,62
14461,587,229,64,32,26,\N,R,19,0,23,\N,\N,\N,\N,\N,\N,10
14462,587,172,3,21,12,\N,R,20,0,21,\N,\N,\N,\N,\N,\N,64
14463,587,250,34,8,6,\N,R,21,0,17,\N,\N,\N,\N,\N,\N,5
14464,587,303,3,20,28,\N,R,22,0,14,\N,\N,\N,\N,\N,\N,5
14465,587,233,37,10,4,\N,R,23,0,10,\N,\N,\N,\N,\N,\N,3
14466,587,197,203,17,14,\N,R,24,0,10,\N,\N,\N,\N,\N,\N,98
14467,587,276,66,14,24,\N,R,25,0,2,\N,\N,\N,\N,\N,\N,5
14468,587,207,73,27,19,\N,R,26,0,1,\N,\N,\N,\N,\N,\N,3
14469,587,288,37,28,20,\N,W,27,0,0,\N,\N,\N,\N,\N,\N,3
14470,587,205,32,6,22,\N,W,28,0,0,\N,\N,\N,\N,\N,\N,3
14471,587,245,74,35,0,\N,F,29,0,0,\N,\N,\N,\N,\N,\N,81
14472,587,290,56,30,0,\N,F,30,0,0,\N,\N,\N,\N,\N,\N,81
14473,588,223,6,11,2,1,1,1,9,52,1:22:42.6,4962600,\N,\N,\N,\N,1
14474,588,224,1,1,3,2,2,2,6,52,+16.6,4979200,\N,\N,\N,\N,1
14475,588,182,6,12,1,3,3,3,4,52,+23.2,4985800,\N,\N,\N,\N,1
14476,588,199,34,7,7,4,4,4,3,52,+55.1,5017700,\N,\N,\N,\N,1
14477,588,231,64,24,8,5,5,5,2,52,+57.1,5019700,\N,\N,\N,\N,1
14478,588,252,202,16,14,6,6,6,1,52,+1:15.9,5038500,\N,\N,\N,\N,1
14479,588,221,25,4,12,7,7,7,0,51,\N,\N,\N,\N,\N,\N,11
14480,588,222,25,3,4,8,8,8,0,51,\N,\N,\N,\N,\N,\N,11
14481,588,229,64,34,17,9,9,9,0,51,\N,\N,\N,\N,\N,\N,11
14482,588,239,64,25,21,10,10,10,0,50,\N,\N,\N,\N,\N,\N,12
14483,588,232,56,30,26,11,11,11,0,48,\N,\N,\N,\N,\N,\N,14
14484,588,278,57,32,19,12,12,12,0,48,\N,\N,\N,\N,\N,\N,14
14485,588,302,32,6,25,13,13,13,0,46,\N,\N,\N,\N,\N,\N,16
14486,588,254,3,20,22,14,14,14,0,46,\N,\N,\N,\N,\N,\N,16
14487,588,197,203,17,13,\N,R,15,0,32,\N,\N,\N,\N,\N,\N,48
14488,588,275,37,29,24,\N,R,16,0,21,\N,\N,\N,\N,\N,\N,3
14489,588,233,37,10,16,\N,R,17,0,15,\N,\N,\N,\N,\N,\N,3
14490,588,172,3,21,18,\N,R,18,0,7,\N,\N,\N,\N,\N,\N,6
14491,588,250,34,8,10,\N,R,19,0,6,\N,\N,\N,\N,\N,\N,37
14492,588,243,75,22,23,\N,R,20,0,3,\N,\N,\N,\N,\N,\N,3
14493,588,200,1,2,5,\N,R,21,0,2,\N,\N,\N,\N,\N,\N,3
14494,588,238,32,5,11,\N,R,22,0,1,\N,\N,\N,\N,\N,\N,5
14495,588,294,75,23,6,\N,R,23,0,1,\N,\N,\N,\N,\N,\N,3
14496,588,207,73,27,15,\N,R,24,0,1,\N,\N,\N,\N,\N,\N,3
14497,588,230,37,9,9,\N,R,25,0,1,\N,\N,\N,\N,\N,\N,8
14498,588,276,66,14,20,\N,R,26,0,0,\N,\N,\N,\N,\N,\N,10
14499,588,295,57,31,0,\N,F,27,0,0,\N,\N,\N,\N,\N,\N,81
14500,588,245,74,35,0,\N,F,28,0,0,\N,\N,\N,\N,\N,\N,81
14501,589,182,6,12,1,1,1,1,9,59,1:42:58.175,6178175,\N,\N,\N,\N,1
14502,589,224,1,1,2,2,2,2,6,59,+4.943,6183118,\N,\N,\N,\N,1
14503,589,200,1,2,9,3,3,3,4,59,+47.637,6225812,\N,\N,\N,\N,1
14504,589,231,64,24,15,4,4,4,3,59,+49.475,6227650,\N,\N,\N,\N,1
14505,589,238,32,5,14,5,5,5,2,59,+49.986,6228161,\N,\N,\N,\N,1
14506,589,222,25,3,10,6,6,6,1,59,+50.321,6228496,\N,\N,\N,\N,1
14507,589,230,37,9,6,7,7,7,0,59,+1:44.031,6282206,\N,\N,\N,\N,1
14508,589,233,37,10,13,8,8,8,0,58,\N,\N,\N,\N,\N,\N,11
14509,589,187,67,28,12,9,9,9,0,57,\N,\N,\N,\N,\N,\N,12
14510,589,290,56,30,23,10,10,10,0,55,\N,\N,\N,\N,\N,\N,14
14511,589,252,202,16,7,\N,N,11,0,52,\N,\N,\N,\N,\N,\N,62
14512,589,205,32,6,19,\N,N,12,0,49,\N,\N,\N,\N,\N,\N,62
14513,589,239,64,25,18,\N,R,13,0,46,\N,\N,\N,\N,\N,\N,3
14514,589,295,57,31,22,\N,R,14,0,41,\N,\N,\N,\N,\N,\N,6
14515,589,223,6,11,11,\N,W,15,0,0,\N,\N,\N,\N,\N,\N,54
14516,589,197,202,17,4,\N,R,16,0,19,\N,\N,\N,\N,\N,\N,67
14517,589,199,34,7,3,\N,R,17,0,9,\N,\N,\N,\N,\N,\N,5
14518,589,207,73,27,5,\N,R,18,0,9,\N,\N,\N,\N,\N,\N,22
14519,589,294,75,23,17,\N,R,19,0,5,\N,\N,\N,\N,\N,\N,3
14520,589,277,25,15,20,\N,R,20,0,5,\N,\N,\N,\N,\N,\N,5
14521,589,221,25,4,8,\N,R,21,0,2,\N,\N,\N,\N,\N,\N,3
14522,589,250,34,8,16,\N,R,22,0,2,\N,\N,\N,\N,\N,\N,3
14523,589,172,3,21,21,\N,W,23,0,0,\N,\N,\N,\N,\N,\N,68
14524,589,275,3,20,24,\N,W,24,0,0,\N,\N,\N,\N,\N,\N,80
14525,590,304,1,6,10,1,1,1,9,53,1:41:02.01,6062010,\N,\N,\N,\N,1
14526,590,182,6,12,8,2,2,2,6,53,+9.27,6071280,\N,\N,\N,\N,1
14527,590,223,6,11,2,3,3,3,4,53,+20.41,6082420,\N,\N,\N,\N,1
14528,590,305,1,33,9,4,4,4,3,53,+31.79,6093800,\N,\N,\N,\N,1
14529,590,306,66,14,14,5,5,5,2,53,+51.84,6113850,\N,\N,\N,\N,1
14530,590,221,25,4,15,6,6,6,1,53,+1:52.48,6174490,\N,\N,\N,\N,1
14531,590,199,34,7,6,7,7,7,0,52,\N,\N,\N,\N,\N,\N,60
14532,590,307,37,10,19,8,8,8,0,52,\N,\N,\N,\N,\N,\N,60
14533,590,280,66,15,21,9,9,9,0,52,\N,\N,\N,\N,\N,\N,11
14534,590,224,1,5,3,10,10,10,0,52,\N,\N,\N,\N,\N,\N,11
14535,590,265,26,27,25,11,11,11,0,51,\N,\N,\N,\N,\N,\N,12
14536,590,187,34,28,20,12,12,12,0,49,\N,\N,\N,\N,\N,\N,14
14537,590,238,32,1,1,13,13,13,0,48,\N,\N,\N,\N,\N,\N,15
14538,590,289,26,26,17,\N,R,14,0,45,\N,\N,\N,\N,\N,\N,5
14539,590,235,32,2,7,\N,R,15,0,36,\N,\N,\N,\N,\N,\N,8
14540,590,308,34,8,22,\N,R,16,0,36,\N,\N,\N,\N,\N,\N,6
14541,590,233,37,9,23,\N,R,17,0,31,\N,\N,\N,\N,\N,\N,8
14542,590,296,66,37,24,\N,R,18,0,31,\N,\N,\N,\N,\N,\N,47
14543,590,222,25,3,12,\N,R,19,0,25,\N,\N,\N,\N,\N,\N,5
14544,590,250,63,18,11,\N,R,20,0,21,\N,\N,\N,\N,\N,\N,22
14545,590,232,80,20,13,\N,R,21,0,19,\N,\N,\N,\N,\N,\N,25
14546,590,231,37,24,5,\N,R,22,0,11,\N,\N,\N,\N,\N,\N,25
14547,590,200,63,19,18,\N,R,23,0,10,\N,\N,\N,\N,\N,\N,5
14548,590,309,58,16,4,\N,R,24,0,1,\N,\N,\N,\N,\N,\N,3
14549,590,197,58,17,16,\N,R,25,0,0,\N,\N,\N,\N,\N,\N,3
14550,591,224,1,5,1,1,1,1,9,32,1:24:37.06,5077060,\N,\N,\N,\N,1
14551,591,223,6,11,8,2,2,2,6,32,+13.57,5090630,\N,\N,\N,\N,1
14552,591,235,32,2,5,3,3,3,4,31,\N,\N,\N,\N,\N,\N,11
14553,591,250,63,18,12,4,4,4,3,31,\N,\N,\N,\N,\N,\N,11
14554,591,305,1,33,7,5,5,5,2,31,\N,\N,\N,\N,\N,\N,11
14555,591,238,32,1,4,6,6,6,1,31,\N,\N,\N,\N,\N,\N,11
14556,591,199,34,7,2,7,7,7,0,31,\N,\N,\N,\N,\N,\N,11
14557,591,221,25,4,16,8,8,8,0,31,\N,\N,\N,\N,\N,\N,11
14558,591,231,37,24,18,9,9,9,0,31,\N,\N,\N,\N,\N,\N,11
14559,591,306,66,14,17,10,10,10,0,31,\N,\N,\N,\N,\N,\N,11
14560,591,289,26,26,21,11,11,11,0,31,\N,\N,\N,\N,\N,\N,11
14561,591,304,1,6,11,12,12,12,0,31,\N,\N,\N,\N,\N,\N,11
14562,591,222,25,3,14,13,13,13,0,31,\N,\N,\N,\N,\N,\N,11
14563,591,280,66,15,22,14,14,14,0,30,\N,\N,\N,\N,\N,\N,12
14564,591,308,34,8,24,15,15,15,0,30,\N,\N,\N,\N,\N,\N,12
14565,591,296,66,37,23,16,16,16,0,30,\N,\N,\N,\N,\N,\N,12
14566,591,200,63,19,10,17,17,17,0,30,\N,\N,\N,\N,\N,\N,12
14567,591,187,34,28,15,\N,R,18,0,27,\N,\N,\N,\N,\N,\N,8
14568,591,233,37,9,13,\N,R,19,0,24,\N,\N,\N,\N,\N,\N,7
14569,591,197,58,17,19,\N,R,20,0,21,\N,\N,\N,\N,\N,\N,23
14570,591,232,80,20,9,\N,R,21,0,20,\N,\N,\N,\N,\N,\N,37
14571,591,309,58,16,6,\N,R,22,0,10,\N,\N,\N,\N,\N,\N,25
14572,591,307,37,10,20,\N,R,23,0,8,\N,\N,\N,\N,\N,\N,80
14573,591,182,6,12,25,\N,R,24,0,2,\N,\N,\N,\N,\N,\N,5
14574,591,265,26,27,3,\N,R,25,0,2,\N,\N,\N,\N,\N,\N,83
14575,592,199,34,7,4,1,1,1,9,78,1:42:40.96,6160960,\N,\N,\N,\N,1
14576,592,306,66,14,11,2,2,2,6,78,+33.94,6194900,\N,\N,\N,\N,1
14577,592,305,1,33,12,3,3,3,4,78,+42.16,6203120,\N,\N,\N,\N,1
14578,592,221,25,4,15,4,4,4,3,78,+44.19,6205150,\N,\N,\N,\N,1
14579,592,233,37,9,7,5,5,5,2,78,+46.23,6207190,\N,\N,\N,\N,1
14580,592,232,80,20,3,6,6,6,1,78,+56.04,6217000,\N,\N,\N,\N,1
14581,592,224,1,5,5,7,7,7,0,78,+1:08.39,6229350,\N,\N,\N,\N,1
14582,592,222,25,3,8,8,8,8,0,78,+1:10.54,6231500,\N,\N,\N,\N,1
14583,592,304,1,6,9,9,9,9,0,77,\N,\N,\N,\N,\N,\N,11
14584,592,230,37,10,19,10,10,10,0,77,\N,\N,\N,\N,\N,\N,11
14585,592,250,63,18,2,11,11,11,0,77,\N,\N,\N,\N,\N,\N,11
14586,592,289,26,26,18,12,12,12,0,77,\N,\N,\N,\N,\N,\N,11
14587,592,251,32,29,22,13,13,13,0,76,\N,\N,\N,\N,\N,\N,12
14588,592,292,25,32,24,14,14,14,0,76,\N,\N,\N,\N,\N,\N,12
14589,592,296,66,37,25,15,15,15,0,75,\N,\N,\N,\N,\N,\N,13
14590,592,182,6,12,1,16,16,16,0,74,\N,\N,\N,\N,\N,\N,80
14591,592,308,34,8,23,17,17,17,0,74,\N,\N,\N,\N,\N,\N,14
14592,592,280,66,15,21,18,18,18,0,72,\N,\N,\N,\N,\N,\N,16
14593,592,293,1,23,20,19,19,19,0,71,\N,\N,\N,\N,\N,\N,17
14594,592,223,6,11,6,\N,R,20,0,65,\N,\N,\N,\N,\N,\N,51
14595,592,187,34,28,13,\N,R,21,0,54,\N,\N,\N,\N,\N,\N,69
14596,592,235,32,2,10,\N,R,22,0,31,\N,\N,\N,\N,\N,\N,23
14597,592,231,64,24,14,\N,R,23,0,13,\N,\N,\N,\N,\N,\N,7
14598,592,200,63,19,17,\N,R,24,0,11,\N,\N,\N,\N,\N,\N,22
14599,592,310,32,30,26,\N,R,25,0,6,\N,\N,\N,\N,\N,\N,8
14600,592,238,32,1,16,\N,R,26,0,2,\N,\N,\N,\N,\N,\N,4
14601,592,311,80,21,27,\N,R,27,0,0,\N,\N,\N,\N,\N,\N,8
14602,593,182,6,12,1,1,1,1,9,84,2:00:29.56,7229560,\N,\N,\N,\N,1
14603,593,223,6,11,3,2,2,2,6,84,+35.61,7265170,\N,\N,\N,\N,1
14604,593,224,1,5,4,3,3,3,4,83,\N,\N,\N,\N,\N,\N,11
14605,593,233,37,9,13,4,4,4,3,82,\N,\N,\N,\N,\N,\N,12
14606,593,222,25,3,9,5,5,5,2,82,\N,\N,\N,\N,\N,\N,12
14607,593,304,1,6,8,6,6,6,1,82,\N,\N,\N,\N,\N,\N,12
14608,593,312,58,16,21,7,7,7,0,81,\N,\N,\N,\N,\N,\N,13
14609,593,221,25,4,16,8,8,8,0,81,\N,\N,\N,\N,\N,\N,13
14610,593,305,1,33,17,9,9,9,0,81,\N,\N,\N,\N,\N,\N,13
14611,593,231,64,24,10,10,10,10,0,81,\N,\N,\N,\N,\N,\N,13
14612,593,187,34,28,15,11,11,11,0,80,\N,\N,\N,\N,\N,\N,14
14613,593,280,66,15,20,12,12,12,0,80,\N,\N,\N,\N,\N,\N,14
14614,593,250,63,18,14,13,13,13,0,78,\N,\N,\N,\N,\N,\N,16
14615,593,314,77,23,25,14,14,14,0,76,\N,\N,\N,\N,\N,\N,20
14616,593,197,58,17,12,\N,N,15,0,73,\N,\N,\N,\N,\N,\N,62
14617,593,289,26,26,19,\N,R,16,0,43,\N,\N,\N,\N,\N,\N,5
14618,593,232,80,20,7,\N,R,17,0,37,\N,\N,\N,\N,\N,\N,3
14619,593,200,63,19,18,\N,R,18,0,35,\N,\N,\N,\N,\N,\N,6
14620,593,296,66,37,22,\N,R,19,0,27,\N,\N,\N,\N,\N,\N,5
14621,593,235,32,2,5,\N,R,20,0,26,\N,\N,\N,\N,\N,\N,23
14622,593,238,32,1,2,\N,R,21,0,23,\N,\N,\N,\N,\N,\N,5
14623,593,278,78,30,23,\N,R,22,0,22,\N,\N,\N,\N,\N,\N,23
14624,593,313,34,8,24,\N,R,23,0,14,\N,\N,\N,\N,\N,\N,44
14625,593,199,34,7,6,\N,R,24,0,12,\N,\N,\N,\N,\N,\N,20
14626,593,306,66,14,11,\N,R,25,0,2,\N,\N,\N,\N,\N,\N,5
14627,593,265,26,27,0,\N,F,26,0,0,\N,\N,\N,\N,\N,\N,81
14628,593,311,80,21,0,\N,F,27,0,0,\N,\N,\N,\N,\N,\N,81
14629,594,224,1,5,4,1,1,1,9,85,1:44:20.57,6260570,\N,\N,\N,\N,1
14630,594,182,6,12,3,2,2,2,6,85,+0.35,6260920,\N,\N,\N,\N,1
14631,594,222,25,3,2,3,3,3,4,85,+45.61,6306180,\N,\N,\N,\N,1
14632,594,223,6,11,1,4,4,4,3,85,+52.02,6312590,\N,\N,\N,\N,1
14633,594,306,66,14,7,5,5,5,2,85,+1:08.05,6328620,\N,\N,\N,\N,1
14634,594,304,1,6,12,6,6,6,1,85,+1:10.54,6331110,\N,\N,\N,\N,1
14635,594,305,1,33,13,7,7,7,0,84,\N,\N,\N,\N,\N,\N,11
14636,594,289,26,26,29,8,8,8,0,83,\N,\N,\N,\N,\N,\N,12
14637,594,230,37,10,31,9,9,9,0,83,\N,\N,\N,\N,\N,\N,12
14638,594,314,77,41,23,10,10,10,0,83,\N,\N,\N,\N,\N,\N,12
14639,594,187,34,28,19,11,11,11,0,83,\N,\N,\N,\N,\N,\N,12
14640,594,265,26,27,21,12,12,12,0,82,\N,\N,\N,\N,\N,\N,13
14641,594,197,58,17,17,13,13,13,0,82,\N,\N,\N,\N,\N,\N,13
14642,594,298,80,21,30,14,14,14,0,82,\N,\N,\N,\N,\N,\N,13
14643,594,267,57,22,14,15,15,15,0,82,\N,\N,\N,\N,\N,\N,13
14644,594,296,66,37,25,16,16,16,0,82,\N,\N,\N,\N,\N,\N,13
14645,594,269,34,34,27,17,17,17,0,81,\N,\N,\N,\N,\N,\N,14
14646,594,312,58,16,18,18,18,18,0,80,\N,\N,\N,\N,\N,\N,5
14647,594,235,32,2,16,\N,R,19,0,72,\N,\N,\N,\N,\N,\N,25
14648,594,252,79,42,20,\N,R,20,0,66,\N,\N,\N,\N,\N,\N,4
14649,594,199,34,7,24,\N,R,21,0,62,\N,\N,\N,\N,\N,\N,5
14650,594,238,32,1,5,\N,R,22,0,56,\N,\N,\N,\N,\N,\N,95
14651,594,221,25,4,28,\N,R,23,0,53,\N,\N,\N,\N,\N,\N,23
14652,594,200,63,19,26,\N,R,24,0,53,\N,\N,\N,\N,\N,\N,22
14653,594,315,34,43,11,\N,R,25,0,53,\N,\N,\N,\N,\N,\N,27
14654,594,250,63,18,8,\N,R,26,0,50,\N,\N,\N,\N,\N,\N,64
14655,594,313,34,8,22,\N,R,27,0,49,\N,\N,\N,\N,\N,\N,5
14656,594,231,64,24,9,\N,R,28,0,45,\N,\N,\N,\N,\N,\N,3
14657,594,232,80,20,6,\N,R,29,0,29,\N,\N,\N,\N,\N,\N,7
14658,594,280,66,15,15,\N,R,30,0,12,\N,\N,\N,\N,\N,\N,4
14659,594,233,37,9,10,\N,R,31,0,6,\N,\N,\N,\N,\N,\N,8
14660,594,316,63,44,0,\N,F,32,0,0,\N,\N,\N,\N,\N,\N,81
14661,595,238,32,1,3,1,1,1,9,78,1:58:03.7,7083700,\N,\N,\N,\N,1
14662,595,222,25,3,5,2,2,2,6,78,+28.8,7112500,\N,\N,\N,\N,1
14663,595,197,58,17,6,3,3,3,4,78,+48.9,7132600,\N,\N,\N,\N,1
14664,595,223,6,11,2,4,4,4,3,78,+1:03.1,7146800,\N,\N,\N,\N,1
14665,595,224,1,5,13,5,5,5,2,77,\N,\N,\N,\N,\N,\N,11
14666,595,187,34,28,23,6,6,6,1,77,\N,\N,\N,\N,\N,\N,11
14667,595,289,26,26,21,7,7,7,0,76,\N,\N,\N,\N,\N,\N,12
14668,595,265,26,27,26,8,8,8,0,75,\N,\N,\N,\N,\N,\N,13
14669,595,221,25,4,4,9,9,9,0,74,\N,\N,\N,\N,\N,\N,14
14670,595,280,66,15,27,\N,R,10,0,62,\N,\N,\N,\N,\N,\N,6
14671,595,235,32,2,19,\N,R,11,0,34,\N,\N,\N,\N,\N,\N,5
14672,595,182,6,12,1,\N,R,12,0,32,\N,\N,\N,\N,\N,\N,80
14673,595,231,64,24,7,\N,R,13,0,27,\N,\N,\N,\N,\N,\N,86
14674,595,305,1,33,10,\N,R,14,0,11,\N,\N,\N,\N,\N,\N,3
14675,595,199,34,7,8,\N,R,15,0,5,\N,\N,\N,\N,\N,\N,22
14676,595,296,66,37,22,\N,R,16,0,4,\N,\N,\N,\N,\N,\N,3
14677,595,267,57,22,25,\N,R,17,0,4,\N,\N,\N,\N,\N,\N,3
14678,595,233,37,9,9,\N,R,18,0,3,\N,\N,\N,\N,\N,\N,4
14679,595,306,66,14,11,\N,R,19,0,0,\N,\N,\N,\N,\N,\N,4
14680,595,304,1,6,12,\N,R,20,0,0,\N,\N,\N,\N,\N,\N,4
14681,595,232,80,20,14,\N,R,21,0,0,\N,\N,\N,\N,\N,\N,4
14682,595,230,37,10,15,\N,R,22,0,0,\N,\N,\N,\N,\N,\N,4
14683,595,312,58,16,16,\N,R,23,0,0,\N,\N,\N,\N,\N,\N,4
14684,595,250,63,18,18,\N,R,24,0,0,\N,\N,\N,\N,\N,\N,4
14685,595,314,77,23,24,\N,R,25,0,0,\N,\N,\N,\N,\N,\N,4
14686,595,200,63,19,17,\N,W,26,0,0,\N,\N,\N,\N,\N,\N,54
14687,595,278,78,30,20,\N,W,27,0,0,\N,\N,\N,\N,\N,\N,54
14688,595,313,34,8,0,\N,F,28,0,0,\N,\N,\N,\N,\N,\N,81
14689,596,222,25,3,2,1,1,1,9,80,1:58:31.391,7111391,\N,\N,\N,\N,1
14690,596,221,25,4,1,2,2,2,6,80,+0.380,7111771,\N,\N,\N,\N,1
14691,596,231,64,24,6,3,3,3,4,80,+3.325,7114716,\N,\N,\N,\N,1
14692,596,224,1,5,9,4,4,4,3,80,+53.507,7164898,\N,\N,\N,\N,1
14693,596,197,58,17,8,5,5,5,2,80,+1:16.403,7187794,\N,\N,\N,\N,1
14694,596,289,26,26,15,6,6,6,1,79,\N,\N,\N,\N,\N,\N,11
14695,596,265,26,27,18,7,7,7,0,79,\N,\N,\N,\N,\N,\N,11
14696,596,311,80,21,21,8,8,8,0,79,\N,\N,\N,\N,\N,\N,11
14697,596,313,34,8,20,9,9,9,0,79,\N,\N,\N,\N,\N,\N,11
14698,596,230,37,10,17,10,10,10,0,78,\N,\N,\N,\N,\N,\N,5
14699,596,187,34,28,14,11,11,11,0,77,\N,\N,\N,\N,\N,\N,13
14700,596,267,57,22,26,\N,D,12,0,77,\N,\N,\N,\N,\N,\N,2
14701,596,182,6,12,3,\N,R,13,0,70,\N,\N,\N,\N,\N,\N,6
14702,596,317,37,9,16,\N,R,14,0,59,\N,\N,\N,\N,\N,\N,22
14703,596,304,1,6,12,\N,R,15,0,56,\N,\N,\N,\N,\N,\N,22
14704,596,200,63,19,22,\N,R,16,0,53,\N,\N,\N,\N,\N,\N,22
14705,596,199,34,7,10,\N,R,17,0,30,\N,\N,\N,\N,\N,\N,44
14706,596,235,32,2,7,\N,R,18,0,27,\N,\N,\N,\N,\N,\N,5
14707,596,223,6,11,4,\N,R,19,0,24,\N,\N,\N,\N,\N,\N,6
14708,596,250,63,18,24,\N,R,20,0,15,\N,\N,\N,\N,\N,\N,64
14709,596,238,32,1,5,\N,R,21,0,8,\N,\N,\N,\N,\N,\N,86
14710,596,316,63,23,25,\N,R,22,0,8,\N,\N,\N,\N,\N,\N,5
14711,596,305,1,33,11,\N,R,23,0,5,\N,\N,\N,\N,\N,\N,95
14712,596,306,66,14,13,\N,R,24,0,3,\N,\N,\N,\N,\N,\N,5
14713,596,318,58,16,23,\N,R,25,0,2,\N,\N,\N,\N,\N,\N,6
14714,596,280,66,15,19,\N,R,26,0,0,\N,\N,\N,\N,\N,\N,42
14715,596,308,80,20,0,\N,F,27,0,0,\N,\N,\N,\N,\N,\N,81
14716,597,182,6,12,1,1,1,1,9,75,1:43:00.35,6180350,\N,\N,\N,\N,1
14717,597,223,6,11,2,2,2,2,6,75,+8.25,6188600,\N,\N,\N,\N,1
14718,597,224,1,5,3,3,3,3,4,75,+30.27,6210620,\N,\N,\N,\N,1
14719,597,305,1,33,4,4,4,4,3,75,+31.29,6211640,\N,\N,\N,\N,1
14720,597,222,25,3,5,5,5,5,2,75,+34.28,6214630,\N,\N,\N,\N,1
14721,597,221,25,4,8,6,6,6,1,75,+51.52,6231870,\N,\N,\N,\N,1
14722,597,187,34,28,13,7,7,7,0,75,+1:13.95,6254300,\N,\N,\N,\N,1
14723,597,238,32,1,10,8,8,8,0,73,\N,\N,\N,\N,\N,\N,12
14724,597,313,34,8,23,9,9,9,0,73,\N,\N,\N,\N,\N,\N,12
14725,597,230,37,10,15,10,10,10,0,72,\N,\N,\N,\N,\N,\N,13
14726,597,235,32,2,18,11,11,11,0,71,\N,\N,\N,\N,\N,\N,14
14727,597,199,34,7,12,12,12,12,0,71,\N,\N,\N,\N,\N,\N,14
14728,597,267,57,22,17,\N,D,13,0,69,\N,\N,\N,\N,\N,\N,2
14729,597,304,1,6,9,\N,R,14,0,65,\N,\N,\N,\N,\N,\N,80
14730,597,296,66,37,25,\N,R,15,0,60,\N,\N,\N,\N,\N,\N,6
14731,597,232,80,20,21,\N,R,16,0,54,\N,\N,\N,\N,\N,\N,6
14732,597,265,26,27,14,\N,R,17,0,36,\N,\N,\N,\N,\N,\N,69
14733,597,197,58,17,7,\N,R,18,0,28,\N,\N,\N,\N,\N,\N,8
14734,597,306,66,14,16,\N,R,19,0,18,\N,\N,\N,\N,\N,\N,6
14735,597,289,26,26,19,\N,R,20,0,16,\N,\N,\N,\N,\N,\N,6
14736,597,280,66,15,24,\N,R,21,0,15,\N,\N,\N,\N,\N,\N,64
14737,597,200,63,19,20,\N,R,22,0,8,\N,\N,\N,\N,\N,\N,7
14738,597,231,64,24,6,\N,R,23,0,2,\N,\N,\N,\N,\N,\N,4
14739,597,252,58,16,11,\N,R,24,0,0,\N,\N,\N,\N,\N,\N,4
14740,597,233,37,9,22,\N,R,25,0,0,\N,\N,\N,\N,\N,\N,3
14741,597,314,77,23,0,\N,F,26,0,0,\N,\N,\N,\N,\N,\N,81
14742,597,298,80,21,0,\N,F,27,0,0,\N,\N,\N,\N,\N,\N,81
14743,598,238,32,1,2,1,1,1,9,80,1:21:55.02,4915020,\N,\N,\N,\N,1
14744,598,182,6,12,1,2,2,2,6,80,+20.36,4935380,\N,\N,\N,\N,1
14745,598,223,6,11,4,3,3,3,4,80,+27.84,4942860,\N,\N,\N,\N,1
14746,598,222,25,3,7,4,4,4,3,80,+28.11,4943130,\N,\N,\N,\N,1
14747,598,235,32,2,13,5,5,5,2,80,+37.54,4952560,\N,\N,\N,\N,1
14748,598,304,1,6,11,6,6,6,1,80,+38.14,4953160,\N,\N,\N,\N,1
14749,598,305,1,33,6,7,7,7,0,79,\N,\N,\N,\N,\N,\N,11
14750,598,221,25,4,9,8,8,8,0,79,\N,\N,\N,\N,\N,\N,11
14751,598,232,80,20,15,9,9,9,0,79,\N,\N,\N,\N,\N,\N,11
14752,598,306,66,14,17,10,10,10,0,79,\N,\N,\N,\N,\N,\N,11
14753,598,230,37,10,16,11,11,11,0,79,\N,\N,\N,\N,\N,\N,11
14754,598,197,58,17,12,12,12,12,0,79,\N,\N,\N,\N,\N,\N,11
14755,598,289,26,26,21,13,13,13,0,78,\N,\N,\N,\N,\N,\N,12
14756,598,296,66,37,22,14,14,14,0,78,\N,\N,\N,\N,\N,\N,12
14757,598,265,26,27,20,15,15,15,0,77,\N,\N,\N,\N,\N,\N,13
14758,598,187,34,28,14,16,16,16,0,76,\N,\N,\N,\N,\N,\N,14
14759,598,224,1,5,5,\N,R,17,0,27,\N,\N,\N,\N,\N,\N,5
14760,598,199,34,7,8,\N,R,18,0,24,\N,\N,\N,\N,\N,\N,64
14761,598,200,63,19,18,\N,R,19,0,4,\N,\N,\N,\N,\N,\N,8
14762,598,252,58,16,3,\N,R,20,0,1,\N,\N,\N,\N,\N,\N,4
14763,598,280,66,15,19,\N,R,21,0,1,\N,\N,\N,\N,\N,\N,8
14764,598,231,64,24,10,\N,R,22,0,0,\N,\N,\N,\N,\N,\N,4
14765,598,267,57,22,0,\N,F,23,0,0,\N,\N,\N,\N,\N,\N,81
14766,598,313,34,8,0,\N,F,24,0,0,\N,\N,\N,\N,\N,\N,81
14767,598,250,34,34,0,\N,F,25,0,0,\N,\N,\N,\N,\N,\N,81
14768,598,219,80,21,0,\N,F,26,0,0,\N,\N,\N,\N,\N,\N,81
14769,598,233,37,9,0,\N,F,27,0,0,\N,\N,\N,\N,\N,\N,81
14770,598,319,63,18,0,\N,F,28,0,0,\N,\N,\N,\N,\N,\N,81
14771,598,316,63,23,0,\N,F,29,0,0,\N,\N,\N,\N,\N,\N,81
14772,598,315,34,43,0,\N,F,30,0,0,\N,\N,\N,\N,\N,\N,81
14773,599,222,25,3,3,1,1,1,9,75,1:43:02.2,6182200,\N,\N,\N,\N,1
14774,599,224,1,5,8,2,2,2,6,75,+15.3,6197500,\N,\N,\N,\N,1
14775,599,235,32,2,12,3,3,3,4,75,+1:01.5,6243700,\N,\N,\N,\N,1
14776,599,223,6,11,7,4,4,4,3,75,+1:07.2,6249400,\N,\N,\N,\N,1
14777,599,182,6,12,1,5,5,5,2,74,\N,\N,\N,\N,\N,\N,11
14778,599,199,34,7,4,6,6,6,1,74,\N,\N,\N,\N,\N,\N,11
14779,599,304,1,6,19,7,7,7,0,74,\N,\N,\N,\N,\N,\N,11
14780,599,252,58,16,5,8,8,8,0,74,\N,\N,\N,\N,\N,\N,11
14781,599,250,34,8,20,9,9,9,0,74,\N,\N,\N,\N,\N,\N,11
14782,599,238,32,1,2,10,10,10,0,73,\N,\N,\N,\N,\N,\N,12
14783,599,187,34,28,13,11,11,11,0,73,\N,\N,\N,\N,\N,\N,12
14784,599,306,66,14,23,12,12,12,0,72,\N,\N,\N,\N,\N,\N,13
14785,599,289,26,26,22,13,13,13,0,69,\N,\N,\N,\N,\N,\N,16
14786,599,200,63,19,17,14,14,14,0,68,\N,\N,\N,\N,\N,\N,17
14787,599,280,66,15,24,\N,R,15,0,64,\N,\N,\N,\N,\N,\N,5
14788,599,296,66,37,14,\N,N,16,0,62,\N,\N,\N,\N,\N,\N,62
14789,599,305,1,33,11,\N,R,17,0,57,\N,\N,\N,\N,\N,\N,20
14790,599,197,58,17,16,\N,R,18,0,45,\N,\N,\N,\N,\N,\N,22
14791,599,233,37,9,9,\N,R,19,0,36,\N,\N,\N,\N,\N,\N,3
14792,599,221,25,4,10,\N,R,20,0,35,\N,\N,\N,\N,\N,\N,5
14793,599,232,80,20,15,\N,R,21,0,25,\N,\N,\N,\N,\N,\N,5
14794,599,230,37,10,16,\N,R,22,0,17,\N,\N,\N,\N,\N,\N,69
14795,599,314,77,23,25,\N,R,23,0,6,\N,\N,\N,\N,\N,\N,22
14796,599,231,64,24,6,\N,R,24,0,2,\N,\N,\N,\N,\N,\N,22
14797,599,320,26,27,21,\N,R,25,0,0,\N,\N,\N,\N,\N,\N,68
14798,599,259,79,42,0,\N,F,26,0,0,\N,\N,\N,\N,\N,\N,81
14799,599,321,63,18,0,\N,F,27,0,0,\N,\N,\N,\N,\N,\N,81
14800,599,311,80,21,0,\N,F,28,0,0,\N,\N,\N,\N,\N,\N,81
14801,599,275,34,208,0,\N,F,29,0,0,\N,\N,\N,\N,\N,\N,81
14802,599,267,57,22,0,\N,F,30,0,0,\N,\N,\N,\N,\N,\N,81
14803,599,300,76,29,0,\N,F,31,0,0,\N,\N,\N,\N,\N,\N,81
14804,599,307,74,25,0,\N,F,32,0,0,\N,\N,\N,\N,\N,\N,81
14805,599,283,37,35,0,\N,F,33,0,0,\N,\N,\N,\N,\N,\N,81
14806,599,316,63,43,0,\N,F,34,0,0,\N,\N,\N,\N,\N,\N,81
14807,600,223,6,11,2,1,1,1,9,14,1:41:35.0,6095000,\N,\N,\N,\N,1
14808,600,222,25,3,4,2,2,2,6,14,+50.7,6145700,\N,\N,\N,\N,1
14809,600,199,34,7,6,3,3,3,4,14,+1:23.3,6178300,\N,\N,\N,\N,1
14810,600,238,32,1,8,4,4,4,3,14,+1:24.2,6179200,\N,\N,\N,\N,1
14811,600,235,32,2,9,5,5,5,2,14,+1:25.0,6180000,\N,\N,\N,\N,1
14812,600,252,58,16,11,6,6,6,1,14,+2:18.1,6233100,\N,\N,\N,\N,1
14813,600,233,37,9,20,7,7,7,0,14,+2:58.7,6273700,\N,\N,\N,\N,1
14814,600,197,58,17,18,8,8,8,0,14,+3:25.9,6300900,\N,\N,\N,\N,1
14815,600,289,26,26,19,9,9,9,0,14,+3:26.4,6301400,\N,\N,\N,\N,1
14816,600,280,66,15,24,10,10,10,0,14,+4:17.7,6352700,\N,\N,\N,\N,1
14817,600,321,63,18,25,11,11,11,0,14,+5:17.7,6412700,\N,\N,\N,\N,1
14818,600,250,34,8,17,12,12,12,0,14,+6:26.3,6481300,\N,\N,\N,\N,1
14819,600,230,37,10,23,13,13,13,0,14,+8:43.1,6618100,\N,\N,\N,\N,1
14820,600,270,79,32,20,14,14,14,0,13,\N,\N,\N,\N,\N,\N,11
14821,600,305,1,33,12,15,15,15,0,12,\N,\N,\N,\N,\N,\N,3
14822,600,200,63,19,13,\N,R,16,0,10,\N,\N,\N,\N,\N,\N,5
14823,600,231,64,24,10,\N,R,17,0,10,\N,\N,\N,\N,\N,\N,6
14824,600,221,25,4,5,\N,R,18,0,5,\N,\N,\N,\N,\N,\N,3
14825,600,232,80,20,16,\N,R,19,0,5,\N,\N,\N,\N,\N,\N,37
14826,600,306,66,14,15,\N,R,20,0,4,\N,\N,\N,\N,\N,\N,69
14827,600,267,57,22,22,\N,R,21,0,4,\N,\N,\N,\N,\N,\N,6
14828,600,224,1,5,3,\N,R,22,0,2,\N,\N,\N,\N,\N,\N,22
14829,600,172,80,21,21,\N,R,23,0,2,\N,\N,\N,\N,\N,\N,22
14830,600,187,34,28,14,\N,R,24,0,1,\N,\N,\N,\N,\N,\N,22
14831,600,182,6,12,1,\N,R,25,0,0,\N,\N,\N,\N,\N,\N,3
14832,600,304,1,6,7,\N,R,26,0,0,\N,\N,\N,\N,\N,\N,3
14833,600,296,66,37,0,\N,F,27,0,0,\N,\N,\N,\N,\N,\N,81
14834,600,314,77,23,0,\N,F,28,0,0,\N,\N,\N,\N,\N,\N,81
14835,600,265,26,27,0,\N,F,29,0,0,\N,\N,\N,\N,\N,\N,81
14836,600,256,78,30,0,\N,F,30,0,0,\N,\N,\N,\N,\N,\N,81
14837,600,278,78,30,0,\N,F,31,0,0,\N,\N,\N,\N,\N,\N,81
14838,600,307,74,25,0,\N,F,32,0,0,\N,\N,\N,\N,\N,\N,81
14839,601,199,34,7,2,1,1,1,9,54,1:28:44.72,5324720,\N,\N,\N,\N,1
14840,601,304,1,6,10,2,2,2,6,54,+42.92,5367640,\N,\N,\N,\N,1
14841,601,231,64,24,7,3,3,3,4,54,+1:01.54,5386260,\N,\N,\N,\N,1
14842,601,187,34,28,11,4,4,4,3,54,+1:09.39,5394110,\N,\N,\N,\N,1
14843,601,223,6,11,8,5,5,5,2,54,+1:13.08,5397800,\N,\N,\N,\N,1
14844,601,230,37,10,20,6,6,6,1,54,+1:13.82,5398540,\N,\N,\N,\N,1
14845,601,322,1,33,17,7,7,7,0,53,\N,\N,\N,\N,\N,\N,11
14846,601,197,58,17,23,8,8,8,0,52,\N,\N,\N,\N,\N,\N,12
14847,601,323,63,30,25,9,9,9,0,51,\N,\N,\N,\N,\N,\N,13
14848,601,314,77,23,19,10,10,10,0,50,\N,\N,\N,\N,\N,\N,14
14849,601,233,37,9,15,11,11,11,0,48,\N,\N,\N,\N,\N,\N,22
14850,601,289,26,26,21,12,12,12,0,48,\N,\N,\N,\N,\N,\N,16
14851,601,270,79,35,24,\N,N,13,0,46,\N,\N,\N,\N,\N,\N,62
14852,601,238,32,1,6,\N,R,14,0,45,\N,\N,\N,\N,\N,\N,86
14853,601,235,32,2,22,\N,R,15,0,43,\N,\N,\N,\N,\N,\N,4
14854,601,221,25,4,14,\N,R,16,0,42,\N,\N,\N,\N,\N,\N,4
14855,601,250,34,8,4,\N,R,17,0,41,\N,\N,\N,\N,\N,\N,95
14856,601,224,1,5,3,\N,R,18,0,37,\N,\N,\N,\N,\N,\N,5
14857,601,172,80,21,12,\N,N,19,0,37,\N,\N,\N,\N,\N,\N,62
14858,601,232,80,20,9,\N,R,20,0,24,\N,\N,\N,\N,\N,\N,69
14859,601,252,58,16,16,\N,R,21,0,22,\N,\N,\N,\N,\N,\N,20
14860,601,306,66,14,18,\N,R,22,0,22,\N,\N,\N,\N,\N,\N,5
14861,601,182,6,12,1,\N,R,23,0,17,\N,\N,\N,\N,\N,\N,5
14862,601,243,26,27,13,\N,R,24,0,14,\N,\N,\N,\N,\N,\N,3
14863,601,222,25,3,5,\N,R,25,0,8,\N,\N,\N,\N,\N,\N,5
14864,601,251,64,31,0,\N,F,26,0,0,\N,\N,\N,\N,\N,\N,81
14865,601,316,63,43,0,\N,F,27,0,0,\N,\N,\N,\N,\N,\N,81
14866,601,321,63,18,0,\N,F,28,0,0,\N,\N,\N,\N,\N,\N,81
14867,601,283,57,22,0,\N,F,29,0,0,\N,\N,\N,\N,\N,\N,81
14868,601,219,63,19,0,\N,F,30,0,0,\N,\N,\N,\N,\N,\N,81
14869,601,324,34,32,0,\N,F,31,0,0,\N,\N,\N,\N,\N,\N,81
14870,602,238,32,1,7,1,1,1,9,52,1:22:56.6,4976600,\N,\N,\N,\N,1
14871,602,224,1,5,6,2,2,2,6,52,+0.8,4977400,\N,\N,\N,\N,1
14872,602,222,25,3,12,3,3,3,4,52,+24.7,5001300,\N,\N,\N,\N,1
14873,602,232,80,20,15,4,4,4,3,52,+1:27.7,5064300,\N,\N,\N,\N,1
14874,602,250,34,8,3,5,5,5,2,51,\N,\N,\N,\N,\N,\N,11
14875,602,304,1,6,19,6,6,6,1,51,\N,\N,\N,\N,\N,\N,11
14876,602,187,34,28,4,7,7,7,0,51,\N,\N,\N,\N,\N,\N,11
14877,602,289,26,26,21,8,8,8,0,51,\N,\N,\N,\N,\N,\N,11
14878,602,322,1,33,23,9,9,9,0,51,\N,\N,\N,\N,\N,\N,11
14879,602,252,58,16,22,10,10,10,0,50,\N,\N,\N,\N,\N,\N,12
14880,602,221,25,4,10,11,11,11,0,50,\N,\N,\N,\N,\N,\N,12
14881,602,223,6,11,5,\N,R,12,0,40,\N,\N,\N,\N,\N,\N,5
14882,602,182,6,12,1,\N,R,13,0,32,\N,\N,\N,\N,\N,\N,5
14883,602,235,32,2,16,\N,R,14,0,30,\N,\N,\N,\N,\N,\N,37
14884,602,243,26,27,14,\N,R,15,0,25,\N,\N,\N,\N,\N,\N,22
14885,602,172,80,21,17,\N,R,16,0,22,\N,\N,\N,\N,\N,\N,5
14886,602,197,58,17,9,\N,R,17,0,19,\N,\N,\N,\N,\N,\N,5
14887,602,230,37,10,13,\N,R,18,0,16,\N,\N,\N,\N,\N,\N,3
14888,602,314,77,29,20,\N,R,19,0,15,\N,\N,\N,\N,\N,\N,6
14889,602,199,34,7,2,\N,R,20,0,12,\N,\N,\N,\N,\N,\N,6
14890,602,233,37,9,18,\N,R,21,0,11,\N,\N,\N,\N,\N,\N,83
14891,602,280,66,15,25,\N,R,22,0,3,\N,\N,\N,\N,\N,\N,5
14892,602,231,64,24,8,\N,R,23,0,2,\N,\N,\N,\N,\N,\N,5
14893,602,296,66,37,24,\N,R,24,0,1,\N,\N,\N,\N,\N,\N,6
14894,602,306,66,14,11,\N,R,25,0,0,\N,\N,\N,\N,\N,\N,10
14895,602,319,63,19,0,\N,F,26,0,0,\N,\N,\N,\N,\N,\N,81
14896,602,325,34,31,0,\N,F,27,0,0,\N,\N,\N,\N,\N,\N,81
14897,602,321,63,18,0,\N,F,28,0,0,\N,\N,\N,\N,\N,\N,81
14898,602,283,57,25,0,\N,F,29,0,0,\N,\N,\N,\N,\N,\N,81
14899,602,278,78,30,0,\N,F,30,0,0,\N,\N,\N,\N,\N,\N,81
14900,602,316,63,23,0,\N,F,31,0,0,\N,\N,\N,\N,\N,\N,81
14901,603,224,1,5,1,1,1,1,9,80,1:40:26.136,6026136,\N,\N,\N,\N,1
14902,603,223,6,11,6,2,2,2,6,80,+13.034,6039170,\N,\N,\N,\N,1
14903,603,238,32,1,10,3,3,3,4,80,+14.494,6040630,\N,\N,\N,\N,1
14904,603,231,64,24,8,4,4,4,3,80,+15.669,6041805,\N,\N,\N,\N,1
14905,603,221,25,4,7,5,5,5,2,80,+55.322,6081458,\N,\N,\N,\N,1
14906,603,304,1,6,14,6,6,6,1,79,\N,\N,\N,\N,\N,\N,11
14907,603,207,73,55,16,7,7,7,0,79,\N,\N,\N,\N,\N,\N,11
14908,603,250,34,8,9,8,8,8,0,79,\N,\N,\N,\N,\N,\N,11
14909,603,199,34,7,4,9,9,9,0,79,\N,\N,\N,\N,\N,\N,11
14910,603,324,63,19,22,10,10,10,0,78,\N,\N,\N,\N,\N,\N,12
14911,603,243,26,27,11,11,11,11,0,78,\N,\N,\N,\N,\N,\N,12
14912,603,288,67,66,24,12,12,12,0,78,\N,\N,\N,\N,\N,\N,12
14913,603,235,32,2,21,13,13,13,0,78,\N,\N,\N,\N,\N,\N,12
14914,603,289,26,26,20,14,14,14,0,77,\N,\N,\N,\N,\N,\N,13
14915,603,172,80,21,18,15,15,15,0,74,\N,\N,\N,\N,\N,\N,29
14916,603,200,1,33,12,16,16,16,0,72,\N,\N,\N,\N,\N,\N,18
14917,603,278,66,15,25,\N,N,17,0,70,\N,\N,\N,\N,\N,\N,62
14918,603,182,6,12,2,\N,R,18,0,67,\N,\N,\N,\N,\N,\N,3
14919,603,252,58,16,13,\N,R,19,0,65,\N,\N,\N,\N,\N,\N,5
14920,603,187,34,28,15,\N,R,20,0,61,\N,\N,\N,\N,\N,\N,22
14921,603,306,66,14,17,\N,N,21,0,60,\N,\N,\N,\N,\N,\N,62
14922,603,222,25,3,3,\N,R,22,0,48,\N,\N,\N,\N,\N,\N,23
14923,603,197,58,17,5,\N,R,23,0,46,\N,\N,\N,\N,\N,\N,86
14924,603,232,80,20,19,\N,R,24,0,40,\N,\N,\N,\N,\N,\N,64
14925,603,326,34,50,26,\N,R,25,0,33,\N,\N,\N,\N,\N,\N,5
14926,603,233,37,9,23,\N,R,26,0,12,\N,\N,\N,\N,\N,\N,69
14927,603,321,63,18,0,\N,F,27,0,0,\N,\N,\N,\N,\N,\N,81
14928,603,283,57,22,0,\N,F,28,0,0,\N,\N,\N,\N,\N,\N,81
14929,603,230,37,10,0,\N,F,29,0,0,\N,\N,\N,\N,\N,\N,81
14930,603,270,34,42,0,\N,F,30,0,0,\N,\N,\N,\N,\N,\N,81
14931,604,199,34,7,1,1,1,1,9,59,1:40:21.439,6021439,\N,\N,\N,\N,1
14932,604,250,34,8,4,2,2,2,6,59,+10.735,6032174,\N,\N,\N,\N,1
14933,604,231,64,24,2,3,3,3,4,59,+1:10.384,6091823,\N,\N,\N,\N,1
14934,604,224,1,5,8,4,4,4,3,59,+1:17.753,6099192,\N,\N,\N,\N,1
14935,604,187,34,28,7,5,5,5,2,59,+1:25.804,6107243,\N,\N,\N,\N,1
14936,604,221,25,4,13,6,6,6,1,59,+1:27.506,6108945,\N,\N,\N,\N,1
14937,604,200,1,33,20,7,7,7,0,59,+1:30.012,6111451,\N,\N,\N,\N,1
14938,604,289,26,26,24,8,8,8,0,58,\N,\N,\N,\N,\N,\N,11
14939,604,278,66,15,12,9,9,9,0,57,\N,\N,\N,\N,\N,\N,12
14940,604,197,58,17,10,10,10,10,0,57,\N,\N,\N,\N,\N,\N,12
14941,604,223,6,11,9,11,11,11,0,55,\N,\N,\N,\N,\N,\N,14
14942,604,243,26,27,21,12,12,12,0,54,\N,\N,\N,\N,\N,\N,15
14943,604,238,32,1,19,\N,R,13,0,52,\N,\N,\N,\N,\N,\N,69
14944,604,283,57,22,22,\N,N,14,0,50,\N,\N,\N,\N,\N,\N,62
14945,604,252,58,16,18,\N,N,15,0,47,\N,\N,\N,\N,\N,\N,62
14946,604,222,25,3,6,\N,R,16,0,44,\N,\N,\N,\N,\N,\N,69
14947,604,232,80,20,15,\N,R,17,0,43,\N,\N,\N,\N,\N,\N,10
14948,604,182,6,12,5,\N,R,18,0,38,\N,\N,\N,\N,\N,\N,22
14949,604,172,80,21,11,\N,R,19,0,31,\N,\N,\N,\N,\N,\N,5
14950,604,288,67,66,14,\N,R,20,0,27,\N,\N,\N,\N,\N,\N,22
14951,604,319,63,18,26,\N,W,21,0,25,\N,\N,\N,\N,\N,\N,54
14952,604,230,37,10,25,\N,R,22,0,21,\N,\N,\N,\N,\N,\N,69
14953,604,324,63,19,23,\N,R,23,0,9,\N,\N,\N,\N,\N,\N,104
14954,604,235,32,2,16,\N,R,24,0,7,\N,\N,\N,\N,\N,\N,22
14955,604,314,32,31,27,\N,D,25,0,6,\N,\N,\N,\N,\N,\N,2
14956,604,207,73,55,3,\N,D,26,0,4,\N,\N,\N,\N,\N,\N,2
14957,604,304,1,6,17,\N,R,27,0,4,\N,\N,\N,\N,\N,\N,5
14958,604,233,37,9,0,\N,F,28,0,0,\N,\N,\N,\N,\N,\N,81
14959,604,270,34,42,0,\N,F,29,0,0,\N,\N,\N,\N,\N,\N,81
14960,604,306,66,14,0,\N,F,30,0,0,\N,\N,\N,\N,\N,\N,81
14961,605,224,32,2,2,1,1,1,9,96,1:56:18.22,6978220,\N,\N,\N,\N,1
14962,605,327,25,8,6,2,2,2,6,96,+4.69,6982910,\N,\N,\N,\N,1
14963,605,328,25,6,4,3,3,3,4,96,+33.19,7011410,\N,\N,\N,\N,1
14964,605,235,6,18,3,4,4,4,3,96,+42.57,7020790,\N,\N,\N,\N,1
14965,605,304,1,14,8,5,5,5,2,95,\N,\N,\N,\N,\N,\N,11
14966,605,290,34,12,13,6,6,6,1,95,\N,\N,\N,\N,\N,\N,11
14967,605,223,66,32,1,7,7,7,0,93,\N,\N,\N,\N,\N,\N,13
14968,605,309,1,16,11,8,8,8,0,92,\N,\N,\N,\N,\N,\N,14
14969,605,232,6,20,14,9,9,9,0,92,\N,\N,\N,\N,\N,\N,14
14970,605,329,37,22,18,10,10,10,0,90,\N,\N,\N,\N,\N,\N,22
14971,605,197,37,24,17,\N,R,11,0,84,\N,\N,\N,\N,\N,\N,21
14972,605,306,66,30,7,\N,R,12,0,79,\N,\N,\N,\N,\N,\N,5
14973,605,307,80,38,19,\N,N,13,0,79,\N,\N,\N,\N,\N,\N,62
14974,605,238,32,4,5,\N,R,14,0,67,\N,\N,\N,\N,\N,\N,51
14975,605,182,66,34,13,\N,R,15,0,66,\N,\N,\N,\N,\N,\N,51
14976,605,199,34,10,9,\N,R,16,0,16,\N,\N,\N,\N,\N,\N,6
14977,605,305,63,26,10,\N,R,17,0,10,\N,\N,\N,\N,\N,\N,86
14978,605,250,63,28,15,\N,R,18,0,10,\N,\N,\N,\N,\N,\N,22
14979,605,330,80,36,16,\N,R,19,0,0,\N,\N,\N,\N,\N,\N,5
14980,606,224,32,1,2,1,1,1,9,40,1:43:55.6,6235600,\N,\N,\N,\N,1
14981,606,328,25,3,8,2,2,2,6,40,+13.5,6249100,\N,\N,\N,\N,1
14982,606,304,1,7,5,3,3,3,4,40,+1:46.4,6342000,\N,\N,\N,\N,1
14983,606,232,6,10,17,4,4,4,3,39,\N,\N,\N,\N,\N,\N,11
14984,606,235,6,9,3,5,5,5,2,39,\N,\N,\N,\N,\N,\N,11
14985,606,223,66,14,4,6,6,6,1,39,\N,\N,\N,\N,\N,\N,11
14986,606,307,80,19,14,7,7,7,0,39,\N,\N,\N,\N,\N,\N,11
14987,606,182,66,16,13,8,8,8,0,38,\N,\N,\N,\N,\N,\N,12
14988,606,330,80,20,18,9,9,9,0,38,\N,\N,\N,\N,\N,\N,12
14989,606,327,25,4,9,10,10,10,0,38,\N,\N,\N,\N,\N,\N,12
14990,606,199,34,17,7,11,11,11,0,38,\N,\N,\N,\N,\N,\N,12
14991,606,331,63,23,20,12,12,12,0,36,\N,\N,\N,\N,\N,\N,14
14992,606,306,66,15,10,\N,R,13,0,23,\N,\N,\N,\N,\N,\N,10
14993,606,329,37,12,19,\N,R,14,0,18,\N,\N,\N,\N,\N,\N,25
14994,606,250,63,6,6,\N,R,15,0,9,\N,\N,\N,\N,\N,\N,22
14995,606,305,63,5,14,\N,R,16,0,6,\N,\N,\N,\N,\N,\N,6
14996,606,197,37,11,15,\N,R,17,0,6,\N,\N,\N,\N,\N,\N,6
14997,606,238,32,2,1,\N,R,18,0,5,\N,\N,\N,\N,\N,\N,36
14998,606,290,34,18,11,\N,R,19,0,5,\N,\N,\N,\N,\N,\N,25
14999,606,309,1,8,12,\N,R,20,0,3,\N,\N,\N,\N,\N,\N,6
15000,607,328,25,3,16,1,1,1,9,79,1:43:11.07,6191070,\N,\N,\N,\N,1
15001,607,309,1,6,6,2,2,2,6,79,+24.55,6215620,\N,\N,\N,\N,1
15002,607,224,32,1,2,3,3,3,4,79,+25.06,6216130,\N,\N,\N,\N,1
15003,607,232,6,9,15,4,4,4,3,78,\N,\N,\N,\N,\N,\N,11
15004,607,304,1,5,1,5,5,5,2,77,\N,\N,\N,\N,\N,\N,12
15005,607,332,58,23,21,6,6,6,1,77,\N,\N,\N,\N,\N,\N,12
15006,607,199,34,18,8,7,7,7,0,77,\N,\N,\N,\N,\N,\N,12
15007,607,333,63,12,20,8,8,8,0,77,\N,\N,\N,\N,\N,\N,12
15008,607,222,1,7,3,9,9,9,0,75,\N,\N,\N,\N,\N,\N,5
15009,607,307,80,21,19,10,10,10,0,73,\N,\N,\N,\N,\N,\N,16
15010,607,238,32,2,4,11,11,11,0,73,\N,\N,\N,\N,\N,\N,16
15011,607,250,63,11,9,\N,R,12,0,69,\N,\N,\N,\N,\N,\N,3
15012,607,292,25,26,22,\N,N,13,0,67,\N,\N,\N,\N,\N,\N,62
15013,607,197,37,14,18,\N,N,14,0,66,\N,\N,\N,\N,\N,\N,62
15014,607,327,25,4,25,\N,N,15,0,66,\N,\N,\N,\N,\N,\N,62
15015,607,329,37,24,23,\N,N,16,0,65,\N,\N,\N,\N,\N,\N,62
15016,607,290,34,19,17,\N,R,17,0,52,\N,\N,\N,\N,\N,\N,6
15017,607,334,80,20,24,\N,R,18,0,35,\N,\N,\N,\N,\N,\N,25
15018,607,182,66,17,10,\N,R,19,0,26,\N,\N,\N,\N,\N,\N,5
15019,607,262,58,22,14,\N,R,20,0,14,\N,\N,\N,\N,\N,\N,5
15020,607,306,66,16,7,\N,R,21,0,4,\N,\N,\N,\N,\N,\N,8
15021,607,293,32,25,13,\N,R,22,0,3,\N,\N,\N,\N,\N,\N,3
15022,607,223,66,15,5,\N,R,23,0,2,\N,\N,\N,\N,\N,\N,3
15023,607,235,6,8,11,\N,R,24,0,2,\N,\N,\N,\N,\N,\N,3
15024,607,305,63,10,12,\N,R,25,0,2,\N,\N,\N,\N,\N,\N,3
15025,608,224,32,1,7,1,1,1,9,75,1:48:18.7,6498700,\N,\N,\N,\N,1
15026,608,327,25,4,3,2,2,2,6,75,+42.7,6541400,\N,\N,\N,\N,1
15027,608,332,58,20,14,3,3,3,4,75,+1:13.1,6571800,\N,\N,\N,\N,1
15028,608,309,1,6,5,4,4,4,3,74,\N,\N,\N,\N,\N,\N,11
15029,608,306,66,15,10,5,5,5,2,74,\N,\N,\N,\N,\N,\N,11
15030,608,304,1,5,2,6,6,6,1,74,\N,\N,\N,\N,\N,\N,11
15031,608,329,37,12,19,7,7,7,0,74,\N,\N,\N,\N,\N,\N,11
15032,608,280,37,11,18,8,8,8,0,73,\N,\N,\N,\N,\N,\N,12
15033,608,223,66,14,8,9,9,9,0,69,\N,\N,\N,\N,\N,\N,16
15034,608,290,34,17,12,10,10,10,0,69,\N,\N,\N,\N,\N,\N,16
15035,608,330,80,24,20,11,11,11,0,69,\N,\N,\N,\N,\N,\N,16
15036,608,235,6,7,6,12,12,12,0,69,\N,\N,\N,\N,\N,\N,16
15037,608,199,34,18,15,\N,R,13,0,66,\N,\N,\N,\N,\N,\N,86
15038,608,307,80,23,21,\N,R,14,0,63,\N,\N,\N,\N,\N,\N,60
15039,608,238,32,2,1,\N,R,15,0,56,\N,\N,\N,\N,\N,\N,6
15040,608,328,25,3,4,\N,R,16,0,47,\N,\N,\N,\N,\N,\N,23
15041,608,182,66,16,11,\N,R,17,0,28,\N,\N,\N,\N,\N,\N,27
15042,608,289,58,25,22,\N,R,18,0,27,\N,\N,\N,\N,\N,\N,23
15043,608,305,63,9,9,\N,R,19,0,25,\N,\N,\N,\N,\N,\N,44
15044,608,262,58,19,13,\N,R,20,0,23,\N,\N,\N,\N,\N,\N,5
15045,608,333,34,21,17,\N,R,21,0,17,\N,\N,\N,\N,\N,\N,36
15046,608,250,63,10,16,\N,R,22,0,13,\N,\N,\N,\N,\N,\N,86
15047,609,328,25,5,6,1,1,1,9,70,1:42:13.43,6133430,\N,\N,\N,\N,1
15048,609,327,25,6,4,2,2,2,6,70,+31.84,6165270,\N,\N,\N,\N,1
15049,609,224,32,1,9,3,3,3,4,70,+2:02.79,6256220,\N,\N,\N,\N,1
15050,609,333,34,9,18,4,4,4,3,69,\N,\N,\N,\N,\N,\N,11
15051,609,182,66,21,14,5,5,5,2,69,\N,\N,\N,\N,\N,\N,11
15052,609,278,81,22,15,6,6,6,1,67,\N,\N,\N,\N,\N,\N,13
15053,609,304,1,7,2,7,7,7,0,67,\N,\N,\N,\N,\N,\N,13
15054,609,250,63,24,8,8,8,8,0,66,\N,\N,\N,\N,\N,\N,14
15055,609,289,58,12,23,9,9,9,0,65,\N,\N,\N,\N,\N,\N,15
15056,609,223,66,19,12,10,10,10,0,63,\N,\N,\N,\N,\N,\N,3
15057,609,329,37,15,20,11,11,11,0,63,\N,\N,\N,\N,\N,\N,3
15058,609,197,37,14,16,\N,R,12,0,60,\N,\N,\N,\N,\N,\N,3
15059,609,306,66,20,5,\N,N,13,0,56,\N,\N,\N,\N,\N,\N,62
15060,609,290,34,11,19,\N,R,14,0,46,\N,\N,\N,\N,\N,\N,5
15061,609,238,32,2,1,\N,R,15,0,42,\N,\N,\N,\N,\N,\N,3
15062,609,309,1,8,10,\N,R,16,0,33,\N,\N,\N,\N,\N,\N,3
15063,609,307,80,25,21,\N,R,17,0,16,\N,\N,\N,\N,\N,\N,3
15064,609,199,34,10,7,\N,R,18,0,14,\N,\N,\N,\N,\N,\N,5
15065,609,332,58,16,11,\N,R,19,0,13,\N,\N,\N,\N,\N,\N,37
15066,609,262,58,17,22,\N,R,20,0,11,\N,\N,\N,\N,\N,\N,3
15067,609,235,6,3,3,\N,R,21,0,6,\N,\N,\N,\N,\N,\N,94
15068,609,330,80,26,17,\N,R,22,0,6,\N,\N,\N,\N,\N,\N,5
15069,609,305,63,23,13,\N,R,23,0,4,\N,\N,\N,\N,\N,\N,3
15070,610,328,25,5,1,1,1,1,9,78,1:57:44.3,7064300,\N,\N,\N,\N,1
15071,610,224,32,1,5,2,2,2,6,78,+1.3,7065600,\N,\N,\N,\N,1
15072,610,238,32,2,2,3,3,3,4,77,\N,\N,\N,\N,\N,\N,11
15073,610,327,25,6,4,4,4,4,3,77,\N,\N,\N,\N,\N,\N,11
15074,610,309,1,8,15,5,5,5,2,76,\N,\N,\N,\N,\N,\N,12
15075,610,304,1,7,3,6,6,6,1,76,\N,\N,\N,\N,\N,\N,12
15076,610,333,34,9,25,7,7,7,0,75,\N,\N,\N,\N,\N,\N,13
15077,610,305,63,23,13,8,8,8,0,75,\N,\N,\N,\N,\N,\N,13
15078,610,231,37,27,18,9,9,9,0,73,\N,\N,\N,\N,\N,\N,5
15079,610,262,58,17,22,10,10,10,0,72,\N,\N,\N,\N,\N,\N,16
15080,610,290,34,11,9,11,11,11,0,71,\N,\N,\N,\N,\N,\N,69
15081,610,197,37,14,14,\N,R,12,0,67,\N,\N,\N,\N,\N,\N,6
15082,610,289,58,12,24,\N,R,13,0,62,\N,\N,\N,\N,\N,\N,22
15083,610,232,6,4,16,\N,R,14,0,58,\N,\N,\N,\N,\N,\N,51
15084,610,199,34,10,19,\N,R,15,0,46,\N,\N,\N,\N,\N,\N,6
15085,610,235,6,3,7,\N,R,16,0,44,\N,\N,\N,\N,\N,\N,86
15086,610,307,80,25,10,\N,R,17,0,41,\N,\N,\N,\N,\N,\N,86
15087,610,306,66,20,11,\N,R,18,0,39,\N,\N,\N,\N,\N,\N,3
15088,610,250,63,24,17,\N,R,19,0,31,\N,\N,\N,\N,\N,\N,86
15089,610,259,37,18,23,\N,R,20,0,31,\N,\N,\N,\N,\N,\N,95
15090,610,330,80,26,21,\N,R,21,0,30,\N,\N,\N,\N,\N,\N,86
15091,610,182,66,21,6,\N,R,22,0,24,\N,\N,\N,\N,\N,\N,6
15092,610,278,81,22,12,\N,R,23,0,22,\N,\N,\N,\N,\N,\N,25
15093,610,223,66,19,8,\N,R,24,0,15,\N,\N,\N,\N,\N,\N,23
15094,610,329,37,15,20,\N,R,25,0,3,\N,\N,\N,\N,\N,\N,5
15095,611,304,1,7,6,1,1,1,9,80,1:56:46.049,7006049,\N,\N,\N,\N,1
15096,611,238,32,2,1,2,2,2,6,80,+4.039,7010088,\N,\N,\N,\N,1
15097,611,327,25,6,2,3,3,3,4,80,+14.667,7020716,\N,\N,\N,\N,1
15098,611,199,34,10,5,4,4,4,3,80,+18.068,7024117,\N,\N,\N,\N,1
15099,611,328,25,5,3,5,5,5,2,80,+25.998,7032047,\N,\N,\N,\N,1
15100,611,235,6,3,8,6,6,6,1,79,\N,\N,\N,\N,\N,\N,11
15101,611,309,1,8,7,7,7,7,0,79,\N,\N,\N,\N,\N,\N,11
15102,611,329,37,15,21,8,8,8,0,78,\N,\N,\N,\N,\N,\N,12
15103,611,223,66,19,12,9,9,9,0,77,\N,\N,\N,\N,\N,\N,13
15104,611,250,63,24,16,10,10,10,0,77,\N,\N,\N,\N,\N,\N,13
15105,611,307,80,25,11,11,11,11,0,77,\N,\N,\N,\N,\N,\N,13
15106,611,224,32,1,4,12,12,12,0,76,\N,\N,\N,\N,\N,\N,6
15107,611,182,66,21,15,13,13,13,0,75,\N,\N,\N,\N,\N,\N,15
15108,611,332,58,16,19,14,14,14,0,74,\N,\N,\N,\N,\N,\N,16
15109,611,306,66,20,9,\N,R,15,0,57,\N,\N,\N,\N,\N,\N,5
15110,611,262,58,17,17,\N,R,16,0,50,\N,\N,\N,\N,\N,\N,22
15111,611,305,63,23,10,\N,R,17,0,41,\N,\N,\N,\N,\N,\N,27
15112,611,197,37,14,20,\N,R,18,0,38,\N,\N,\N,\N,\N,\N,37
15113,611,289,58,12,18,\N,R,19,0,16,\N,\N,\N,\N,\N,\N,80
15114,611,290,34,11,12,\N,R,20,0,0,\N,\N,\N,\N,\N,\N,3
15115,611,317,37,27,14,\N,R,21,0,0,\N,\N,\N,\N,\N,\N,22
15116,612,238,32,2,5,1,1,1,9,54,1:41:36.52,6096520,\N,\N,\N,\N,1
15117,612,327,25,6,4,2,2,2,6,54,+40.92,6137440,\N,\N,\N,\N,1
15118,612,199,34,10,8,3,3,3,4,54,+46.48,6143000,\N,\N,\N,\N,1
15119,612,328,25,5,1,4,4,4,3,54,+46.93,6143450,\N,\N,\N,\N,1
15120,612,235,6,3,12,5,5,5,2,54,+48.90,6145420,\N,\N,\N,\N,1
15121,612,231,37,27,14,6,6,6,1,54,+1:22.54,6179060,\N,\N,\N,\N,1
15122,612,232,6,4,10,7,7,7,0,54,+1:29.19,6185710,\N,\N,\N,\N,1
15123,612,304,1,7,6,8,8,8,0,54,+1:29.53,6186050,\N,\N,\N,\N,1
15124,612,182,66,21,17,9,9,9,0,54,+1:45.76,6202280,\N,\N,\N,\N,1
15125,612,289,58,12,16,10,10,10,0,53,\N,\N,\N,\N,\N,\N,11
15126,612,306,66,20,15,11,11,11,0,53,\N,\N,\N,\N,\N,\N,11
15127,612,223,66,19,9,12,12,12,0,53,\N,\N,\N,\N,\N,\N,11
15128,612,250,63,24,18,13,13,13,0,51,\N,\N,\N,\N,\N,\N,13
15129,612,307,80,25,24,14,14,14,0,51,\N,\N,\N,\N,\N,\N,13
15130,612,313,57,29,25,15,15,15,0,51,\N,\N,\N,\N,\N,\N,13
15131,612,290,34,11,19,16,16,16,0,50,\N,\N,\N,\N,\N,\N,14
15132,612,222,1,8,2,\N,R,17,0,43,\N,\N,\N,\N,\N,\N,3
15133,612,224,32,1,3,\N,R,18,0,41,\N,\N,\N,\N,\N,\N,3
15134,612,305,63,23,11,\N,R,19,0,29,\N,\N,\N,\N,\N,\N,44
15135,612,333,34,9,13,\N,R,20,0,28,\N,\N,\N,\N,\N,\N,86
15136,612,317,37,15,22,\N,R,21,0,20,\N,\N,\N,\N,\N,\N,25
15137,612,332,58,16,20,\N,R,22,0,16,\N,\N,\N,\N,\N,\N,69
15138,612,280,80,26,23,\N,R,23,0,16,\N,\N,\N,\N,\N,\N,25
15139,612,197,37,14,7,\N,R,24,0,7,\N,\N,\N,\N,\N,\N,86
15140,612,262,58,17,21,\N,R,25,0,0,\N,\N,\N,\N,\N,\N,8
15141,613,309,1,8,3,1,1,1,9,67,1:29:18.5,5358500,\N,\N,\N,\N,1
15142,613,238,32,2,1,2,2,2,6,67,+2.8,5361300,\N,\N,\N,\N,1
15143,613,304,1,7,2,3,3,3,4,67,+3.0,5361500,\N,\N,\N,\N,1
15144,613,231,37,27,11,4,4,4,3,67,+3.4,5361900,\N,\N,\N,\N,1
15145,613,327,25,6,7,5,5,5,2,67,+36.6,5395100,\N,\N,\N,\N,1
15146,613,199,34,10,8,6,6,6,1,67,+44.7,5403200,\N,\N,\N,\N,1
15147,613,223,66,19,10,7,7,7,0,67,+1:11.7,5430200,\N,\N,\N,\N,1
15148,613,235,6,3,19,8,8,8,0,67,+1:17.4,5435900,\N,\N,\N,\N,1
15149,613,307,80,25,18,9,9,9,0,66,\N,\N,\N,\N,\N,\N,11
15150,613,328,25,5,4,10,10,10,0,66,\N,\N,\N,\N,\N,\N,11
15151,613,329,37,15,24,11,11,11,0,65,\N,\N,\N,\N,\N,\N,12
15152,613,182,66,21,9,12,12,12,0,63,\N,\N,\N,\N,\N,\N,14
15153,613,313,57,28,21,13,13,13,0,61,\N,\N,\N,\N,\N,\N,16
15154,613,290,34,11,13,\N,R,14,0,44,\N,\N,\N,\N,\N,\N,44
15155,613,224,32,1,5,\N,R,15,0,36,\N,\N,\N,\N,\N,\N,7
15156,613,187,34,29,23,\N,R,16,0,36,\N,\N,\N,\N,\N,\N,69
15157,613,289,58,12,27,\N,R,17,0,24,\N,\N,\N,\N,\N,\N,83
15158,613,278,81,22,29,\N,R,18,0,6,\N,\N,\N,\N,\N,\N,69
15159,613,222,1,30,6,\N,R,19,0,0,\N,\N,\N,\N,\N,\N,4
15160,613,305,63,23,12,\N,R,20,0,0,\N,\N,\N,\N,\N,\N,4
15161,613,200,63,31,14,\N,R,21,0,0,\N,\N,\N,\N,\N,\N,4
15162,613,250,63,24,15,\N,R,22,0,0,\N,\N,\N,\N,\N,\N,4
15163,613,306,66,20,17,\N,R,23,0,0,\N,\N,\N,\N,\N,\N,4
15164,613,333,34,9,20,\N,R,24,0,0,\N,\N,\N,\N,\N,\N,4
15165,613,335,37,14,22,\N,R,25,0,0,\N,\N,\N,\N,\N,\N,4
15166,613,332,58,16,25,\N,R,26,0,0,\N,\N,\N,\N,\N,\N,4
15167,613,262,58,17,26,\N,R,27,0,0,\N,\N,\N,\N,\N,\N,4
15168,613,336,80,26,28,\N,R,28,0,0,\N,\N,\N,\N,\N,\N,37
15169,613,259,37,18,16,\N,R,29,0,0,\N,\N,\N,\N,\N,\N,20
15170,614,328,25,5,2,1,1,1,9,72,1:39:12.45,5952450,\N,\N,\N,\N,1
15171,614,327,25,6,3,2,2,2,6,72,+15.83,5968280,\N,\N,\N,\N,1
15172,614,231,37,27,7,3,3,3,4,72,+1:03.01,6015460,\N,\N,\N,\N,1
15173,614,309,1,8,6,4,4,4,3,72,+1:09.13,6021580,\N,\N,\N,\N,1
15174,614,306,66,20,9,5,5,5,2,72,+1:13.37,6025820,\N,\N,\N,\N,1
15175,614,298,80,26,20,6,6,6,1,70,\N,\N,\N,\N,\N,\N,12
15176,614,250,63,24,8,7,7,7,0,69,\N,\N,\N,\N,\N,\N,13
15177,614,223,66,19,12,8,8,8,0,68,\N,\N,\N,\N,\N,\N,14
15178,614,307,80,25,15,9,9,9,0,68,\N,\N,\N,\N,\N,\N,14
15179,614,332,58,16,22,10,10,10,0,67,\N,\N,\N,\N,\N,\N,15
15180,614,238,32,2,1,11,11,11,0,66,\N,\N,\N,\N,\N,\N,5
15181,614,289,58,12,17,\N,N,12,0,56,\N,\N,\N,\N,\N,\N,62
15182,614,182,66,21,11,\N,R,13,0,52,\N,\N,\N,\N,\N,\N,48
15183,614,305,63,23,24,\N,R,14,0,52,\N,\N,\N,\N,\N,\N,10
15184,614,304,1,7,4,\N,R,15,0,31,\N,\N,\N,\N,\N,\N,5
15185,614,290,34,11,13,\N,R,16,0,27,\N,\N,\N,\N,\N,\N,3
15186,614,278,81,22,19,\N,R,17,0,22,\N,\N,\N,\N,\N,\N,69
15187,614,199,34,10,5,\N,R,18,0,9,\N,\N,\N,\N,\N,\N,27
15188,614,259,37,18,21,\N,R,19,0,8,\N,\N,\N,\N,\N,\N,54
15189,614,335,37,14,18,\N,R,20,0,7,\N,\N,\N,\N,\N,\N,3
15190,614,224,32,1,16,\N,R,21,0,2,\N,\N,\N,\N,\N,\N,68
15191,614,329,37,15,23,\N,R,22,0,2,\N,\N,\N,\N,\N,\N,10
15192,614,262,58,17,10,\N,R,23,0,1,\N,\N,\N,\N,\N,\N,3
15193,614,313,57,28,14,\N,W,24,0,0,\N,\N,\N,\N,\N,\N,54
15194,615,328,25,5,1,1,1,1,9,14,1:42:03.0,6123000,\N,\N,\N,\N,1
15195,615,327,25,6,3,2,2,2,6,14,+1.6,6124600,\N,\N,\N,\N,1
15196,615,235,1,30,4,3,3,3,4,14,+41.2,6164200,\N,\N,\N,\N,1
15197,615,250,63,24,11,4,4,4,3,14,+53.8,6176800,\N,\N,\N,\N,1
15198,615,290,34,11,13,5,5,5,2,14,+1:19.9,6202900,\N,\N,\N,\N,1
15199,615,224,32,1,14,6,6,6,1,14,+1:24.3,6207300,\N,\N,\N,\N,1
15200,615,200,63,31,15,7,7,7,0,14,+1:25.2,6208200,\N,\N,\N,\N,1
15201,615,262,58,17,17,8,8,8,0,14,+1:25.7,6208700,\N,\N,\N,\N,1
15202,615,309,1,8,7,9,9,9,0,14,+2:11.8,6254800,\N,\N,\N,\N,1
15203,615,280,80,26,12,10,10,10,0,14,+2:22.5,6265500,\N,\N,\N,\N,1
15204,615,243,34,9,16,11,11,11,0,14,+3:27.3,6330300,\N,\N,\N,\N,1
15205,615,304,1,7,8,12,12,12,0,14,+3:38.7,6341700,\N,\N,\N,\N,1
15206,615,289,58,12,20,13,13,13,0,14,+3:49.0,6352000,\N,\N,\N,\N,1
15207,615,305,63,23,18,14,14,14,0,13,\N,\N,\N,\N,\N,\N,11
15208,615,259,37,18,22,15,15,15,0,13,\N,\N,\N,\N,\N,\N,11
15209,615,329,37,15,19,16,16,16,0,13,\N,\N,\N,\N,\N,\N,11
15210,615,199,34,10,6,\N,R,17,0,7,\N,\N,\N,\N,\N,\N,5
15211,615,223,66,19,10,\N,R,18,0,7,\N,\N,\N,\N,\N,\N,5
15212,615,332,58,16,21,\N,R,19,0,5,\N,\N,\N,\N,\N,\N,3
15213,615,306,66,20,9,\N,R,20,0,4,\N,\N,\N,\N,\N,\N,6
15214,615,182,66,21,5,\N,R,21,0,1,\N,\N,\N,\N,\N,\N,3
15215,615,238,32,2,2,\N,R,22,0,0,\N,\N,\N,\N,\N,\N,80
15216,616,238,32,2,2,1,1,1,9,54,1:28:48.78,5328780,\N,\N,\N,\N,1
15217,616,328,25,5,7,2,2,2,6,54,+9.01,5337790,\N,\N,\N,\N,1
15218,616,250,63,24,8,3,3,3,4,54,+46.64,5375420,\N,\N,\N,\N,1
15219,616,199,34,10,5,4,4,4,3,54,+47.91,5376690,\N,\N,\N,\N,1
15220,616,306,66,20,13,5,5,5,2,54,+1:21.30,5410080,\N,\N,\N,\N,1
15221,616,223,66,19,14,6,6,6,1,54,+1:38.40,5427180,\N,\N,\N,\N,1
15222,616,232,6,4,6,7,7,7,0,53,\N,\N,\N,\N,\N,\N,11
15223,616,304,1,7,3,8,8,8,0,53,\N,\N,\N,\N,\N,\N,11
15224,616,298,80,26,23,9,9,9,0,52,\N,\N,\N,\N,\N,\N,12
15225,616,305,63,23,15,10,10,10,0,49,\N,\N,\N,\N,\N,\N,15
15226,616,224,32,1,1,\N,R,11,0,48,\N,\N,\N,\N,\N,\N,69
15227,616,307,80,25,21,\N,N,12,0,44,\N,\N,\N,\N,\N,\N,62
15228,616,197,37,18,12,\N,R,13,0,37,\N,\N,\N,\N,\N,\N,5
15229,616,313,57,28,19,\N,R,14,0,34,\N,\N,\N,\N,\N,\N,69
15230,616,290,34,11,16,\N,R,15,0,31,\N,\N,\N,\N,\N,\N,69
15231,616,289,58,12,22,\N,R,16,0,28,\N,\N,\N,\N,\N,\N,22
15232,616,332,58,16,20,\N,R,17,0,23,\N,\N,\N,\N,\N,\N,24
15233,616,243,34,9,17,\N,R,18,0,21,\N,\N,\N,\N,\N,\N,36
15234,616,262,58,17,18,\N,R,19,0,9,\N,\N,\N,\N,\N,\N,69
15235,616,327,25,6,10,\N,R,20,0,6,\N,\N,\N,\N,\N,\N,22
15236,616,231,37,27,9,\N,R,21,0,3,\N,\N,\N,\N,\N,\N,98
15237,616,309,1,8,4,\N,R,22,0,0,\N,\N,\N,\N,\N,\N,8
15238,616,329,37,15,11,\N,R,23,0,0,\N,\N,\N,\N,\N,\N,4
15239,617,238,32,2,1,1,1,1,9,55,1:29:17.0,5357000,\N,\N,\N,\N,1
15240,617,224,32,1,4,2,2,2,6,55,+0.8,5357800,\N,\N,\N,\N,1
15241,617,309,1,8,2,3,3,3,4,55,+28.8,5385800,\N,\N,\N,\N,1
15242,617,328,25,5,6,4,4,4,3,55,+33.2,5390200,\N,\N,\N,\N,1
15243,617,327,25,6,11,5,5,5,2,55,+46.2,5403200,\N,\N,\N,\N,1
15244,617,199,34,10,10,6,6,6,1,55,+59.8,5416800,\N,\N,\N,\N,1
15245,617,305,63,23,8,7,7,7,0,55,+1:28.7,5445700,\N,\N,\N,\N,1
15246,617,235,6,3,14,8,8,8,0,54,\N,\N,\N,\N,\N,\N,11
15247,617,259,37,29,24,9,9,9,0,54,\N,\N,\N,\N,\N,\N,11
15248,617,332,58,16,21,10,10,10,0,54,\N,\N,\N,\N,\N,\N,11
15249,617,262,58,17,19,11,11,11,0,54,\N,\N,\N,\N,\N,\N,11
15250,617,243,34,9,9,12,12,12,0,54,\N,\N,\N,\N,\N,\N,11
15251,617,306,66,20,13,13,13,13,0,54,\N,\N,\N,\N,\N,\N,11
15252,617,289,58,12,22,14,14,14,0,54,\N,\N,\N,\N,\N,\N,11
15253,617,304,1,7,3,15,15,15,0,53,\N,\N,\N,\N,\N,\N,12
15254,617,307,80,25,20,\N,N,16,0,44,\N,\N,\N,\N,\N,\N,62
15255,617,329,37,15,12,\N,R,17,0,34,\N,\N,\N,\N,\N,\N,6
15256,617,182,66,21,15,\N,R,18,0,33,\N,\N,\N,\N,\N,\N,3
15257,617,223,66,19,18,\N,R,19,0,30,\N,\N,\N,\N,\N,\N,80
15258,617,250,63,24,5,\N,R,20,0,17,\N,\N,\N,\N,\N,\N,27
15259,617,298,80,26,23,\N,R,21,0,14,\N,\N,\N,\N,\N,\N,25
15260,617,313,57,28,17,\N,R,22,0,10,\N,\N,\N,\N,\N,\N,25
15261,617,290,34,11,16,\N,R,23,0,6,\N,\N,\N,\N,\N,\N,23
15262,617,232,6,4,7,\N,R,24,0,2,\N,\N,\N,\N,\N,\N,22
15263,617,231,37,27,0,\N,W,25,0,0,\N,\N,\N,\N,\N,\N,3
15264,618,309,1,8,2,1,1,1,9,80,1:59:04.083,7144083,\N,\N,\N,\N,1
15265,618,224,32,1,5,2,2,2,6,80,+32.734,7176817,\N,\N,\N,\N,1
15266,618,262,58,17,14,3,3,3,4,80,+34.505,7178588,\N,\N,\N,\N,1
15267,618,306,66,20,16,4,4,4,3,80,+36.514,7180597,\N,\N,\N,\N,1
15268,618,328,25,5,9,5,5,5,2,79,\N,\N,\N,\N,\N,\N,11
15269,618,307,80,25,22,6,6,6,1,79,\N,\N,\N,\N,\N,\N,11
15270,618,231,37,27,15,7,7,7,0,78,\N,\N,\N,\N,\N,\N,12
15271,618,199,34,10,4,8,8,8,0,78,\N,\N,\N,\N,\N,\N,12
15272,618,305,63,23,12,9,9,9,0,78,\N,\N,\N,\N,\N,\N,12
15273,618,278,25,29,11,10,10,10,0,77,\N,\N,\N,\N,\N,\N,13
15274,618,290,34,11,10,11,11,11,0,77,\N,\N,\N,\N,\N,\N,13
15275,618,243,34,9,18,12,12,12,0,76,\N,\N,\N,\N,\N,\N,14
15276,618,304,1,7,7,13,13,13,0,75,\N,\N,\N,\N,\N,\N,15
15277,618,314,80,26,24,14,14,14,0,75,\N,\N,\N,\N,\N,\N,15
15278,618,232,6,4,20,15,15,15,0,75,\N,\N,\N,\N,\N,\N,15
15279,618,289,58,12,17,16,16,16,0,73,\N,\N,\N,\N,\N,\N,17
15280,618,332,58,16,13,17,17,17,0,73,\N,\N,\N,\N,\N,\N,17
15281,618,250,63,24,19,18,18,18,0,72,\N,\N,\N,\N,\N,\N,18
15282,618,197,37,18,23,\N,N,19,0,71,\N,\N,\N,\N,\N,\N,62
15283,618,313,57,28,26,\N,N,20,0,68,\N,\N,\N,\N,\N,\N,62
15284,618,182,66,21,8,\N,R,21,0,62,\N,\N,\N,\N,\N,\N,7
15285,618,222,1,0,3,\N,R,22,0,32,\N,\N,\N,\N,\N,\N,3
15286,618,327,25,6,6,\N,R,23,0,32,\N,\N,\N,\N,\N,\N,3
15287,618,329,37,15,21,\N,R,24,0,20,\N,\N,\N,\N,\N,\N,5
15288,618,238,32,2,1,\N,R,25,0,16,\N,\N,\N,\N,\N,\N,22
15289,618,320,66,19,25,\N,R,26,0,5,\N,\N,\N,\N,\N,\N,94
15290,619,238,32,2,1,1,1,1,9,59,1:41:15.779,6075779,\N,\N,\N,\N,1
15291,619,231,37,27,4,2,2,2,6,59,+0.668,6076447,\N,\N,\N,\N,1
15292,619,199,34,10,2,3,3,3,4,59,+22.930,6098709,\N,\N,\N,\N,1
15293,619,304,1,7,8,4,4,4,3,59,+50.226,6126005,\N,\N,\N,\N,1
15294,619,309,1,8,7,5,5,5,2,59,+1:20.367,6156146,\N,\N,\N,\N,1
15295,619,224,32,1,3,6,6,6,1,59,+1:47.945,6183724,\N,\N,\N,\N,1
15296,619,235,80,26,23,7,7,7,0,58,\N,\N,\N,\N,\N,\N,11
15297,619,223,66,19,15,8,8,8,0,58,\N,\N,\N,\N,\N,\N,11
15298,619,306,66,20,14,9,9,9,0,58,\N,\N,\N,\N,\N,\N,11
15299,619,329,37,15,26,10,10,10,0,58,\N,\N,\N,\N,\N,\N,11
15300,619,197,37,18,17,11,11,11,0,57,\N,\N,\N,\N,\N,\N,3
15301,619,307,80,25,19,12,12,12,0,57,\N,\N,\N,\N,\N,\N,12
15302,619,289,58,12,18,13,13,13,0,57,\N,\N,\N,\N,\N,\N,12
15303,619,332,58,16,20,14,14,14,0,57,\N,\N,\N,\N,\N,\N,12
15304,619,262,58,17,22,15,15,15,0,55,\N,\N,\N,\N,\N,\N,14
15305,619,232,6,4,11,16,16,16,0,55,\N,\N,\N,\N,\N,\N,14
15306,619,290,34,11,25,\N,N,17,0,52,\N,\N,\N,\N,\N,\N,62
15307,619,222,1,0,10,\N,R,18,0,39,\N,\N,\N,\N,\N,\N,22
15308,619,200,63,30,16,\N,R,19,0,35,\N,\N,\N,\N,\N,\N,5
15309,619,182,66,21,21,\N,R,20,0,35,\N,\N,\N,\N,\N,\N,48
15310,619,305,63,23,6,\N,R,21,0,34,\N,\N,\N,\N,\N,\N,22
15311,619,250,63,24,9,\N,R,22,0,32,\N,\N,\N,\N,\N,\N,22
15312,619,187,34,9,24,\N,R,23,0,7,\N,\N,\N,\N,\N,\N,5
15313,619,312,58,31,13,\N,D,24,0,5,\N,\N,\N,\N,\N,\N,2
15314,619,313,57,28,27,\N,R,25,0,0,\N,\N,\N,\N,\N,\N,37
15315,619,328,25,5,5,\N,W,26,0,0,\N,\N,\N,\N,\N,\N,54
15316,619,278,25,29,12,\N,W,27,0,0,\N,\N,\N,\N,\N,\N,54
15317,619,327,25,6,0,\N,W,28,0,0,\N,\N,\N,\N,\N,\N,3
15318,620,328,25,21,2,1,1,1,9,95,1:57:59.1,7079100,\N,\N,\N,\N,1
15319,620,304,1,17,4,2,2,2,6,95,+25.96,7105060,\N,\N,\N,\N,1
15320,620,235,6,8,8,3,3,3,4,95,+59.39,7138490,\N,\N,\N,\N,1
15321,620,223,6,9,6,4,4,4,3,95,+1:06.72,7145820,\N,\N,\N,\N,1
15322,620,314,63,19,11,5,5,5,2,95,+1:09.11,7148210,\N,\N,\N,\N,1
15323,620,238,37,14,10,6,6,6,1,94,\N,\N,\N,\N,\N,\N,11
15324,620,199,34,2,1,7,7,7,0,93,\N,\N,\N,\N,\N,\N,12
15325,620,280,37,23,15,8,8,8,0,93,\N,\N,\N,\N,\N,\N,12
15326,620,307,66,3,13,9,9,9,0,93,\N,\N,\N,\N,\N,\N,12
15327,620,337,66,7,19,10,10,10,0,93,\N,\N,\N,\N,\N,\N,12
15328,620,182,37,15,22,11,11,11,0,93,\N,\N,\N,\N,\N,\N,12
15329,620,224,32,11,5,\N,R,12,0,61,\N,\N,\N,\N,\N,\N,22
15330,620,327,25,22,17,\N,R,13,0,59,\N,\N,\N,\N,\N,\N,6
15331,620,317,66,4,7,\N,R,14,0,59,\N,\N,\N,\N,\N,\N,47
15332,620,309,1,18,3,\N,R,15,0,49,\N,\N,\N,\N,\N,\N,5
15333,620,207,6,10,9,\N,R,16,0,20,\N,\N,\N,\N,\N,\N,5
15334,620,333,63,20,14,\N,R,17,0,11,\N,\N,\N,\N,\N,\N,69
15335,620,289,34,1,16,\N,R,18,0,11,\N,\N,\N,\N,\N,\N,48
15336,620,338,32,12,20,\N,D,19,0,8,\N,\N,\N,\N,\N,\N,2
15337,620,320,66,5,18,\N,R,20,0,1,\N,\N,\N,\N,\N,\N,44
15338,620,339,66,6,21,\N,R,21,0,1,\N,\N,\N,\N,\N,\N,3
15339,620,278,82,16,12,\N,W,22,0,0,\N,\N,\N,\N,\N,\N,54
15340,621,304,1,12,5,1,1,1,9,79,1:45:49.1,6349100,\N,\N,\N,\N,1
15341,621,224,32,8,3,2,2,2,6,79,+14.1,6363200,\N,\N,\N,\N,1
15342,621,309,1,14,12,3,3,3,4,79,+25.8,6374900,\N,\N,\N,\N,1
15343,621,207,6,7,6,4,4,4,3,79,+38.5,6387600,\N,\N,\N,\N,1
15344,621,238,37,3,9,5,5,5,2,79,+49.0,6398100,\N,\N,\N,\N,1
15345,621,289,34,19,14,6,6,6,1,78,\N,\N,\N,\N,\N,\N,11
15346,621,182,37,4,21,7,7,7,0,78,\N,\N,\N,\N,\N,\N,11
15347,621,235,6,5,7,8,8,8,0,78,\N,\N,\N,\N,\N,\N,11
15348,621,327,25,2,8,9,9,9,0,78,\N,\N,\N,\N,\N,\N,11
15349,621,338,32,9,19,10,10,10,0,78,\N,\N,\N,\N,\N,\N,11
15350,621,280,37,21,22,11,11,11,0,78,\N,\N,\N,\N,\N,\N,11
15351,621,223,6,6,2,12,12,12,0,77,\N,\N,\N,\N,\N,\N,12
15352,621,243,37,25,25,13,13,13,0,77,\N,\N,\N,\N,\N,\N,12
15353,621,337,66,24,23,14,14,14,0,76,\N,\N,\N,\N,\N,\N,13
15354,621,278,82,15,13,15,15,15,0,76,\N,\N,\N,\N,\N,\N,13
15355,621,340,63,27,26,16,16,16,0,73,\N,\N,\N,\N,\N,\N,20
15356,621,250,37,22,24,17,17,17,0,73,\N,\N,\N,\N,\N,\N,16
15357,621,307,66,23,16,\N,N,18,0,70,\N,\N,\N,\N,\N,\N,62
15358,621,333,63,18,20,\N,N,19,0,69,\N,\N,\N,\N,\N,\N,62
15359,621,320,66,11,18,\N,N,20,0,65,\N,\N,\N,\N,\N,\N,62
15360,621,306,66,10,11,\N,R,21,0,61,\N,\N,\N,\N,\N,\N,5
15361,621,328,25,1,1,\N,R,22,0,45,\N,\N,\N,\N,\N,\N,6
15362,621,305,63,17,4,\N,R,23,0,28,\N,\N,\N,\N,\N,\N,22
15363,621,199,34,20,15,\N,R,24,0,27,\N,\N,\N,\N,\N,\N,69
15364,621,314,63,16,10,\N,R,25,0,9,\N,\N,\N,\N,\N,\N,5
15365,621,293,32,26,17,\N,R,26,0,2,\N,\N,\N,\N,\N,\N,48
15366,622,224,32,5,3,1,1,1,9,90,2:03:41.2,7421200,\N,\N,\N,\N,1
15367,622,235,6,4,1,2,2,2,6,90,+18.92,7440120,\N,\N,\N,\N,1
15368,622,223,6,6,8,3,3,3,4,89,\N,\N,\N,\N,\N,\N,11
15369,622,333,63,26,13,4,4,4,3,89,\N,\N,\N,\N,\N,\N,11
15370,622,309,1,20,11,5,5,5,2,89,\N,\N,\N,\N,\N,\N,11
15371,622,250,37,29,16,6,6,6,1,89,\N,\N,\N,\N,\N,\N,11
15372,622,290,34,22,14,7,7,7,0,88,\N,\N,\N,\N,\N,\N,12
15373,622,314,63,12,18,8,8,8,0,88,\N,\N,\N,\N,\N,\N,12
15374,622,338,32,21,24,9,9,9,0,87,\N,\N,\N,\N,\N,\N,13
15375,622,289,34,18,23,10,10,10,0,86,\N,\N,\N,\N,\N,\N,14
15376,622,280,37,14,19,11,11,11,0,86,\N,\N,\N,\N,\N,\N,14
15377,622,328,25,1,4,\N,R,12,0,69,\N,\N,\N,\N,\N,\N,3
15378,622,278,82,9,6,\N,R,13,0,66,\N,\N,\N,\N,\N,\N,6
15379,622,327,25,3,12,\N,R,14,0,65,\N,\N,\N,\N,\N,\N,80
15380,622,320,66,8,21,\N,R,15,0,65,\N,\N,\N,\N,\N,\N,5
15381,622,304,1,11,2,\N,R,16,0,48,\N,\N,\N,\N,\N,\N,6
15382,622,307,66,25,20,\N,R,17,0,38,\N,\N,\N,\N,\N,\N,5
15383,622,317,66,10,10,\N,R,18,0,24,\N,\N,\N,\N,\N,\N,3
15384,622,207,6,7,5,\N,R,19,0,23,\N,\N,\N,\N,\N,\N,51
15385,622,305,63,15,15,\N,R,20,0,20,\N,\N,\N,\N,\N,\N,10
15386,622,238,37,2,9,\N,R,21,0,16,\N,\N,\N,\N,\N,\N,95
15387,622,243,37,16,17,\N,R,22,0,15,\N,\N,\N,\N,\N,\N,3
15388,622,306,66,19,7,\N,R,23,0,9,\N,\N,\N,\N,\N,\N,6
15389,622,182,37,24,25,\N,R,24,0,7,\N,\N,\N,\N,\N,\N,24
15390,622,339,66,28,22,\N,R,25,0,6,\N,\N,\N,\N,\N,\N,3
15391,622,329,37,23,0,\N,F,26,0,0,\N,\N,\N,\N,\N,\N,81
15392,623,306,66,17,4,1,1,1,9,80,2:26:55.3,8815300,\N,\N,\N,\N,1
15393,623,235,6,6,2,2,2,2,6,80,+38.2,8853500,\N,\N,\N,\N,1
15394,623,224,32,8,1,3,3,3,4,79,\N,\N,\N,\N,\N,\N,11
15395,623,328,25,1,8,4,4,4,3,78,\N,\N,\N,\N,\N,\N,12
15396,623,312,1,15,10,5,5,5,2,77,\N,\N,\N,\N,\N,\N,13
15397,623,278,82,16,6,6,6,6,1,77,\N,\N,\N,\N,\N,\N,13
15398,623,333,63,12,18,7,7,7,0,77,\N,\N,\N,\N,\N,\N,13
15399,623,337,66,26,17,8,8,8,0,77,\N,\N,\N,\N,\N,\N,13
15400,623,290,34,21,21,9,9,9,0,77,\N,\N,\N,\N,\N,\N,13
15401,623,243,37,27,25,10,10,10,0,77,\N,\N,\N,\N,\N,\N,13
15402,623,238,37,3,15,11,11,11,0,76,\N,\N,\N,\N,\N,\N,14
15403,623,289,34,20,20,12,12,12,0,76,\N,\N,\N,\N,\N,\N,14
15404,623,329,37,5,23,13,13,13,0,76,\N,\N,\N,\N,\N,\N,14
15405,623,338,32,9,14,14,14,14,0,75,\N,\N,\N,\N,\N,\N,15
15406,623,304,1,14,7,15,15,15,0,74,\N,\N,\N,\N,\N,\N,16
15407,623,182,37,4,22,16,16,16,0,74,\N,\N,\N,\N,\N,\N,16
15408,623,250,37,23,24,17,17,17,0,72,\N,\N,\N,\N,\N,\N,18
15409,623,327,25,2,12,\N,N,18,0,70,\N,\N,\N,\N,\N,\N,62
15410,623,280,37,22,9,\N,R,19,0,58,\N,\N,\N,\N,\N,\N,3
15411,623,223,6,7,3,\N,R,20,0,51,\N,\N,\N,\N,\N,\N,3
15412,623,305,63,11,11,\N,R,21,0,48,\N,\N,\N,\N,\N,\N,3
15413,623,307,66,19,20,\N,R,22,0,47,\N,\N,\N,\N,\N,\N,3
15414,623,314,63,10,13,\N,R,23,0,31,\N,\N,\N,\N,\N,\N,3
15415,623,320,66,18,5,\N,R,24,0,27,\N,\N,\N,\N,\N,\N,3
15416,623,317,66,28,16,\N,R,25,0,16,\N,\N,\N,\N,\N,\N,5
15417,624,224,32,32,1,1,1,1,9,85,1:44:07.3,6247300,\N,\N,\N,\N,1
15418,624,327,25,8,5,2,2,2,6,85,+26.6,6273900,\N,\N,\N,\N,1
15419,624,304,1,9,3,3,3,3,4,85,+58.1,6305400,\N,\N,\N,\N,1
15420,624,305,63,34,8,4,4,4,3,85,+1:12.0,6319300,\N,\N,\N,\N,1
15421,624,250,37,16,11,5,5,5,2,84,\N,\N,\N,\N,\N,\N,11
15422,624,278,82,5,13,6,6,6,1,84,\N,\N,\N,\N,\N,\N,11
15423,624,309,1,10,7,7,7,7,0,83,\N,\N,\N,\N,\N,\N,12
15424,624,307,66,25,15,8,8,8,0,83,\N,\N,\N,\N,\N,\N,12
15425,624,238,37,11,14,9,9,9,0,83,\N,\N,\N,\N,\N,\N,12
15426,624,337,66,27,23,10,10,10,0,83,\N,\N,\N,\N,\N,\N,12
15427,624,243,37,6,20,11,11,11,0,83,\N,\N,\N,\N,\N,\N,12
15428,624,182,37,12,25,12,12,12,0,82,\N,\N,\N,\N,\N,\N,13
15429,624,199,34,19,9,13,13,13,0,81,\N,\N,\N,\N,\N,\N,14
15430,624,338,32,33,12,14,14,14,0,79,\N,\N,\N,\N,\N,\N,16
15431,624,289,34,17,16,\N,R,15,0,73,\N,\N,\N,\N,\N,\N,22
15432,624,280,37,15,19,\N,N,16,0,59,\N,\N,\N,\N,\N,\N,62
15433,624,223,6,30,2,\N,R,17,0,57,\N,\N,\N,\N,\N,\N,3
15434,624,333,63,36,10,\N,R,18,0,55,\N,\N,\N,\N,\N,\N,5
15435,624,330,81,22,24,\N,R,19,0,54,\N,\N,\N,\N,\N,\N,3
15436,624,235,6,29,4,\N,R,20,0,47,\N,\N,\N,\N,\N,\N,98
15437,624,329,37,14,22,\N,R,21,0,31,\N,\N,\N,\N,\N,\N,86
15438,624,290,34,18,18,\N,R,22,0,28,\N,\N,\N,\N,\N,\N,6
15439,624,320,66,24,17,\N,R,23,0,27,\N,\N,\N,\N,\N,\N,48
15440,624,306,66,23,6,\N,R,24,0,15,\N,\N,\N,\N,\N,\N,25
15441,624,314,63,35,21,\N,R,25,0,11,\N,\N,\N,\N,\N,\N,25
15442,625,328,25,4,3,1,1,1,9,38,1:52:22.5,6742500,\N,\N,\N,\N,1
15443,625,224,32,1,8,2,2,2,6,38,+27.7,6770200,\N,\N,\N,\N,1
15444,625,278,82,9,1,3,3,3,4,38,+31.9,6774400,\N,\N,\N,\N,1
15445,625,327,25,7,7,4,4,4,3,38,+49.3,6791800,\N,\N,\N,\N,1
15446,625,238,37,12,9,5,5,5,2,38,+56.8,6799300,\N,\N,\N,\N,1
15447,625,305,63,26,10,6,6,6,1,38,+1:36.1,6838600,\N,\N,\N,\N,1
15448,625,304,1,2,2,7,7,7,0,38,+1:48.1,6850600,\N,\N,\N,\N,1
15449,625,290,34,19,14,8,8,8,0,38,+2:25.1,6887600,\N,\N,\N,\N,1
15450,625,312,1,11,13,9,9,9,0,38,+2:55.5,6918000,\N,\N,\N,\N,1
15451,625,289,34,18,20,10,10,10,0,38,+2:59.5,6922000,\N,\N,\N,\N,1
15452,625,235,6,3,4,11,11,11,0,37,\N,\N,\N,\N,\N,\N,11
15453,625,199,34,20,17,12,12,12,0,37,\N,\N,\N,\N,\N,\N,11
15454,625,330,6,30,19,13,13,13,0,37,\N,\N,\N,\N,\N,\N,11
15455,625,333,63,28,12,14,14,14,0,37,\N,\N,\N,\N,\N,\N,11
15456,625,306,66,5,24,15,15,15,0,37,\N,\N,\N,\N,\N,\N,11
15457,625,243,37,10,15,16,16,16,0,37,\N,\N,\N,\N,\N,\N,11
15458,625,314,63,27,5,17,17,17,0,36,\N,\N,\N,\N,\N,\N,12
15459,625,338,32,6,22,18,18,18,0,34,\N,\N,\N,\N,\N,\N,86
15460,625,329,37,15,23,19,19,19,0,33,\N,\N,\N,\N,\N,\N,60
15461,625,221,25,8,16,\N,N,20,0,33,\N,\N,\N,\N,\N,\N,62
15462,625,317,66,24,18,\N,R,21,0,25,\N,\N,\N,\N,\N,\N,6
15463,625,250,37,17,11,\N,R,22,0,18,\N,\N,\N,\N,\N,\N,5
15464,625,337,66,25,6,\N,R,23,0,8,\N,\N,\N,\N,\N,\N,107
15465,625,182,37,14,21,\N,R,24,0,4,\N,\N,\N,\N,\N,\N,86
15466,625,293,32,29,0,\N,F,25,0,0,\N,\N,\N,\N,\N,\N,81
15467,626,224,32,8,2,1,1,1,9,76,1:47:50.2,6470200,\N,\N,\N,\N,1
15468,626,328,25,1,4,2,2,2,6,76,+4.1,6474300,\N,\N,\N,\N,1
15469,626,309,1,19,3,3,3,3,4,76,+1:12.5,6542700,\N,\N,\N,\N,1
15470,626,278,82,17,17,4,4,4,3,75,\N,\N,\N,\N,\N,\N,11
15471,626,304,1,18,11,5,5,5,2,75,\N,\N,\N,\N,\N,\N,11
15472,626,232,6,6,9,6,6,6,1,75,\N,\N,\N,\N,\N,\N,11
15473,626,238,37,3,8,7,7,7,0,74,\N,\N,\N,\N,\N,\N,20
15474,626,199,34,27,10,8,8,8,0,73,\N,\N,\N,\N,\N,\N,13
15475,626,182,37,4,19,9,9,9,0,73,\N,\N,\N,\N,\N,\N,13
15476,626,243,37,33,25,10,10,10,0,71,\N,\N,\N,\N,\N,\N,15
15477,626,306,66,11,6,11,11,11,0,70,\N,\N,\N,\N,\N,\N,16
15478,626,290,34,28,22,12,12,12,0,69,\N,\N,\N,\N,\N,\N,22
15479,626,329,37,31,23,13,13,13,0,69,\N,\N,\N,\N,\N,\N,17
15480,626,314,63,22,5,\N,R,14,0,64,\N,\N,\N,\N,\N,\N,22
15481,626,327,25,2,12,\N,R,15,0,60,\N,\N,\N,\N,\N,\N,20
15482,626,338,32,9,15,\N,R,16,0,59,\N,\N,\N,\N,\N,\N,22
15483,626,235,6,5,1,\N,R,17,0,49,\N,\N,\N,\N,\N,\N,51
15484,626,289,34,26,21,\N,R,18,0,47,\N,\N,\N,\N,\N,\N,20
15485,626,250,37,25,13,\N,R,19,0,39,\N,\N,\N,\N,\N,\N,24
15486,626,262,66,14,14,\N,R,20,0,36,\N,\N,\N,\N,\N,\N,22
15487,626,305,63,21,7,\N,R,21,0,31,\N,\N,\N,\N,\N,\N,6
15488,626,293,32,29,24,\N,R,22,0,21,\N,\N,\N,\N,\N,\N,6
15489,626,330,81,30,18,\N,R,23,0,9,\N,\N,\N,\N,\N,\N,20
15490,626,280,83,24,26,\N,R,24,0,7,\N,\N,\N,\N,\N,\N,3
15491,626,320,66,12,16,\N,R,25,0,5,\N,\N,\N,\N,\N,\N,5
15492,626,333,63,23,20,\N,R,26,0,3,\N,\N,\N,\N,\N,\N,3
15493,627,235,6,4,1,1,1,1,9,14,1:42:12.3,6132300,\N,\N,\N,\N,1
15494,627,223,6,9,7,2,2,2,6,14,+48.3,6180600,\N,\N,\N,\N,1
15495,627,238,37,10,4,3,3,3,4,14,+1:06.7,6199000,\N,\N,\N,\N,1
15496,627,307,66,17,18,4,4,4,3,14,+2:20.2,6272500,\N,\N,\N,\N,1
15497,627,312,1,5,19,5,5,5,2,14,+2:35.7,6288000,\N,\N,\N,\N,1
15498,627,289,34,11,15,6,6,6,1,14,+2:59.6,6311900,\N,\N,\N,\N,1
15499,627,290,34,26,21,7,7,7,0,14,+3:00.1,6312400,\N,\N,\N,\N,1
15500,627,329,37,28,27,8,8,8,0,14,+5:10.7,6443000,\N,\N,\N,\N,1
15501,627,306,66,6,13,9,9,9,0,14,+5:20.2,6452500,\N,\N,\N,\N,1
15502,627,327,25,7,5,10,10,10,0,14,+5:43.7,6476000,\N,\N,\N,\N,1
15503,627,328,25,1,2,11,11,11,0,13,\N,\N,\N,\N,\N,\N,4
15504,627,232,6,19,22,12,12,12,0,13,\N,\N,\N,\N,\N,\N,11
15505,627,333,63,16,20,13,13,13,0,13,\N,\N,\N,\N,\N,\N,11
15506,627,314,63,15,12,14,14,14,0,13,\N,\N,\N,\N,\N,\N,11
15507,627,278,82,8,8,15,15,15,0,13,\N,\N,\N,\N,\N,\N,11
15508,627,250,37,21,11,\N,N,16,0,11,\N,\N,\N,\N,\N,\N,62
15509,627,224,32,2,3,\N,R,17,0,10,\N,\N,\N,\N,\N,\N,6
15510,627,280,37,20,9,\N,R,18,0,10,\N,\N,\N,\N,\N,\N,3
15511,627,304,1,3,10,\N,R,19,0,8,\N,\N,\N,\N,\N,\N,5
15512,627,305,63,14,16,\N,R,20,0,8,\N,\N,\N,\N,\N,\N,22
15513,627,199,34,12,6,\N,R,21,0,6,\N,\N,\N,\N,\N,\N,24
15514,627,243,37,22,14,\N,R,22,0,6,\N,\N,\N,\N,\N,\N,10
15515,627,338,32,25,23,\N,R,23,0,6,\N,\N,\N,\N,\N,\N,44
15516,627,182,37,23,24,\N,R,24,0,4,\N,\N,\N,\N,\N,\N,44
15517,627,321,81,27,25,\N,R,25,0,4,\N,\N,\N,\N,\N,\N,5
15518,627,293,32,29,26,\N,R,26,0,4,\N,\N,\N,\N,\N,\N,68
15519,627,317,66,18,17,\N,R,27,0,3,\N,\N,\N,\N,\N,\N,5
15520,628,224,32,31,1,1,1,1,9,54,1:29:16.660,5356660,\N,\N,\N,\N,1
15521,628,304,1,12,7,2,2,2,6,54,+1.18,5357840,\N,\N,\N,\N,1
15522,628,309,1,14,4,3,3,3,4,54,+36.53,5393190,\N,\N,\N,\N,1
15523,628,305,63,25,12,4,4,4,3,54,+44.76,5401420,\N,\N,\N,\N,1
15524,628,278,82,10,6,5,5,5,2,54,+45.64,5402300,\N,\N,\N,\N,1
15525,628,307,66,9,10,6,6,6,1,54,+1:01.19,5417850,\N,\N,\N,\N,1
15526,628,328,25,1,3,7,7,7,0,54,+1:09.09,5425750,\N,\N,\N,\N,1
15527,628,306,66,7,21,8,8,8,0,54,+1:21.45,5438110,\N,\N,\N,\N,1
15528,628,327,25,2,20,9,9,9,0,53,\N,\N,\N,\N,\N,\N,11
15529,628,182,37,4,22,10,10,10,0,53,\N,\N,\N,\N,\N,\N,11
15530,628,314,63,24,8,11,11,11,0,52,\N,\N,\N,\N,\N,\N,12
15531,628,238,37,5,11,12,12,12,0,52,\N,\N,\N,\N,\N,\N,12
15532,628,320,66,6,16,13,13,13,0,51,\N,\N,\N,\N,\N,\N,13
15533,628,333,63,11,13,14,14,14,0,51,\N,\N,\N,\N,\N,\N,13
15534,628,243,37,27,17,\N,R,15,0,48,\N,\N,\N,\N,\N,\N,5
15535,628,250,37,23,18,\N,N,16,0,46,\N,\N,\N,\N,\N,\N,62
15536,628,330,81,15,23,\N,R,17,0,45,\N,\N,\N,\N,\N,\N,44
15537,628,289,34,16,14,\N,R,18,0,36,\N,\N,\N,\N,\N,\N,98
15538,628,290,34,28,15,\N,R,19,0,31,\N,\N,\N,\N,\N,\N,23
15539,628,329,37,3,24,\N,R,20,0,24,\N,\N,\N,\N,\N,\N,69
15540,628,296,84,29,25,\N,R,21,0,22,\N,\N,\N,\N,\N,\N,22
15541,628,235,6,18,9,\N,R,22,0,20,\N,\N,\N,\N,\N,\N,69
15542,628,199,34,17,5,\N,R,23,0,14,\N,\N,\N,\N,\N,\N,98
15543,628,223,6,19,2,\N,R,24,0,13,\N,\N,\N,\N,\N,\N,69
15544,628,338,32,21,19,\N,R,25,0,6,\N,\N,\N,\N,\N,\N,5
15545,629,224,32,6,4,1,1,1,9,55,1:29:58.4,5398400,\N,\N,\N,\N,1
15546,629,305,63,10,9,2,2,2,6,55,+14.5,5412900,\N,\N,\N,\N,1
15547,629,304,1,14,5,3,3,3,4,55,+23.8,5422200,\N,\N,\N,\N,1
15548,629,309,1,15,8,4,4,4,3,55,+35.7,5434100,\N,\N,\N,\N,1
15549,629,289,34,28,13,5,5,5,2,55,+1:05.6,5464000,\N,\N,\N,\N,1
15550,629,320,66,23,12,6,6,6,1,55,+1:21.9,5480300,\N,\N,\N,\N,1
15551,629,207,6,3,7,7,7,7,0,54,\N,\N,\N,\N,\N,\N,11
15552,629,306,66,21,16,8,8,8,0,54,\N,\N,\N,\N,\N,\N,11
15553,629,238,37,19,24,9,9,9,0,54,\N,\N,\N,\N,\N,\N,11
15554,629,329,37,16,25,10,10,10,0,54,\N,\N,\N,\N,\N,\N,11
15555,629,307,66,22,17,11,11,11,0,52,\N,\N,\N,\N,\N,\N,13
15556,629,317,66,24,10,12,12,12,0,51,\N,\N,\N,\N,\N,\N,14
15557,629,182,37,18,20,13,13,13,0,50,\N,\N,\N,\N,\N,\N,15
15558,629,235,6,4,1,\N,R,14,0,46,\N,\N,\N,\N,\N,\N,10
15559,629,278,82,20,2,\N,R,15,0,38,\N,\N,\N,\N,\N,\N,23
15560,629,333,63,9,21,\N,R,16,0,33,\N,\N,\N,\N,\N,\N,23
15561,629,290,34,29,19,\N,R,17,0,20,\N,\N,\N,\N,\N,\N,22
15562,629,341,63,7,22,\N,R,18,0,20,\N,\N,\N,\N,\N,\N,69
15563,629,314,63,8,15,\N,R,19,0,20,\N,\N,\N,\N,\N,\N,20
15564,629,223,6,5,4,\N,R,20,0,16,\N,\N,\N,\N,\N,\N,4
15565,629,250,37,26,18,\N,R,21,0,15,\N,\N,\N,\N,\N,\N,4
15566,629,199,34,30,11,\N,R,22,0,14,\N,\N,\N,\N,\N,\N,22
15567,629,327,25,2,14,\N,R,23,0,14,\N,\N,\N,\N,\N,\N,5
15568,629,330,81,11,23,\N,R,24,0,6,\N,\N,\N,\N,\N,\N,5
15569,629,328,25,1,3,\N,R,25,0,0,\N,\N,\N,\N,\N,\N,8
15570,629,280,37,25,0,\N,F,26,0,0,\N,\N,\N,\N,\N,\N,81
15571,629,321,81,12,0,\N,F,27,0,0,\N,\N,\N,\N,\N,\N,81
15572,630,328,25,1,5,1,1,1,9,80,1:43:17.1,6197100,\N,\N,\N,\N,1
15573,630,309,1,19,1,2,2,2,6,80,+48.2,6245300,\N,\N,\N,\N,1
15574,630,304,1,18,2,3,3,3,4,80,+54.6,6251700,\N,\N,\N,\N,1
15575,630,199,34,8,9,4,4,4,3,80,+1:00.7,6257800,\N,\N,\N,\N,1
15576,630,223,6,11,7,5,5,5,2,80,+1:07.0,6264100,\N,\N,\N,\N,1
15577,630,278,82,4,10,6,6,6,1,79,\N,\N,\N,\N,\N,\N,11
15578,630,314,63,22,13,7,7,7,0,79,\N,\N,\N,\N,\N,\N,11
15579,630,289,34,7,17,8,8,8,0,79,\N,\N,\N,\N,\N,\N,11
15580,630,250,37,29,18,9,9,9,0,78,\N,\N,\N,\N,\N,\N,60
15581,630,307,66,15,14,10,10,10,0,78,\N,\N,\N,\N,\N,\N,12
15582,630,224,32,5,4,11,11,11,0,78,\N,\N,\N,\N,\N,\N,12
15583,630,235,6,10,8,12,12,12,0,76,\N,\N,\N,\N,\N,\N,14
15584,630,280,37,28,21,13,13,13,0,73,\N,\N,\N,\N,\N,\N,17
15585,630,317,32,6,16,\N,R,14,0,65,\N,\N,\N,\N,\N,\N,5
15586,630,182,37,26,19,\N,D,15,0,64,\N,\N,\N,\N,\N,\N,2
15587,630,238,37,25,3,\N,D,16,0,61,\N,\N,\N,\N,\N,\N,4
15588,630,329,37,27,24,\N,N,17,0,59,\N,\N,\N,\N,\N,\N,62
15589,630,327,25,2,6,\N,R,18,0,51,\N,\N,\N,\N,\N,\N,6
15590,630,320,66,16,12,\N,R,19,0,25,\N,\N,\N,\N,\N,\N,22
15591,630,342,37,33,22,\N,N,20,0,24,\N,\N,\N,\N,\N,\N,62
15592,630,306,66,14,20,\N,R,21,0,21,\N,\N,\N,\N,\N,\N,44
15593,630,343,66,17,23,\N,R,22,0,20,\N,\N,\N,\N,\N,\N,20
15594,630,290,34,9,11,\N,R,23,0,5,\N,\N,\N,\N,\N,\N,6
15595,630,333,63,23,15,\N,R,24,0,2,\N,\N,\N,\N,\N,\N,6
15596,631,328,25,1,1,1,1,1,9,59,1:41:45.354,6105354,\N,\N,\N,\N,1
15597,631,327,25,2,4,2,2,2,6,59,+32.268,6137622,\N,\N,\N,\N,1
15598,631,304,1,19,3,3,3,3,4,59,+37.528,6142882,\N,\N,\N,\N,1
15599,631,238,37,4,26,4,4,4,3,59,+1:22.516,6187870,\N,\N,\N,\N,1
15600,631,235,6,7,12,5,5,5,2,59,+1:23.119,6188473,\N,\N,\N,\N,1
15601,631,207,6,9,10,6,6,6,1,58,\N,\N,\N,\N,\N,\N,11
15602,631,221,25,3,11,7,7,7,0,58,\N,\N,\N,\N,\N,\N,11
15603,631,223,6,8,6,8,8,8,0,58,\N,\N,\N,\N,\N,\N,11
15604,631,222,1,21,8,9,9,9,0,58,\N,\N,\N,\N,\N,\N,11
15605,631,317,32,12,16,10,10,10,0,57,\N,\N,\N,\N,\N,\N,12
15606,631,289,34,28,27,11,11,11,0,57,\N,\N,\N,\N,\N,\N,12
15607,631,344,63,34,22,12,12,12,0,57,\N,\N,\N,\N,\N,\N,12
15608,631,329,37,6,20,13,13,13,0,57,\N,\N,\N,\N,\N,\N,12
15609,631,280,37,26,21,14,14,14,0,57,\N,\N,\N,\N,\N,\N,12
15610,631,278,82,18,7,15,15,15,0,57,\N,\N,\N,\N,\N,\N,12
15611,631,342,37,33,20,16,16,16,0,57,\N,\N,\N,\N,\N,\N,12
15612,631,305,63,23,14,17,17,17,0,56,\N,\N,\N,\N,\N,\N,4
15613,631,309,1,20,2,18,18,18,0,54,\N,\N,\N,\N,\N,\N,10
15614,631,182,37,5,25,19,19,19,0,49,\N,\N,\N,\N,\N,\N,62
15615,631,250,37,27,15,\N,R,20,0,48,\N,\N,\N,\N,\N,\N,69
15616,631,320,66,14,28,\N,R,21,0,47,\N,\N,\N,\N,\N,\N,5
15617,631,307,66,16,17,\N,R,22,0,44,\N,\N,\N,\N,\N,\N,5
15618,631,338,32,11,30,\N,R,23,0,44,\N,\N,\N,\N,\N,\N,5
15619,631,290,34,30,13,\N,R,24,0,43,\N,\N,\N,\N,\N,\N,5
15620,631,306,66,17,18,\N,R,25,0,40,\N,\N,\N,\N,\N,\N,80
15621,631,312,66,15,24,\N,R,26,0,34,\N,\N,\N,\N,\N,\N,5
15622,631,199,34,29,5,\N,R,27,0,31,\N,\N,\N,\N,\N,\N,5
15623,631,333,63,25,19,\N,R,28,0,25,\N,\N,\N,\N,\N,\N,4
15624,631,314,63,24,31,\N,R,29,0,22,\N,\N,\N,\N,\N,\N,22
15625,631,224,32,10,9,\N,R,30,0,17,\N,\N,\N,\N,\N,\N,22
15626,631,321,81,31,29,\N,R,31,0,8,\N,\N,\N,\N,\N,\N,5
15627,632,207,6,6,4,1,1,1,9,79,1:47:35.5,6455500,\N,\N,\N,\N,1
15628,632,328,25,9,1,2,2,2,6,79,+20.9,6476400,\N,\N,\N,\N,1
15629,632,223,6,5,3,3,3,3,4,79,+31.4,6486900,\N,\N,\N,\N,1
15630,632,317,180,3,14,4,4,4,3,79,+1:09.4,6524900,\N,\N,\N,\N,1
15631,632,278,82,19,2,5,5,5,2,78,\N,\N,\N,\N,\N,\N,11
15632,632,304,1,11,7,6,6,6,1,78,\N,\N,\N,\N,\N,\N,11
15633,632,312,63,28,17,7,7,7,0,78,\N,\N,\N,\N,\N,\N,11
15634,632,235,6,4,8,8,8,8,0,78,\N,\N,\N,\N,\N,\N,11
15635,632,289,34,14,19,9,9,9,0,77,\N,\N,\N,\N,\N,\N,12
15636,632,238,200,7,13,10,10,10,0,77,\N,\N,\N,\N,\N,\N,12
15637,632,280,200,22,18,11,11,11,0,77,\N,\N,\N,\N,\N,\N,12
15638,632,243,63,21,15,12,12,12,0,77,\N,\N,\N,\N,\N,\N,12
15639,632,333,199,8,22,13,13,13,0,75,\N,\N,\N,\N,\N,\N,14
15640,632,224,180,2,5,\N,R,14,0,58,\N,\N,\N,\N,\N,\N,5
15641,632,341,63,20,6,\N,R,15,0,56,\N,\N,\N,\N,\N,\N,6
15642,632,327,25,10,9,\N,R,16,0,45,\N,\N,\N,\N,\N,\N,3
15643,632,307,66,27,24,\N,R,17,0,42,\N,\N,\N,\N,\N,\N,68
15644,632,345,66,16,10,\N,R,18,0,33,\N,\N,\N,\N,\N,\N,25
15645,632,293,34,15,16,\N,R,19,0,31,\N,\N,\N,\N,\N,\N,5
15646,632,346,66,17,12,\N,R,20,0,31,\N,\N,\N,\N,\N,\N,25
15647,632,340,200,24,21,\N,R,21,0,30,\N,\N,\N,\N,\N,\N,24
15648,632,334,34,25,20,\N,R,22,0,22,\N,\N,\N,\N,\N,\N,5
15649,632,320,1,12,11,\N,R,23,0,7,\N,\N,\N,\N,\N,\N,95
15650,632,347,1,23,23,\N,R,24,0,5,\N,\N,\N,\N,\N,\N,22
15651,632,339,200,26,25,\N,R,25,0,5,\N,\N,\N,\N,\N,\N,5
15652,633,328,25,11,4,1,1,1,9,75,1:49:03.4,6543400,\N,\N,\N,\N,1
15653,633,235,6,4,1,2,2,2,6,75,+3.4,6546800,\N,\N,\N,\N,1
15654,633,278,82,20,3,3,3,3,4,75,+58.1,6601500,\N,\N,\N,\N,1
15655,633,345,66,14,5,4,4,4,3,75,+1:17.9,6621300,\N,\N,\N,\N,1
15656,633,304,1,9,9,5,5,5,2,75,+1:27.0,6630400,\N,\N,\N,\N,1
15657,633,306,82,21,6,6,6,6,1,74,\N,\N,\N,\N,\N,\N,11
15658,633,327,25,12,12,7,7,7,0,74,\N,\N,\N,\N,\N,\N,11
15659,633,320,1,10,7,8,8,8,0,73,\N,\N,\N,\N,\N,\N,12
15660,633,314,34,8,21,9,9,9,0,72,\N,\N,\N,\N,\N,\N,13
15661,633,307,66,16,17,10,10,10,0,71,\N,\N,\N,\N,\N,\N,14
15662,633,341,63,24,22,11,11,11,0,67,\N,\N,\N,\N,\N,\N,18
15663,633,317,180,3,16,\N,N,12,0,58,\N,\N,\N,\N,\N,\N,62
15664,633,224,180,2,14,\N,R,13,0,54,\N,\N,\N,\N,\N,\N,22
15665,633,280,200,27,11,\N,R,14,0,53,\N,\N,\N,\N,\N,\N,5
15666,633,207,6,6,8,\N,R,15,0,50,\N,\N,\N,\N,\N,\N,5
15667,633,339,200,19,20,\N,R,16,0,46,\N,\N,\N,\N,\N,\N,48
15668,633,238,200,18,13,\N,R,18,0,24,\N,\N,\N,\N,\N,\N,80
15669,633,223,6,5,2,\N,R,19,0,13,\N,\N,\N,\N,\N,\N,5
15670,633,243,63,25,19,\N,R,20,0,9,\N,\N,\N,\N,\N,\N,32
15671,633,346,66,15,15,\N,R,21,0,5,\N,\N,\N,\N,\N,\N,6
15672,633,289,34,7,10,\N,R,22,0,5,\N,\N,\N,\N,\N,\N,38
15673,634,328,25,11,1,1,1,1,9,80,1:52:21.3,6741300,\N,\N,\N,\N,1
15674,634,238,200,17,6,2,2,2,6,80,+25.6,6766900,\N,\N,\N,\N,1
15675,634,235,6,4,2,3,3,3,4,80,+53.3,6794600,\N,\N,\N,\N,1
15676,634,304,1,9,6,4,4,4,3,80,+1:06.7,6808000,\N,\N,\N,\N,1
15677,634,224,180,1,17,5,5,5,2,79,\N,\N,\N,\N,\N,\N,11
15678,634,243,63,24,16,6,6,6,1,79,\N,\N,\N,\N,\N,\N,11
15679,634,341,63,22,10,7,7,7,0,79,\N,\N,\N,\N,\N,\N,11
15680,634,280,200,27,13,8,8,8,0,77,\N,\N,\N,\N,\N,\N,13
15681,634,345,66,15,5,9,9,9,0,76,\N,\N,\N,\N,\N,\N,14
15682,634,314,34,8,18,10,10,10,0,76,\N,\N,\N,\N,\N,\N,14
15683,634,346,66,14,3,\N,R,11,0,58,\N,\N,\N,\N,\N,\N,108
15684,634,306,82,21,7,\N,R,12,0,47,\N,\N,\N,\N,\N,\N,24
15685,634,278,82,20,4,\N,R,13,0,45,\N,\N,\N,\N,\N,\N,24
15686,634,223,6,5,11,\N,R,14,0,24,\N,\N,\N,\N,\N,\N,3
15687,634,320,1,10,14,\N,R,15,0,22,\N,\N,\N,\N,\N,\N,3
15688,634,317,180,2,12,\N,R,16,0,21,\N,\N,\N,\N,\N,\N,67
15689,634,327,25,12,15,\N,R,17,0,5,\N,\N,\N,\N,\N,\N,3
15690,634,289,34,7,9,\N,R,18,0,1,\N,\N,\N,\N,\N,\N,3
15691,634,307,66,16,0,\N,F,19,0,0,\N,\N,\N,\N,\N,\N,81
15692,634,207,6,6,0,\N,F,20,0,0,\N,\N,\N,\N,\N,\N,81
15693,634,339,200,18,0,\N,F,21,0,0,\N,\N,\N,\N,\N,\N,81
15694,634,342,200,28,0,\N,F,22,0,0,\N,\N,\N,\N,\N,\N,81
15695,635,235,6,2,1,1,1,1,9,70,1:56:20.0,6980000,\N,\N,\N,\N,1
15696,635,345,66,8,2,2,2,2,6,70,+7.99,6987990,\N,\N,\N,\N,1
15697,635,223,6,3,4,3,3,3,4,69,\N,\N,\N,\N,\N,\N,11
15698,635,238,200,16,13,4,4,4,3,68,\N,\N,\N,\N,\N,\N,12
15699,635,341,63,23,7,5,5,5,2,68,\N,\N,\N,\N,\N,\N,12
15700,635,346,66,9,8,6,6,6,1,68,\N,\N,\N,\N,\N,\N,12
15701,635,307,66,10,9,7,7,7,0,66,\N,\N,\N,\N,\N,\N,14
15702,635,298,63,30,21,8,8,8,0,65,\N,\N,\N,\N,\N,\N,15
15703,635,306,82,21,11,9,9,9,0,65,\N,\N,\N,\N,\N,\N,15
15704,635,289,34,24,16,10,10,10,0,65,\N,\N,\N,\N,\N,\N,15
15705,635,328,25,5,3,11,11,11,0,65,\N,\N,\N,\N,\N,\N,15
15706,635,304,1,26,14,12,12,12,0,63,\N,\N,\N,\N,\N,\N,17
15707,635,280,200,31,15,\N,N,13,0,62,\N,\N,\N,\N,\N,\N,62
15708,635,342,200,22,24,\N,N,14,0,60,\N,\N,\N,\N,\N,\N,62
15709,635,320,1,28,23,\N,N,15,0,60,\N,\N,\N,\N,\N,\N,62
15710,635,339,200,19,17,\N,R,16,0,57,\N,\N,\N,\N,\N,\N,5
15711,635,314,34,25,19,\N,R,17,0,39,\N,\N,\N,\N,\N,\N,22
15712,635,327,25,6,12,\N,R,18,0,29,\N,\N,\N,\N,\N,\N,3
15713,635,243,63,29,18,\N,D,19,0,19,\N,\N,\N,\N,\N,\N,2
15714,635,317,180,14,4,\N,D,20,0,17,\N,\N,\N,\N,\N,\N,2
15715,635,207,6,4,16,\N,R,21,0,5,\N,\N,\N,\N,\N,\N,48
15716,635,338,201,15,22,\N,R,22,0,5,\N,\N,\N,\N,\N,\N,3
15717,635,278,82,20,5,\N,R,23,0,2,\N,\N,\N,\N,\N,\N,20
15718,636,328,25,11,1,1,1,1,9,55,1:46:42.3,6402300,\N,\N,\N,\N,1
15719,636,327,25,12,7,2,2,2,6,55,+28.12,6430420,\N,\N,\N,\N,1
15720,636,224,180,1,17,3,3,3,4,55,+34.07,6436370,\N,\N,\N,\N,1
15721,636,346,66,14,6,4,4,4,3,55,+37.17,6439470,\N,\N,\N,\N,1
15722,636,278,82,20,9,5,5,5,2,55,+41.08,6443380,\N,\N,\N,\N,1
15723,636,317,180,2,15,6,6,6,1,55,+1:16.02,6478320,\N,\N,\N,\N,1
15724,636,306,82,21,8,7,7,7,0,55,+1:16.93,6479230,\N,\N,\N,\N,1
15725,636,341,63,22,13,8,8,8,0,55,+1:24.91,6487210,\N,\N,\N,\N,1
15726,636,320,1,10,19,9,9,9,0,54,\N,\N,\N,\N,\N,\N,11
15727,636,307,66,16,16,10,10,10,0,54,\N,\N,\N,\N,\N,\N,11
15728,636,243,63,24,10,11,11,11,0,53,\N,\N,\N,\N,\N,\N,12
15729,636,314,34,8,14,12,12,12,0,50,\N,\N,\N,\N,\N,\N,51
15730,636,348,200,34,23,13,13,13,0,50,\N,\N,\N,\N,\N,\N,15
15731,636,349,200,28,22,\N,N,14,0,46,\N,\N,\N,\N,\N,\N,62
15732,636,280,200,27,18,\N,R,15,0,45,\N,\N,\N,\N,\N,\N,6
15733,636,289,34,7,4,\N,R,16,0,34,\N,\N,\N,\N,\N,\N,108
15734,636,333,199,19,20,\N,R,17,0,31,\N,\N,\N,\N,\N,\N,5
15735,636,345,66,15,5,\N,R,18,0,27,\N,\N,\N,\N,\N,\N,80
15736,636,223,6,5,2,\N,R,19,0,20,\N,\N,\N,\N,\N,\N,3
15737,636,238,199,17,12,\N,R,20,0,19,\N,\N,\N,\N,\N,\N,5
15738,636,304,1,9,11,\N,R,21,0,16,\N,\N,\N,\N,\N,\N,80
15739,636,235,6,4,3,\N,R,22,0,4,\N,\N,\N,\N,\N,\N,5
15740,636,339,200,18,21,\N,R,23,0,4,\N,\N,\N,\N,\N,\N,48
15741,637,328,25,12,2,1,1,1,9,68,1:31:31.5,5491500,\N,\N,\N,\N,1
15742,637,238,200,18,5,2,2,2,6,68,+36.1,5527600,\N,\N,\N,\N,1
15743,637,224,180,1,4,3,3,3,4,68,+50.5,5542000,\N,\N,\N,\N,1
15744,637,280,200,26,17,4,4,4,3,67,\N,\N,\N,\N,\N,\N,11
15745,637,243,63,24,12,5,5,5,2,67,\N,\N,\N,\N,\N,\N,11
15746,637,341,63,23,11,6,6,6,1,67,\N,\N,\N,\N,\N,\N,11
15747,637,306,82,22,15,7,7,7,0,66,\N,\N,\N,\N,\N,\N,12
15748,637,307,66,17,11,8,8,8,0,66,\N,\N,\N,\N,\N,\N,12
15749,637,346,66,16,3,9,9,9,0,66,\N,\N,\N,\N,\N,\N,12
15750,637,327,25,14,10,10,10,10,0,65,\N,\N,\N,\N,\N,\N,13
15751,637,330,200,20,21,11,11,11,0,65,\N,\N,\N,\N,\N,\N,13
15752,637,314,34,8,7,12,12,12,0,63,\N,\N,\N,\N,\N,\N,6
15753,637,317,201,3,19,\N,N,13,0,57,\N,\N,\N,\N,\N,\N,62
15754,637,333,199,19,24,\N,N,14,0,56,\N,\N,\N,\N,\N,\N,62
15755,637,320,1,10,14,\N,R,15,0,53,\N,\N,\N,\N,\N,\N,5
15756,637,235,6,4,6,\N,R,16,0,51,\N,\N,\N,\N,\N,\N,5
15757,637,223,6,5,1,\N,R,17,0,48,\N,\N,\N,\N,\N,\N,51
15758,637,278,82,21,9,\N,R,18,0,35,\N,\N,\N,\N,\N,\N,5
15759,637,304,1,9,8,\N,R,19,0,32,\N,\N,\N,\N,\N,\N,5
15760,637,321,63,25,23,\N,R,20,0,23,\N,\N,\N,\N,\N,\N,22
15761,637,329,200,6,20,\N,R,21,0,21,\N,\N,\N,\N,\N,\N,51
15762,637,293,180,2,13,\N,R,22,0,1,\N,\N,\N,\N,\N,\N,5
15763,637,289,34,7,22,\N,R,23,0,0,\N,\N,\N,\N,\N,\N,3
15764,637,262,1,11,16,\N,R,24,0,0,\N,\N,\N,\N,\N,\N,3
15765,638,328,25,2,1,1,1,1,9,12,1:29:16.3,5356300,\N,\N,\N,\N,1
15766,638,327,25,3,5,2,2,2,6,12,+30.1,5386400,\N,\N,\N,\N,1
15767,638,223,6,6,4,3,3,3,4,12,+37.1,5393400,\N,\N,\N,\N,1
15768,638,207,6,5,11,4,4,4,3,12,+2:05.0,5481300,\N,\N,\N,\N,1
15769,638,238,200,15,3,5,5,5,2,12,+2:29.1,5505400,\N,\N,\N,\N,1
15770,638,314,34,25,9,6,6,6,1,12,+2:58.6,5534900,\N,\N,\N,\N,1
15771,638,341,63,7,15,7,7,7,0,12,+3:19.0,5555300,\N,\N,\N,\N,1
15772,638,317,180,9,17,8,8,8,0,12,+6:31.7,5748000,\N,\N,\N,\N,1
15773,638,289,34,24,13,9,9,9,0,12,+6:37.0,5753300,\N,\N,\N,\N,1
15774,638,243,63,12,12,10,10,10,0,11,\N,\N,\N,\N,\N,\N,11
15775,638,350,66,22,18,11,11,11,0,11,\N,\N,\N,\N,\N,\N,11
15776,638,330,199,17,21,12,12,12,0,10,\N,\N,\N,\N,\N,\N,12
15777,638,224,180,8,8,\N,R,13,0,8,\N,\N,\N,\N,\N,\N,44
15778,638,346,66,21,3,\N,D,14,0,6,\N,\N,\N,\N,\N,\N,2
15779,638,278,82,10,16,\N,R,15,0,6,\N,\N,\N,\N,\N,\N,3
15780,638,280,200,14,10,\N,R,16,0,5,\N,\N,\N,\N,\N,\N,22
15781,638,320,1,20,19,\N,R,17,0,5,\N,\N,\N,\N,\N,\N,3
15782,638,304,1,18,6,\N,R,18,0,3,\N,\N,\N,\N,\N,\N,95
15783,638,329,200,28,22,\N,D,19,0,3,\N,\N,\N,\N,\N,\N,2
15784,638,307,66,23,14,\N,R,20,0,2,\N,\N,\N,\N,\N,\N,5
15785,638,333,199,16,20,\N,R,21,0,2,\N,\N,\N,\N,\N,\N,98
15786,638,235,6,4,2,\N,R,22,0,1,\N,\N,\N,\N,\N,\N,3
15787,638,347,1,27,0,\N,F,23,0,0,\N,\N,\N,\N,\N,\N,81
15788,639,346,66,14,1,1,1,1,9,54,1:30:23.91,5423910,\N,\N,\N,\N,1
15789,639,224,180,2,5,2,2,2,6,54,+4.12,5428030,\N,\N,\N,\N,1
15790,639,314,34,8,7,3,3,3,4,54,+19.77,5443680,\N,\N,\N,\N,1
15791,639,317,180,3,10,4,4,4,3,54,+31.87,5455780,\N,\N,\N,\N,1
15792,639,289,34,7,8,5,5,5,2,54,+48.43,5472340,\N,\N,\N,\N,1
15793,639,280,200,25,13,6,6,6,1,54,+1:24.51,5508420,\N,\N,\N,\N,1
15794,639,243,63,24,12,7,7,7,0,54,+1:37.42,5521330,\N,\N,\N,\N,1
15795,639,238,200,17,11,8,8,8,0,53,\N,\N,\N,\N,\N,\N,11
15796,639,262,1,10,22,9,9,9,0,53,\N,\N,\N,\N,\N,\N,11
15797,639,320,66,23,16,10,10,10,0,52,\N,\N,\N,\N,\N,\N,12
15798,639,337,66,16,17,11,11,11,0,52,\N,\N,\N,\N,\N,\N,12
15799,639,330,199,19,15,12,12,12,0,51,\N,\N,\N,\N,\N,\N,13
15800,639,329,200,27,19,\N,N,13,0,47,\N,\N,\N,\N,\N,\N,62
15801,639,327,25,12,3,\N,R,14,0,42,\N,\N,\N,\N,\N,\N,5
15802,639,328,25,11,2,\N,R,15,0,35,\N,\N,\N,\N,\N,\N,86
15803,639,235,6,4,6,\N,R,16,0,31,\N,\N,\N,\N,\N,\N,5
15804,639,182,200,26,21,\N,R,17,0,20,\N,\N,\N,\N,\N,\N,64
15805,639,341,63,22,18,\N,R,18,0,12,\N,\N,\N,\N,\N,\N,5
15806,639,223,6,5,4,\N,R,19,0,8,\N,\N,\N,\N,\N,\N,5
15807,639,307,66,15,14,\N,R,20,0,5,\N,\N,\N,\N,\N,\N,80
15808,639,304,1,9,9,\N,R,21,0,4,\N,\N,\N,\N,\N,\N,5
15809,639,347,1,28,20,\N,R,22,0,0,\N,\N,\N,\N,\N,\N,95
15810,640,320,66,18,11,1,1,1,9,55,1:18:12.60,4692600,\N,\N,\N,\N,1
15811,640,238,200,25,6,2,2,2,6,55,+0.01,4692610,\N,\N,\N,\N,1
15812,640,327,25,2,5,3,3,3,4,55,+0.09,4692690,\N,\N,\N,\N,1
15813,640,305,63,9,17,4,4,4,3,55,+0.18,4692780,\N,\N,\N,\N,1
15814,640,307,66,19,4,5,5,5,2,55,+0.61,4693210,\N,\N,\N,\N,1
15815,640,278,82,12,1,6,6,6,1,55,+32.36,4724960,\N,\N,\N,\N,1
15816,640,262,1,14,13,7,7,7,0,55,+1:24.83,4777430,\N,\N,\N,\N,1
15817,640,224,201,5,18,8,8,8,0,54,\N,\N,\N,\N,\N,\N,11
15818,640,346,66,20,3,9,9,9,0,53,\N,\N,\N,\N,\N,\N,12
15819,640,347,1,28,21,10,10,10,0,51,\N,\N,\N,\N,\N,\N,14
15820,640,289,34,10,14,\N,R,11,0,47,\N,\N,\N,\N,\N,\N,6
15821,640,197,200,26,24,\N,N,12,0,47,\N,\N,\N,\N,\N,\N,62
15822,640,329,200,24,16,\N,R,13,0,41,\N,\N,\N,\N,\N,\N,5
15823,640,280,200,16,10,\N,R,14,0,40,\N,\N,\N,\N,\N,\N,22
15824,640,333,199,23,20,\N,R,15,0,33,\N,\N,\N,\N,\N,\N,5
15825,640,223,6,4,8,\N,R,16,0,17,\N,\N,\N,\N,\N,\N,5
15826,640,235,6,3,2,\N,R,17,0,15,\N,\N,\N,\N,\N,\N,5
15827,640,328,25,30,7,\N,R,18,0,15,\N,\N,\N,\N,\N,\N,5
15828,640,330,200,22,19,\N,R,19,0,11,\N,\N,\N,\N,\N,\N,10
15829,640,314,34,11,9,\N,R,20,0,5,\N,\N,\N,\N,\N,\N,22
15830,640,351,85,27,22,\N,R,21,0,5,\N,\N,\N,\N,\N,\N,22
15831,640,337,66,21,12,\N,R,22,0,3,\N,\N,\N,\N,\N,\N,5
15832,640,341,63,7,15,\N,R,23,0,3,\N,\N,\N,\N,\N,\N,5
15833,640,243,63,8,23,\N,R,24,0,0,\N,\N,\N,\N,\N,\N,3
15834,641,328,25,11,1,1,1,1,9,64,1:55:13.1,6913100,\N,\N,\N,\N,1
15835,641,238,200,17,6,2,2,2,6,64,+38.3,6951400,\N,\N,\N,\N,1
15836,641,288,1,10,8,3,3,3,4,64,+1:35.8,7008900,\N,\N,\N,\N,1
15837,641,304,1,9,10,4,4,4,3,63,\N,\N,\N,\N,\N,\N,11
15838,641,317,180,3,7,5,5,5,2,63,\N,\N,\N,\N,\N,\N,11
15839,641,327,25,12,3,6,6,6,1,62,\N,\N,\N,\N,\N,\N,12
15840,641,224,180,2,4,7,7,7,0,62,\N,\N,\N,\N,\N,\N,12
15841,641,235,6,4,12,8,8,8,0,62,\N,\N,\N,\N,\N,\N,12
15842,641,346,66,14,2,9,9,9,0,61,\N,\N,\N,\N,\N,\N,13
15843,641,278,82,20,5,10,10,10,0,61,\N,\N,\N,\N,\N,\N,13
15844,641,341,63,22,14,11,11,11,0,60,\N,\N,\N,\N,\N,\N,14
15845,641,337,66,31,19,12,12,12,0,60,\N,\N,\N,\N,\N,\N,14
15846,641,207,6,6,13,13,13,13,0,60,\N,\N,\N,\N,\N,\N,14
15847,641,320,66,15,16,14,14,14,0,59,\N,\N,\N,\N,\N,\N,15
15848,641,352,66,28,21,15,15,15,0,59,\N,\N,\N,\N,\N,\N,15
15849,641,330,200,18,20,16,16,16,0,57,\N,\N,\N,\N,\N,\N,17
15850,641,329,200,19,22,\N,N,17,0,56,\N,\N,\N,\N,\N,\N,62
15851,641,353,180,35,25,\N,N,18,0,55,\N,\N,\N,\N,\N,\N,62
15852,641,243,63,24,23,\N,R,19,0,26,\N,\N,\N,\N,\N,\N,25
15853,641,306,82,21,11,\N,R,20,0,15,\N,\N,\N,\N,\N,\N,3
15854,641,342,200,33,24,\N,R,21,0,13,\N,\N,\N,\N,\N,\N,51
15855,641,223,6,5,18,\N,R,22,0,7,\N,\N,\N,\N,\N,\N,3
15856,641,289,34,37,15,\N,R,23,0,2,\N,\N,\N,\N,\N,\N,3
15857,641,314,34,8,17,\N,R,24,0,1,\N,\N,\N,\N,\N,\N,80
15858,641,307,66,16,9,\N,R,25,0,0,\N,\N,\N,\N,\N,\N,3
15859,641,354,34,26,0,\N,F,26,0,0,\N,\N,\N,\N,\N,\N,81
15860,642,327,25,9,5,1,1,1,9,59,1:43:51.991,6231991,\N,\N,\N,\N,1
15861,642,346,66,14,6,2,2,2,6,59,+40.062,6272053,\N,\N,\N,\N,1
15862,642,238,200,25,11,3,3,3,4,59,+44.070,6276061,\N,\N,\N,\N,1
15863,642,307,66,16,12,4,4,4,3,59,+56.749,6288740,\N,\N,\N,\N,1
15864,642,328,25,8,1,5,5,5,2,59,+1:00.003,6291994,\N,\N,\N,\N,1
15865,642,223,6,5,4,6,6,6,1,59,+1:16.426,6308417,\N,\N,\N,\N,1
15866,642,289,34,22,18,7,7,7,0,58,\N,\N,\N,\N,\N,\N,11
15867,642,306,82,12,10,8,8,8,0,58,\N,\N,\N,\N,\N,\N,11
15868,642,320,66,15,21,9,9,9,0,58,\N,\N,\N,\N,\N,\N,11
15869,642,322,1,31,22,10,10,10,0,58,\N,\N,\N,\N,\N,\N,11
15870,642,333,199,27,26,11,11,11,0,57,\N,\N,\N,\N,\N,\N,12
15871,642,278,82,11,8,12,12,12,0,57,\N,\N,\N,\N,\N,\N,12
15872,642,337,66,17,16,13,13,13,0,57,\N,\N,\N,\N,\N,\N,12
15873,642,355,66,28,24,14,14,14,0,56,\N,\N,\N,\N,\N,\N,13
15874,642,305,63,20,14,15,15,15,0,54,\N,\N,\N,\N,\N,\N,3
15875,642,347,1,29,28,16,16,16,0,54,\N,\N,\N,\N,\N,\N,60
15876,642,341,63,18,13,17,17,17,0,54,\N,\N,\N,\N,\N,\N,15
15877,642,342,200,33,25,\N,N,18,0,52,\N,\N,\N,\N,\N,\N,62
15878,642,235,6,32,7,\N,R,19,0,49,\N,\N,\N,\N,\N,\N,91
15879,642,224,180,2,2,\N,N,20,0,49,\N,\N,\N,\N,\N,\N,62
15880,642,353,180,30,29,\N,N,21,0,49,\N,\N,\N,\N,\N,\N,62
15881,642,304,1,7,3,\N,R,22,0,47,\N,\N,\N,\N,\N,\N,3
15882,642,314,34,23,15,\N,R,23,0,41,\N,\N,\N,\N,\N,\N,5
15883,642,354,34,24,27,\N,R,24,0,30,\N,\N,\N,\N,\N,\N,22
15884,642,344,63,19,17,\N,R,25,0,15,\N,\N,\N,\N,\N,\N,5
15885,642,280,200,21,20,\N,R,26,0,23,\N,\N,\N,\N,\N,\N,5
15886,642,330,200,26,23,\N,R,27,0,11,\N,\N,\N,\N,\N,\N,36
15887,642,317,180,3,9,\N,R,28,0,5,\N,\N,\N,\N,\N,\N,23
15888,642,309,25,10,19,\N,R,29,0,1,\N,\N,\N,\N,\N,\N,8
15889,643,356,34,12,3,1,1,1,9,80,1:49:35.4,6575400,\N,\N,\N,\N,1
15890,643,304,187,6,6,2,2,2,6,80,+8.1,6583500,\N,\N,\N,\N,1
15891,643,328,37,1,1,3,3,3,4,80,+17.1,6592500,\N,\N,\N,\N,1
15892,643,306,82,3,8,4,4,4,3,80,+1:13.1,6648500,\N,\N,\N,\N,1
15893,643,357,32,10,14,5,5,5,2,79,\N,\N,\N,\N,\N,\N,11
15894,643,289,32,11,19,6,6,6,1,79,\N,\N,\N,\N,\N,\N,11
15895,643,280,82,4,18,7,7,7,0,78,\N,\N,\N,\N,\N,\N,12
15896,643,340,32,23,22,8,8,8,0,78,\N,\N,\N,\N,\N,\N,12
15897,643,345,66,20,16,9,9,9,0,76,\N,\N,\N,\N,\N,\N,14
15898,643,346,37,16,9,10,10,10,0,75,\N,\N,\N,\N,\N,\N,15
15899,643,362,34,24,21,11,11,11,0,75,\N,\N,\N,\N,\N,\N,15
15900,643,293,32,25,13,12,12,12,0,73,\N,\N,\N,\N,\N,\N,5
15901,643,358,32,9,4,13,13,13,0,72,\N,\N,\N,\N,\N,\N,5
15902,643,235,6,17,5,\N,R,14,0,60,\N,\N,\N,\N,\N,\N,5
15903,643,341,187,7,7,\N,R,15,0,60,\N,\N,\N,\N,\N,\N,5
15904,643,352,66,21,23,\N,R,16,0,58,\N,\N,\N,\N,\N,\N,5
15905,643,359,37,2,17,\N,R,17,0,57,\N,\N,\N,\N,\N,\N,5
15906,643,360,187,5,10,\N,R,18,0,39,\N,\N,\N,\N,\N,\N,5
15907,643,361,86,22,20,\N,R,19,0,39,\N,\N,\N,\N,\N,\N,3
15908,643,207,37,8,11,\N,R,20,0,26,\N,\N,\N,\N,\N,\N,25
15909,643,243,34,14,15,\N,R,21,0,23,\N,\N,\N,\N,\N,\N,5
15910,643,262,66,19,12,\N,R,22,0,22,\N,\N,\N,\N,\N,\N,6
15911,643,278,37,15,2,\N,R,23,0,14,\N,\N,\N,\N,\N,\N,25
15912,644,328,37,1,3,1,1,1,9,90,2:10:58.2,7858200,\N,\N,\N,\N,1
15913,644,360,187,11,11,2,2,2,6,89,\N,\N,\N,\N,\N,\N,11
15914,644,207,37,18,16,3,3,3,4,89,\N,\N,\N,\N,\N,\N,11
15915,644,289,32,6,15,4,4,4,3,89,\N,\N,\N,\N,\N,\N,11
15916,644,359,37,16,14,5,5,5,2,88,\N,\N,\N,\N,\N,\N,12
15917,644,341,187,8,12,\N,R,6,0,76,\N,\N,\N,\N,\N,\N,6
15918,644,356,34,7,1,\N,R,7,0,61,\N,\N,\N,\N,\N,\N,5
15919,644,243,34,24,17,\N,R,8,0,43,\N,\N,\N,\N,\N,\N,5
15920,644,280,82,22,9,\N,R,9,0,33,\N,\N,\N,\N,\N,\N,5
15921,644,306,82,4,4,\N,R,10,0,31,\N,\N,\N,\N,\N,\N,5
15922,644,304,187,5,2,\N,R,11,0,10,\N,\N,\N,\N,\N,\N,80
15923,644,278,37,9,6,\N,R,12,0,10,\N,\N,\N,\N,\N,\N,5
15924,644,358,32,3,8,\N,R,13,0,9,\N,\N,\N,\N,\N,\N,80
15925,644,345,66,10,5,\N,W,14,0,4,\N,\N,\N,\N,\N,\N,54
15926,644,235,6,2,7,\N,R,15,0,0,\N,\N,\N,\N,\N,\N,3
15927,644,262,66,15,10,\N,R,16,0,0,\N,\N,\N,\N,\N,\N,3
15928,644,361,86,12,13,\N,W,17,0,0,\N,\N,\N,\N,\N,\N,54
15929,644,333,198,20,0,\N,F,18,0,0,\N,\N,\N,\N,\N,\N,81
15930,644,357,32,19,0,\N,F,19,0,0,\N,\N,\N,\N,\N,\N,81
15931,644,346,37,14,0,\N,F,20,0,0,\N,\N,\N,\N,\N,\N,81
15932,644,352,66,21,0,\N,F,21,0,0,\N,\N,\N,\N,\N,\N,81
15933,644,339,32,23,0,\N,F,22,0,0,\N,\N,\N,\N,\N,\N,81
15934,645,358,32,3,8,1,1,1,9,80,1:54:37.4,6877400,\N,\N,\N,\N,1
15935,645,356,34,5,4,2,2,2,6,80,+23.1,6900500,\N,\N,\N,\N,1
15936,645,280,82,9,7,3,3,3,4,80,+51.4,6928800,\N,\N,\N,\N,1
15937,645,304,187,11,3,4,4,4,3,80,+1:28.3,6965700,\N,\N,\N,\N,1
15938,645,289,32,1,16,5,5,5,2,79,\N,\N,\N,\N,\N,\N,11
15939,645,345,66,17,15,6,6,6,1,78,\N,\N,\N,\N,\N,\N,12
15940,645,238,37,23,12,7,7,7,0,78,\N,\N,\N,\N,\N,\N,12
15941,645,346,37,19,11,8,8,8,0,76,\N,\N,\N,\N,\N,\N,60
15942,645,278,37,28,2,\N,R,9,0,60,\N,\N,\N,\N,\N,\N,22
15943,645,361,86,24,9,\N,N,10,0,58,\N,\N,\N,\N,\N,\N,62
15944,645,328,37,21,1,\N,R,11,0,57,\N,\N,\N,\N,\N,\N,5
15945,645,262,66,16,14,\N,R,12,0,42,\N,\N,\N,\N,\N,\N,5
15946,645,306,82,8,6,\N,R,13,0,21,\N,\N,\N,\N,\N,\N,24
15947,645,360,187,12,10,\N,R,14,0,19,\N,\N,\N,\N,\N,\N,22
15948,645,341,187,14,13,\N,R,15,0,14,\N,\N,\N,\N,\N,\N,51
15949,645,235,6,26,5,\N,R,16,0,11,\N,\N,\N,\N,\N,\N,86
15950,645,333,198,10,0,\N,F,17,0,0,\N,\N,\N,\N,\N,\N,81
15951,645,243,34,6,0,\N,F,18,0,0,\N,\N,\N,\N,\N,\N,81
15952,645,352,66,15,0,\N,F,19,0,0,\N,\N,\N,\N,\N,\N,81
15953,645,357,32,2,0,\N,F,20,0,0,\N,\N,\N,\N,\N,\N,81
15954,645,359,37,20,0,\N,F,21,0,0,\N,\N,\N,\N,\N,\N,81
15955,646,345,66,1,6,1,1,1,9,28,1:38:10.1,5890100,\N,\N,\N,\N,1
15956,646,278,37,10,3,2,2,2,6,28,+1.1,5891200,\N,\N,\N,\N,1
15957,646,306,82,25,11,3,3,3,4,28,+1:43.7,5993800,\N,\N,\N,\N,1
15958,646,363,6,28,8,4,4,4,3,28,+2:38.5,6048600,\N,\N,\N,\N,1
15959,646,243,34,19,7,5,5,5,2,28,+3:31.8,6101900,\N,\N,\N,\N,1
15960,646,280,82,26,17,6,6,6,1,27,\N,\N,\N,\N,\N,\N,10
15961,646,346,37,9,10,7,7,7,0,26,\N,\N,\N,\N,\N,\N,32
15962,646,235,6,27,4,8,8,8,0,26,\N,\N,\N,\N,\N,\N,12
15963,646,238,37,14,9,\N,N,9,0,20,\N,\N,\N,\N,\N,\N,62
15964,646,356,34,18,5,\N,R,10,0,19,\N,\N,\N,\N,\N,\N,8
15965,646,289,32,23,16,\N,R,11,0,19,\N,\N,\N,\N,\N,\N,5
15966,646,328,37,11,1,\N,R,12,0,14,\N,\N,\N,\N,\N,\N,5
15967,646,357,32,21,13,\N,R,13,0,13,\N,\N,\N,\N,\N,\N,6
15968,646,358,32,20,2,\N,R,14,0,10,\N,\N,\N,\N,\N,\N,5
15969,646,262,66,2,14,\N,R,15,0,7,\N,\N,\N,\N,\N,\N,5
15970,646,361,86,7,12,\N,R,16,0,4,\N,\N,\N,\N,\N,\N,51
15971,646,321,34,8,15,\N,R,17,0,1,\N,\N,\N,\N,\N,\N,6
15972,647,358,32,10,1,1,1,1,9,80,1:50:43.4,6643400,\N,\N,\N,\N,1
15973,647,328,37,5,2,2,2,2,6,80,+30.0,6673400,\N,\N,\N,\N,1
15974,647,235,6,25,3,3,3,3,4,79,\N,\N,\N,\N,\N,\N,11
15975,647,223,6,26,6,4,4,4,3,79,\N,\N,\N,\N,\N,\N,11
15976,647,306,82,23,10,5,5,5,2,79,\N,\N,\N,\N,\N,\N,11
15977,647,341,187,16,14,6,6,6,1,79,\N,\N,\N,\N,\N,\N,11
15978,647,357,32,12,8,7,7,7,0,78,\N,\N,\N,\N,\N,\N,12
15979,647,280,82,24,13,8,8,8,0,78,\N,\N,\N,\N,\N,\N,12
15980,647,238,37,22,16,9,9,9,0,78,\N,\N,\N,\N,\N,\N,12
15981,647,345,66,1,7,10,10,10,0,77,\N,\N,\N,\N,\N,\N,13
15982,647,356,34,18,12,11,11,11,0,76,\N,\N,\N,\N,\N,\N,14
15983,647,289,32,15,20,\N,N,12,0,71,\N,\N,\N,\N,\N,\N,62
15984,647,327,37,6,15,\N,R,13,0,31,\N,\N,\N,\N,\N,\N,5
15985,647,352,66,3,18,\N,R,14,0,26,\N,\N,\N,\N,\N,\N,44
15986,647,262,66,2,5,\N,R,15,0,23,\N,\N,\N,\N,\N,\N,5
15987,647,361,86,4,9,\N,R,16,0,22,\N,\N,\N,\N,\N,\N,3
15988,647,346,37,9,17,\N,R,17,0,22,\N,\N,\N,\N,\N,\N,5
15989,647,320,187,20,11,\N,R,18,0,18,\N,\N,\N,\N,\N,\N,3
15990,647,364,187,32,19,\N,R,19,0,2,\N,\N,\N,\N,\N,\N,5
15991,647,278,37,8,4,\N,R,20,0,1,\N,\N,\N,\N,\N,\N,8
15992,647,333,198,21,0,\N,F,21,0,0,\N,\N,\N,\N,\N,\N,81
15993,647,243,34,19,0,\N,F,22,0,0,\N,\N,\N,\N,\N,\N,81
15994,647,353,32,31,0,\N,F,23,0,0,\N,\N,\N,\N,\N,\N,81
15995,647,351,85,29,0,\N,F,24,0,0,\N,\N,\N,\N,\N,\N,81
15996,648,358,32,6,6,1,1,1,9,38,1:55:57.0,6957000,\N,\N,\N,\N,1
15997,648,278,37,14,3,2,2,2,6,38,+7.61,6964610,\N,\N,\N,\N,1
15998,648,356,34,23,5,3,3,3,4,38,+44.83,7001830,\N,\N,\N,\N,1
15999,648,304,187,19,7,4,4,4,3,38,+45.66,7002660,\N,\N,\N,\N,1
16000,648,280,82,20,8,5,5,5,2,38,+1:19.42,7036420,\N,\N,\N,\N,1
16001,648,364,187,32,17,6,6,6,1,38,+1:19.65,7036650,\N,\N,\N,\N,1
16002,648,243,34,22,14,7,7,7,0,38,+2:20.16,7097160,\N,\N,\N,\N,1
16003,648,357,32,7,18,8,8,8,0,38,+2:47.17,7124170,\N,\N,\N,\N,1
16004,648,328,37,1,4,9,9,9,0,38,+3:09.61,7146610,\N,\N,\N,\N,1
16005,648,289,32,8,20,10,10,10,0,37,\N,\N,\N,\N,\N,\N,11
16006,648,327,37,2,13,11,11,11,0,37,\N,\N,\N,\N,\N,\N,11
16007,648,352,66,4,19,12,12,12,0,36,\N,\N,\N,\N,\N,\N,12
16008,648,306,82,21,2,13,13,13,0,35,\N,\N,\N,\N,\N,\N,60
16009,648,363,6,11,11,14,14,14,0,35,\N,\N,\N,\N,\N,\N,13
16010,648,333,198,16,15,\N,N,15,0,29,\N,\N,\N,\N,\N,\N,62
16011,648,346,37,12,16,\N,R,16,0,23,\N,\N,\N,\N,\N,\N,3
16012,648,238,37,18,9,\N,R,17,0,17,\N,\N,\N,\N,\N,\N,24
16013,648,235,6,10,1,\N,R,18,0,16,\N,\N,\N,\N,\N,\N,5
16014,648,345,66,3,10,\N,R,19,0,6,\N,\N,\N,\N,\N,\N,6
16015,648,262,66,5,12,\N,R,20,0,5,\N,\N,\N,\N,\N,\N,5
16016,648,351,85,24,0,\N,F,21,0,0,\N,\N,\N,\N,\N,\N,81
16017,648,339,32,9,0,\N,F,22,0,0,\N,\N,\N,\N,\N,\N,81
16018,648,353,32,25,0,\N,F,23,0,0,\N,\N,\N,\N,\N,\N,81
16019,649,358,32,5,1,1,1,1,9,80,1:57:02.0,7022000,\N,\N,\N,\N,1
16020,649,356,34,17,2,2,2,2,6,80,+32.9,7054900,\N,\N,\N,\N,1
16021,649,304,187,9,5,3,3,3,4,80,+54.4,7076400,\N,\N,\N,\N,1
16022,649,223,6,4,6,4,4,4,3,80,+54.8,7076800,\N,\N,\N,\N,1
16023,649,278,37,16,17,5,5,5,2,79,\N,\N,\N,\N,\N,\N,11
16024,649,289,32,14,22,6,6,6,1,79,\N,\N,\N,\N,\N,\N,11
16025,649,327,37,2,14,7,7,7,0,79,\N,\N,\N,\N,\N,\N,11
16026,649,224,32,28,21,8,8,8,0,78,\N,\N,\N,\N,\N,\N,12
16027,649,238,37,27,13,9,9,9,0,72,\N,\N,\N,\N,\N,\N,18
16028,649,353,32,29,23,\N,N,10,0,69,\N,\N,\N,\N,\N,\N,62
16029,649,364,187,32,11,\N,R,11,0,60,\N,\N,\N,\N,\N,\N,51
16030,649,345,66,22,15,\N,R,12,0,58,\N,\N,\N,\N,\N,\N,3
16031,649,262,66,23,4,\N,R,13,0,54,\N,\N,\N,\N,\N,\N,5
16032,649,328,37,1,8,\N,R,14,0,52,\N,\N,\N,\N,\N,\N,8
16033,649,341,63,20,19,\N,R,15,0,51,\N,\N,\N,\N,\N,\N,51
16034,649,280,82,8,12,\N,R,16,0,41,\N,\N,\N,\N,\N,\N,3
16035,649,306,82,7,10,\N,R,17,0,24,\N,\N,\N,\N,\N,\N,36
16036,649,207,37,26,9,\N,R,18,0,21,\N,\N,\N,\N,\N,\N,22
16037,649,346,37,15,20,\N,R,19,0,19,\N,\N,\N,\N,\N,\N,22
16038,649,357,32,6,7,\N,R,20,0,15,\N,\N,\N,\N,\N,\N,5
16039,649,352,66,24,16,\N,R,21,0,10,\N,\N,\N,\N,\N,\N,51
16040,649,235,6,3,3,\N,R,22,0,6,\N,\N,\N,\N,\N,\N,7
16041,649,333,198,11,18,\N,R,23,0,0,\N,\N,\N,\N,\N,\N,95
16042,650,358,32,2,2,1,1,1,9,50,1:42:00.3,6120300,\N,\N,\N,\N,1
16043,650,235,6,10,1,2,2,2,6,50,+0.7,6121000,\N,\N,\N,\N,1
16044,650,304,187,4,16,3,3,3,4,50,+1:21.8,6202100,\N,\N,\N,\N,1
16045,650,224,32,17,13,4,4,4,3,50,+1:55.1,6235400,\N,\N,\N,\N,1
16046,650,243,34,21,11,5,5,5,2,49,\N,\N,\N,\N,\N,\N,11
16047,650,280,82,14,5,6,6,6,1,49,\N,\N,\N,\N,\N,\N,11
16048,650,327,37,23,14,7,7,7,0,49,\N,\N,\N,\N,\N,\N,11
16049,650,346,37,12,4,8,8,8,0,47,\N,\N,\N,\N,\N,\N,80
16050,650,341,63,7,15,9,9,9,0,46,\N,\N,\N,\N,\N,\N,5
16051,650,289,32,9,20,\N,R,10,0,37,\N,\N,\N,\N,\N,\N,5
16052,650,278,37,5,6,\N,R,11,0,34,\N,\N,\N,\N,\N,\N,5
16053,650,223,6,15,3,\N,R,12,0,30,\N,\N,\N,\N,\N,\N,5
16054,650,357,32,16,10,\N,R,13,0,24,\N,\N,\N,\N,\N,\N,5
16055,650,328,37,1,7,\N,R,14,0,20,\N,\N,\N,\N,\N,\N,5
16056,650,207,37,11,9,\N,R,15,0,15,\N,\N,\N,\N,\N,\N,6
16057,650,238,37,22,19,\N,R,16,0,11,\N,\N,\N,\N,\N,\N,5
16058,650,345,66,6,8,\N,R,17,0,7,\N,\N,\N,\N,\N,\N,80
16059,650,262,66,18,18,\N,R,18,0,5,\N,\N,\N,\N,\N,\N,5
16060,650,356,34,3,12,\N,R,19,0,4,\N,\N,\N,\N,\N,\N,44
16061,650,306,82,8,21,\N,R,20,0,4,\N,\N,\N,\N,\N,\N,22
16062,650,320,187,24,17,\N,R,21,0,3,\N,\N,\N,\N,\N,\N,37
16063,650,312,86,25,0,\N,F,22,0,0,\N,\N,\N,\N,\N,\N,81
16064,650,333,198,20,0,\N,F,23,0,0,\N,\N,\N,\N,\N,\N,81
16065,650,351,85,27,0,\N,F,24,0,0,\N,\N,\N,\N,\N,\N,81
16066,650,365,37,26,0,\N,F,25,0,0,\N,\N,\N,\N,\N,\N,81
16067,17,20,9,15,2,1,1,1,10,55,1:34:03.414,5643414,54,1,1:40.279,199.387,1
16068,17,17,9,14,3,2,2,2,8,55,+17.857,5661271,14,5,1:40.571,198.808,1
16069,17,18,23,22,5,3,3,3,6,55,+18.467,5661881,49,6,1:40.642,198.668,1
16070,17,22,23,23,4,4,4,4,5,55,+22.735,5666149,54,4,1:40.449,199.05,1
16071,17,2,2,6,8,5,5,5,4,55,+26.253,5669667,54,7,1:40.672,198.609,1
16072,17,155,7,10,12,6,6,6,3,55,+28.343,5671757,55,11,1:40.779,198.398,1
16073,17,15,7,9,6,7,7,7,2,55,+34.366,5677780,49,8,1:40.723,198.508,1
16074,17,67,5,12,10,8,8,8,1,55,+41.294,5684708,55,2,1:40.326,199.294,1
16075,17,3,3,16,9,9,9,9,0,55,+45.941,5689355,49,15,1:40.997,197.97,1
16076,17,9,2,5,7,10,10,10,0,55,+48.180,5691594,54,14,1:40.924,198.113,1
16077,17,5,1,2,18,11,11,11,0,55,+52.798,5696212,53,18,1:41.316,197.346,1
16078,17,8,6,4,11,12,12,12,0,55,+54.317,5697731,54,12,1:40.843,198.272,1
16079,17,6,3,17,13,13,13,13,0,55,+59.839,5703253,54,9,1:40.754,198.447,1
16080,17,4,4,7,15,14,14,14,0,55,+69.687,5713101,54,10,1:40.757,198.441,1
16081,17,24,10,21,16,15,15,15,0,55,+94.450,5737864,54,17,1:41.277,197.422,1
16082,17,21,6,3,20,16,16,16,0,54,\N,\N,54,16,1:41.132,197.705,11
16083,17,16,10,20,17,17,17,17,0,54,\N,\N,34,13,1:40.904,198.152,11
16084,17,154,4,8,19,18,18,18,0,54,\N,\N,47,19,1:42.274,195.498,11
16085,17,1,1,1,1,\N,R,19,0,20,\N,\N,16,3,1:40.367,199.212,23
16086,17,153,5,11,14,\N,R,20,0,18,\N,\N,16,20,1:43.318,193.522,6
16087,651,235,6,12,3,1,1,1,9,60,1:42:17.3,6137300,\N,\N,\N,\N,1
16088,651,223,6,27,2,2,2,2,6,60,+0.61,6137910,\N,\N,\N,\N,1
16089,651,243,34,11,17,3,3,3,4,60,+1:27.88,6225180,\N,\N,\N,\N,1
16090,651,345,66,17,22,4,4,4,3,59,\N,\N,\N,\N,\N,\N,11
16091,651,262,66,16,14,5,5,5,2,59,\N,\N,\N,\N,\N,\N,11
16092,651,306,82,19,7,6,6,6,1,59,\N,\N,\N,\N,\N,\N,11
16093,651,363,6,14,5,7,7,7,0,59,\N,\N,\N,\N,\N,\N,11
16094,651,278,37,4,5,8,8,8,0,59,\N,\N,\N,\N,\N,\N,11
16095,651,346,37,3,20,9,9,9,0,59,\N,\N,\N,\N,\N,\N,11
16096,651,320,187,23,21,10,10,10,0,59,\N,\N,\N,\N,\N,\N,11
16097,651,352,66,18,23,11,11,11,0,58,\N,\N,\N,\N,\N,\N,12
16098,651,333,198,22,15,12,12,12,0,57,\N,\N,\N,\N,\N,\N,13
16099,651,356,34,10,8,13,13,13,0,56,\N,\N,\N,\N,\N,\N,14
16100,651,280,82,20,13,14,14,14,0,56,\N,\N,\N,\N,\N,\N,14
16101,651,224,32,8,16,15,15,15,0,55,\N,\N,\N,\N,\N,\N,15
16102,651,304,187,21,11,\N,R,16,0,30,\N,\N,\N,\N,\N,\N,5
16103,651,341,63,15,12,\N,R,17,0,27,\N,\N,\N,\N,\N,\N,5
16104,651,314,86,26,19,\N,R,18,0,25,\N,\N,\N,\N,\N,\N,5
16105,651,358,32,6,1,\N,R,19,0,21,\N,\N,\N,\N,\N,\N,5
16106,651,207,37,5,18,\N,R,20,0,13,\N,\N,\N,\N,\N,\N,3
16107,651,351,85,24,24,\N,R,21,0,13,\N,\N,\N,\N,\N,\N,21
16108,651,328,37,1,4,\N,R,22,0,7,\N,\N,\N,\N,\N,\N,106
16109,651,357,32,7,10,\N,R,23,0,4,\N,\N,\N,\N,\N,\N,23
16110,651,327,37,2,9,\N,R,24,0,0,\N,\N,\N,\N,\N,\N,5
16111,652,223,6,4,3,1,1,1,9,68,1:39:07.1,5947100,\N,\N,\N,\N,1
16112,652,328,37,18,4,2,2,2,6,68,+5.73,5952830,\N,\N,\N,\N,1
16113,652,306,82,40,14,3,3,3,4,68,+5.8,5952900,\N,\N,\N,\N,1
16114,652,304,187,30,9,4,4,4,3,68,+6.15,5953250,\N,\N,\N,\N,1
16115,652,243,34,46,17,5,5,5,2,68,+6.41,5953510,\N,\N,\N,\N,1
16116,652,327,37,20,11,6,6,6,1,68,+1:03.46,6010560,\N,\N,\N,\N,1
16117,652,278,37,48,18,7,7,7,0,67,\N,\N,\N,\N,\N,\N,11
16118,652,333,198,34,12,8,8,8,0,61,\N,\N,\N,\N,\N,\N,17
16119,652,320,187,32,16,\N,N,9,0,60,\N,\N,\N,\N,\N,\N,62
16120,652,262,66,8,6,\N,R,10,0,36,\N,\N,\N,\N,\N,\N,5
16121,652,238,37,52,13,\N,R,11,0,35,\N,\N,\N,\N,\N,\N,5
16122,652,356,34,44,8,\N,R,12,0,31,\N,\N,\N,\N,\N,\N,3
16123,652,235,6,2,1,\N,R,13,0,25,\N,\N,\N,\N,\N,\N,8
16124,652,352,66,12,20,\N,R,14,0,21,\N,\N,\N,\N,\N,\N,25
16125,652,314,86,54,19,\N,R,15,0,17,\N,\N,\N,\N,\N,\N,5
16126,652,363,6,6,15,\N,R,16,0,14,\N,\N,\N,\N,\N,\N,69
16127,652,280,82,42,5,\N,R,17,0,14,\N,\N,\N,\N,\N,\N,5
16128,652,345,66,10,2,\N,R,18,0,12,\N,\N,\N,\N,\N,\N,5
16129,652,346,37,50,7,\N,R,19,0,3,\N,\N,\N,\N,\N,\N,5
16130,652,341,63,14,10,\N,R,20,0,0,\N,\N,\N,\N,\N,\N,10
16131,652,289,32,28,0,\N,W,21,0,0,\N,\N,\N,\N,\N,\N,54
16132,652,357,32,24,0,\N,W,22,0,0,\N,\N,\N,\N,\N,\N,54
16133,652,358,32,22,0,\N,W,23,0,0,\N,\N,\N,\N,\N,\N,104
16134,652,347,187,38,0,\N,F,24,0,0,\N,\N,\N,\N,\N,\N,81
16135,652,224,32,26,0,\N,W,25,0,0,\N,\N,\N,\N,\N,\N,54
16136,652,330,198,36,0,\N,F,26,0,0,\N,\N,\N,\N,\N,\N,81
16137,652,351,85,56,0,\N,F,27,0,0,\N,\N,\N,\N,\N,\N,81
16138,653,235,6,18,2,1,1,1,9,90,1:21:18.4,4878400,\N,\N,\N,\N,1
16139,653,223,6,19,3,2,2,2,6,90,+14.8,4893200,\N,\N,\N,\N,1
16140,653,278,37,20,6,3,3,3,4,90,+57.9,4936300,\N,\N,\N,\N,1
16141,653,345,66,14,7,4,4,4,3,89,\N,\N,\N,\N,\N,\N,11
16142,653,341,63,4,5,5,5,5,2,89,\N,\N,\N,\N,\N,\N,11
16143,653,320,187,6,11,6,6,6,1,88,\N,\N,\N,\N,\N,\N,12
16144,653,280,82,24,8,7,7,7,0,87,\N,\N,\N,\N,\N,\N,13
16145,653,306,82,23,13,8,8,8,0,85,\N,\N,\N,\N,\N,\N,8
16146,653,327,37,2,4,9,9,9,0,85,\N,\N,\N,\N,\N,\N,15
16147,653,352,66,16,9,10,10,10,0,85,\N,\N,\N,\N,\N,\N,15
16148,653,314,86,10,17,\N,N,11,0,79,\N,\N,\N,\N,\N,\N,62
16149,653,289,32,9,20,\N,N,12,0,77,\N,\N,\N,\N,\N,\N,62
16150,653,333,198,8,12,\N,R,13,0,69,\N,\N,\N,\N,\N,\N,51
16151,653,238,37,26,16,\N,N,14,0,65,\N,\N,\N,\N,\N,\N,62
16152,653,304,187,5,15,\N,R,15,0,58,\N,\N,\N,\N,\N,\N,5
16153,653,356,34,11,19,\N,R,16,0,57,\N,\N,\N,\N,\N,\N,44
16154,653,262,66,15,10,\N,N,17,0,52,\N,\N,\N,\N,\N,\N,62
16155,653,328,25,3,1,\N,R,18,0,31,\N,\N,\N,\N,\N,\N,109
16156,653,243,34,12,18,\N,R,19,0,22,\N,\N,\N,\N,\N,\N,64
16157,653,346,37,21,14,\N,R,20,0,21,\N,\N,\N,\N,\N,\N,5
16158,654,224,32,24,3,1,1,1,9,108,1:57:32.79,7052790,\N,\N,\N,\N,1
16159,654,345,66,19,4,2,2,2,6,108,+36.39,7089180,\N,\N,\N,\N,1
16160,654,317,32,23,9,3,3,3,4,108,+45.17,7097960,\N,\N,\N,\N,1
16161,654,235,6,3,1,4,4,4,3,107,\N,\N,\N,\N,\N,\N,11
16162,654,278,37,12,5,5,5,5,2,107,\N,\N,\N,\N,\N,\N,11
16163,654,321,63,18,13,6,6,6,1,107,\N,\N,\N,\N,\N,\N,11
16164,654,304,187,8,11,7,7,7,0,106,\N,\N,\N,\N,\N,\N,12
16165,654,280,82,7,12,8,8,8,0,105,\N,\N,\N,\N,\N,\N,13
16166,654,346,37,11,23,9,9,9,0,105,\N,\N,\N,\N,\N,\N,13
16167,654,356,34,15,16,10,10,10,0,105,\N,\N,\N,\N,\N,\N,13
16168,654,238,37,29,15,11,11,11,0,104,\N,\N,\N,\N,\N,\N,14
16169,654,243,34,16,19,12,12,12,0,104,\N,\N,\N,\N,\N,\N,14
16170,654,223,6,4,6,13,13,13,0,101,\N,\N,\N,\N,\N,\N,17
16171,654,320,187,9,21,14,14,14,0,100,\N,\N,\N,\N,\N,\N,18
16172,654,328,25,1,2,\N,R,15,0,82,\N,\N,\N,\N,\N,\N,44
16173,654,289,32,14,10,\N,R,16,0,72,\N,\N,\N,\N,\N,\N,8
16174,654,327,37,2,17,\N,R,17,0,62,\N,\N,\N,\N,\N,\N,36
16175,654,314,86,30,20,\N,R,18,0,61,\N,\N,\N,\N,\N,\N,22
16176,654,347,187,27,24,\N,R,19,0,50,\N,\N,\N,\N,\N,\N,110
16177,654,306,82,6,18,\N,R,20,0,27,\N,\N,\N,\N,\N,\N,64
16178,654,366,34,31,22,\N,R,21,0,21,\N,\N,\N,\N,\N,\N,95
16179,654,262,66,20,7,\N,R,22,0,14,\N,\N,\N,\N,\N,\N,5
16180,654,352,66,21,14,\N,R,23,0,10,\N,\N,\N,\N,\N,\N,5
16181,654,341,63,17,8,\N,R,24,0,6,\N,\N,\N,\N,\N,\N,5
16182,654,367,66,32,0,\N,F,25,0,0,\N,\N,\N,\N,\N,\N,81
16183,654,353,32,28,0,\N,F,26,0,0,\N,\N,\N,\N,\N,\N,81
16184,654,333,198,10,0,\N,F,27,0,0,\N,\N,\N,\N,\N,\N,81
16185,655,235,6,3,3,1,1,1,9,65,1:53:28.3,6808300,\N,\N,\N,\N,1
16186,655,223,6,4,1,2,2,2,6,65,+24.64,6832940,\N,\N,\N,\N,1
16187,655,304,187,8,14,3,3,3,4,65,+45.97,6854270,\N,\N,\N,\N,1
16188,655,278,37,12,5,4,4,4,3,65,+47.05,6855350,\N,\N,\N,\N,1
16189,655,306,82,6,6,5,5,5,2,65,+50.11,6858410,\N,\N,\N,\N,1
16190,655,345,66,19,7,6,6,6,1,65,+1:24.76,6893060,\N,\N,\N,\N,1
16191,655,262,66,20,13,7,7,7,0,64,\N,\N,\N,\N,\N,\N,11
16192,655,341,63,17,15,8,8,8,0,64,\N,\N,\N,\N,\N,\N,11
16193,655,280,82,7,11,9,9,9,0,61,\N,\N,\N,\N,\N,\N,14
16194,655,317,32,23,12,\N,N,10,0,56,\N,\N,\N,\N,\N,\N,62
16195,655,356,34,15,4,\N,R,11,0,52,\N,\N,\N,\N,\N,\N,5
16196,655,328,25,1,2,\N,R,12,0,33,\N,\N,\N,\N,\N,\N,22
16197,655,320,187,9,10,\N,R,13,0,27,\N,\N,\N,\N,\N,\N,5
16198,655,243,34,16,17,\N,R,14,0,15,\N,\N,\N,\N,\N,\N,69
16199,655,327,37,2,9,\N,R,15,0,8,\N,\N,\N,\N,\N,\N,5
16200,655,289,32,14,8,\N,R,16,0,4,\N,\N,\N,\N,\N,\N,25
16201,655,346,37,11,16,\N,R,17,0,3,\N,\N,\N,\N,\N,\N,5
16202,655,224,32,24,18,\N,R,18,0,1,\N,\N,\N,\N,\N,\N,5
16203,656,328,196,7,4,1,1,1,9,80,1:50:39.1,6639100,\N,\N,\N,\N,1
16204,656,289,180,1,7,2,2,2,6,80,+18.8,6657900,\N,\N,\N,\N,1
16205,656,304,187,5,3,3,3,3,4,80,+31.8,6670900,\N,\N,\N,\N,1
16206,656,346,180,4,12,4,4,4,3,80,+49.2,6688300,\N,\N,\N,\N,1
16207,656,360,187,6,8,5,5,5,2,79,\N,\N,\N,\N,\N,\N,11
16208,656,306,196,8,11,6,6,6,1,78,\N,\N,\N,\N,\N,\N,12
16209,656,262,66,11,14,7,7,7,0,77,\N,\N,\N,\N,\N,\N,13
16210,656,368,191,17,17,8,8,8,0,73,\N,\N,\N,\N,\N,\N,17
16211,656,362,191,19,16,\N,N,9,0,67,\N,\N,\N,\N,\N,\N,62
16212,656,358,180,2,2,\N,R,10,0,44,\N,\N,\N,\N,\N,\N,48
16213,656,341,66,10,18,\N,R,11,0,40,\N,\N,\N,\N,\N,\N,5
16214,656,345,66,12,15,\N,R,12,0,38,\N,\N,\N,\N,\N,\N,47
16215,656,278,6,9,5,\N,R,13,0,34,\N,\N,\N,\N,\N,\N,5
16216,656,356,182,14,1,\N,R,14,0,32,\N,\N,\N,\N,\N,\N,64
16217,656,207,180,3,6,\N,R,15,0,31,\N,\N,\N,\N,\N,\N,6
16218,656,340,180,16,10,\N,R,16,0,31,\N,\N,\N,\N,\N,\N,80
16219,656,235,182,15,13,\N,R,17,0,20,\N,\N,\N,\N,\N,\N,80
16220,656,369,187,18,9,\N,R,18,0,12,\N,\N,\N,\N,\N,\N,23
16221,657,328,196,7,4,1,1,1,9,90,2:16:54.0,8214000,\N,\N,\N,\N,1
16222,657,360,187,6,13,2,2,2,6,88,\N,\N,\N,\N,\N,\N,12
16223,657,306,196,8,12,3,3,3,4,87,\N,\N,\N,\N,\N,\N,13
16224,657,304,187,5,8,4,4,4,3,87,\N,\N,\N,\N,\N,\N,13
16225,657,341,66,14,9,5,5,5,2,84,\N,\N,\N,\N,\N,\N,16
16226,657,235,182,4,7,6,6,6,1,83,\N,\N,\N,\N,\N,\N,17
16227,657,345,66,9,14,\N,R,7,0,73,\N,\N,\N,\N,\N,\N,5
16228,657,278,6,15,2,\N,R,8,0,56,\N,\N,\N,\N,\N,\N,5
16229,657,356,182,3,5,\N,R,9,0,51,\N,\N,\N,\N,\N,\N,5
16230,657,346,180,10,6,\N,R,10,0,30,\N,\N,\N,\N,\N,\N,44
16231,657,358,180,2,1,\N,R,11,0,19,\N,\N,\N,\N,\N,\N,3
16232,657,361,182,11,11,\N,R,12,0,18,\N,\N,\N,\N,\N,\N,5
16233,657,289,180,1,3,\N,R,13,0,8,\N,\N,\N,\N,\N,\N,3
16234,657,262,66,12,10,\N,R,14,0,1,\N,\N,\N,\N,\N,\N,108
16235,658,289,180,1,4,1,1,1,9,80,1:56:59.4,7019400,\N,\N,\N,\N,1
16236,658,361,182,16,9,2,2,2,6,80,+17.3,7036700,\N,\N,\N,\N,1
16237,658,346,180,9,5,3,3,3,4,80,+34.6,7054000,\N,\N,\N,\N,1
16238,658,370,180,2,10,4,4,4,3,80,+52.9,7072300,\N,\N,\N,\N,1
16239,658,360,187,4,11,5,5,5,2,79,\N,\N,\N,\N,\N,\N,11
16240,658,304,187,3,12,6,6,6,1,78,\N,\N,\N,\N,\N,\N,12
16241,658,350,167,12,16,7,7,7,0,74,\N,\N,\N,\N,\N,\N,16
16242,658,235,182,6,7,\N,R,8,0,48,\N,\N,\N,\N,\N,\N,22
16243,658,328,196,7,1,\N,R,9,0,22,\N,\N,\N,\N,\N,\N,86
16244,658,306,196,8,3,\N,R,10,0,20,\N,\N,\N,\N,\N,\N,86
16245,658,278,6,11,2,\N,R,11,0,16,\N,\N,\N,\N,\N,\N,24
16246,658,345,66,10,14,\N,R,12,0,15,\N,\N,\N,\N,\N,\N,5
16247,658,351,182,17,15,\N,R,13,0,15,\N,\N,\N,\N,\N,\N,86
16248,658,341,66,14,6,\N,R,14,0,9,\N,\N,\N,\N,\N,\N,6
16249,658,356,182,5,8,\N,R,15,0,9,\N,\N,\N,\N,\N,\N,3
16250,658,262,66,15,13,\N,R,16,0,0,\N,\N,\N,\N,\N,\N,3
16251,659,328,196,4,2,1,1,1,9,90,2:06:42.08,7602080,\N,\N,\N,\N,1
16252,659,346,180,10,10,2,2,2,6,90,+24.52,7626600,\N,\N,\N,\N,1
16253,659,278,6,8,4,3,3,3,4,90,+30.51,7632590,\N,\N,\N,\N,1
16254,659,304,187,7,7,4,4,4,3,90,+37.16,7639240,\N,\N,\N,\N,1
16255,659,235,182,12,5,5,5,5,2,90,+37.67,7639750,\N,\N,\N,\N,1
16256,659,356,182,11,8,6,6,6,1,90,+1:10.81,7672890,\N,\N,\N,\N,1
16257,659,289,180,1,3,7,7,7,0,88,\N,\N,\N,\N,\N,\N,12
16258,659,306,187,5,11,8,8,8,0,87,\N,\N,\N,\N,\N,\N,13
16259,659,341,66,14,12,9,9,9,0,87,\N,\N,\N,\N,\N,\N,13
16260,659,350,187,18,15,10,10,10,0,84,\N,\N,\N,\N,\N,\N,16
16261,659,351,182,17,14,\N,R,11,0,54,\N,\N,\N,\N,\N,\N,80
16262,659,360,187,6,6,\N,R,12,0,24,\N,\N,\N,\N,\N,\N,22
16263,659,358,180,2,1,\N,R,13,0,16,\N,\N,\N,\N,\N,\N,86
16264,659,361,182,16,9,\N,R,14,0,12,\N,\N,\N,\N,\N,\N,8
16265,659,262,66,15,13,\N,R,15,0,9,\N,\N,\N,\N,\N,\N,6
16266,660,328,196,2,1,1,1,1,9,38,1:56:47.4,7007400,\N,\N,\N,\N,1
16267,660,306,196,7,5,2,2,2,6,38,+57.1,7064500,\N,\N,\N,\N,1
16268,660,235,182,11,4,3,3,3,4,38,+57.3,7064700,\N,\N,\N,\N,1
16269,660,360,187,5,7,4,4,4,3,37,\N,\N,\N,\N,\N,\N,11
16270,660,350,187,10,10,5,5,5,2,37,\N,\N,\N,\N,\N,\N,11
16271,660,289,180,1,8,6,6,6,1,37,\N,\N,\N,\N,\N,\N,11
16272,660,351,182,12,13,7,7,7,0,36,\N,\N,\N,\N,\N,\N,12
16273,660,304,187,4,2,8,8,8,0,35,\N,\N,\N,\N,\N,\N,13
16274,660,346,180,3,9,9,9,9,0,34,\N,\N,\N,\N,\N,\N,14
16275,660,278,6,6,6,\N,R,10,0,30,\N,\N,\N,\N,\N,\N,5
16276,660,358,180,15,3,\N,R,11,0,22,\N,\N,\N,\N,\N,\N,68
16277,660,361,182,9,11,\N,R,12,0,21,\N,\N,\N,\N,\N,\N,83
16278,660,357,180,14,12,\N,R,13,0,1,\N,\N,\N,\N,\N,\N,48
16279,661,328,196,3,2,1,1,1,9,84,1:55:55.6,6955600,\N,\N,\N,\N,1
16280,661,235,182,7,4,2,2,2,6,83,\N,\N,\N,\N,\N,\N,11
16281,661,360,187,6,7,3,3,3,4,83,\N,\N,\N,\N,\N,\N,11
16282,661,358,180,2,1,4,4,4,3,83,\N,\N,\N,\N,\N,\N,11
16283,661,361,182,16,10,5,5,5,2,83,\N,\N,\N,\N,\N,\N,11
16284,661,350,187,19,11,6,6,6,1,82,\N,\N,\N,\N,\N,\N,12
16285,661,289,180,1,12,7,7,7,0,82,\N,\N,\N,\N,\N,\N,12
16286,661,346,180,10,9,8,8,8,0,81,\N,\N,\N,\N,\N,\N,13
16287,661,306,196,4,17,9,9,9,0,78,\N,\N,\N,\N,\N,\N,16
16288,661,357,180,9,14,10,10,10,0,75,\N,\N,\N,\N,\N,\N,19
16289,661,345,6,12,8,\N,R,11,0,61,\N,\N,\N,\N,\N,\N,5
16290,661,278,6,11,5,\N,R,12,0,45,\N,\N,\N,\N,\N,\N,6
16291,661,304,187,5,3,\N,R,13,0,27,\N,\N,\N,\N,\N,\N,80
16292,661,262,66,15,13,\N,R,14,0,19,\N,\N,\N,\N,\N,\N,7
16293,661,347,180,18,16,\N,R,15,0,6,\N,\N,\N,\N,\N,\N,5
16294,661,321,187,20,15,\N,R,16,0,5,\N,\N,\N,\N,\N,\N,22
16295,661,341,66,14,6,\N,R,17,0,1,\N,\N,\N,\N,\N,\N,22
16296,662,235,182,6,1,1,1,1,9,14,1:49:55.4,6595400,\N,\N,\N,\N,1
16297,662,328,196,7,2,2,2,2,6,14,+57.7,6653100,\N,\N,\N,\N,1
16298,662,360,187,10,8,3,3,3,4,14,+3:21.6,6797000,\N,\N,\N,\N,1
16299,662,289,180,1,9,4,4,4,3,14,+3:58.8,6834200,\N,\N,\N,\N,1
16300,662,346,180,11,4,5,5,5,2,12,\N,\N,\N,\N,\N,\N,22
16301,662,306,196,8,10,6,6,6,1,12,\N,\N,\N,\N,\N,\N,22
16302,662,304,187,9,5,\N,R,7,0,11,\N,\N,\N,\N,\N,\N,7
16303,662,262,197,15,16,\N,R,8,0,11,\N,\N,\N,\N,\N,\N,44
16304,662,358,180,2,3,\N,R,9,0,10,\N,\N,\N,\N,\N,\N,80
16305,662,347,180,16,23,\N,R,10,0,4,\N,\N,\N,\N,\N,\N,95
16306,662,361,182,17,7,\N,R,11,0,1,\N,\N,\N,\N,\N,\N,3
16307,662,350,187,12,6,\N,R,12,0,0,\N,\N,\N,\N,\N,\N,3
16308,662,207,180,3,15,\N,R,13,0,0,\N,\N,\N,\N,\N,\N,3
16309,662,341,66,14,11,\N,W,14,0,0,\N,\N,\N,\N,\N,\N,54
16310,663,328,196,20,3,1,1,1,9,68,1:39:11.26,5951260,\N,\N,\N,\N,1
16311,663,358,180,4,1,2,2,2,6,68,+0.08,5951340,\N,\N,\N,\N,1
16312,663,306,196,22,6,3,3,3,4,68,+0.17,5951430,\N,\N,\N,\N,1
16313,663,360,187,18,5,4,4,4,3,68,+0.19,5951450,\N,\N,\N,\N,1
16314,663,361,182,32,4,5,5,5,2,68,+33.44,5984700,\N,\N,\N,\N,1
16315,663,345,6,10,12,6,6,6,1,66,\N,\N,\N,\N,\N,\N,12
16316,663,304,187,16,2,7,7,7,0,66,\N,\N,\N,\N,\N,\N,12
16317,663,346,180,30,8,8,8,8,0,64,\N,\N,\N,\N,\N,\N,5
16318,663,289,180,1,9,9,9,9,0,63,\N,\N,\N,\N,\N,\N,86
16319,663,235,182,26,15,10,10,10,0,61,\N,\N,\N,\N,\N,\N,60
16320,663,341,66,14,10,\N,N,11,0,60,\N,\N,\N,\N,\N,\N,62
16321,663,262,66,12,11,\N,R,12,0,48,\N,\N,\N,\N,\N,\N,51
16322,663,351,182,36,13,\N,R,13,0,9,\N,\N,\N,\N,\N,\N,95
16323,663,356,182,28,7,\N,R,14,0,6,\N,\N,\N,\N,\N,\N,44
16324,663,357,180,6,14,\N,R,15,0,3,\N,\N,\N,\N,\N,\N,5
16325,664,235,182,11,1,1,1,1,9,90,1:59:25.7,7165700,\N,\N,\N,\N,1
16326,664,356,182,12,6,2,2,2,6,90,+46.2,7211900,\N,\N,\N,\N,1
16327,664,358,180,2,3,3,3,3,4,90,+52.0,7217700,\N,\N,\N,\N,1
16328,664,306,196,18,2,4,4,4,3,89,\N,\N,\N,\N,\N,\N,11
16329,664,360,187,4,9,5,5,5,2,87,\N,\N,\N,\N,\N,\N,13
16330,664,359,196,19,15,6,6,6,1,84,\N,\N,\N,\N,\N,\N,16
16331,664,353,180,25,16,7,7,7,0,81,\N,\N,\N,\N,\N,\N,19
16332,664,343,66,16,18,\N,N,8,0,80,\N,\N,\N,\N,\N,\N,62
16333,664,289,180,1,7,\N,R,9,0,42,\N,\N,\N,\N,\N,\N,5
16334,664,346,180,9,8,\N,R,10,0,40,\N,\N,\N,\N,\N,\N,86
16335,664,357,180,3,11,\N,R,11,0,40,\N,\N,\N,\N,\N,\N,6
16336,664,345,6,6,13,\N,R,12,0,37,\N,\N,\N,\N,\N,\N,51
16337,664,328,196,17,4,\N,R,13,0,32,\N,\N,\N,\N,\N,\N,4
16338,664,371,189,69,17,\N,D,14,0,22,\N,\N,\N,\N,\N,\N,2
16339,664,341,66,14,14,\N,R,15,0,15,\N,\N,\N,\N,\N,\N,5
16340,664,361,182,21,10,\N,R,16,0,13,\N,\N,\N,\N,\N,\N,95
16341,664,372,183,26,19,\N,R,17,0,10,\N,\N,\N,\N,\N,\N,44
16342,664,304,187,5,5,\N,R,18,0,9,\N,\N,\N,\N,\N,\N,99
16343,664,262,66,15,12,\N,R,19,0,2,\N,\N,\N,\N,\N,\N,5
16344,664,351,182,20,20,\N,R,20,0,0,\N,\N,\N,\N,\N,\N,3
16345,665,358,180,2,1,1,1,1,9,108,1:57:56.84,7076840,\N,\N,\N,\N,1
16346,665,361,182,18,9,2,2,2,6,108,+46.99,7123830,\N,\N,\N,\N,1
16347,665,341,66,14,11,3,3,3,4,106,\N,\N,\N,\N,\N,\N,12
16348,665,356,182,8,18,4,4,4,3,106,\N,\N,\N,\N,\N,\N,12
16349,665,345,6,12,12,5,5,5,2,101,\N,\N,\N,\N,\N,\N,17
16350,665,351,182,19,17,6,6,6,1,98,\N,\N,\N,\N,\N,\N,88
16351,665,359,196,16,15,\N,N,7,0,92,\N,\N,\N,\N,\N,\N,62
16352,665,289,180,1,4,\N,R,8,0,90,\N,\N,\N,\N,\N,\N,3
16353,665,235,182,7,8,\N,R,9,0,77,\N,\N,\N,\N,\N,\N,5
16354,665,352,66,22,9,\N,R,10,0,76,\N,\N,\N,\N,\N,\N,5
16355,665,306,196,4,7,\N,R,11,0,72,\N,\N,\N,\N,\N,\N,5
16356,665,304,187,5,2,\N,R,12,0,52,\N,\N,\N,\N,\N,\N,6
16357,665,328,196,3,3,\N,R,13,0,35,\N,\N,\N,\N,\N,\N,5
16358,665,353,180,21,16,\N,R,14,0,25,\N,\N,\N,\N,\N,\N,86
16359,665,262,66,15,14,\N,R,15,0,23,\N,\N,\N,\N,\N,\N,5
16360,665,346,180,10,13,\N,R,16,0,3,\N,\N,\N,\N,\N,\N,69
16361,665,207,180,9,5,\N,R,17,0,3,\N,\N,\N,\N,\N,\N,22
16362,665,360,187,6,6,\N,R,18,0,0,\N,\N,\N,\N,\N,\N,5
16363,666,304,187,5,4,1,1,1,9,65,1:54:08.80,6848800,\N,\N,\N,\N,1
16364,666,235,182,7,2,2,2,2,6,65,+2.56,6851360,\N,\N,\N,\N,1
16365,666,356,182,8,1,3,3,3,4,65,+38.48,6887280,\N,\N,\N,\N,1
16366,666,328,196,3,3,4,4,4,3,65,+47.04,6895840,\N,\N,\N,\N,1
16367,666,306,196,4,8,5,5,5,2,65,+1:38.52,6947320,\N,\N,\N,\N,1
16368,666,262,66,15,12,6,6,6,1,63,\N,\N,\N,\N,\N,\N,12
16369,666,345,6,12,15,7,7,7,0,63,\N,\N,\N,\N,\N,\N,12
16370,666,359,196,16,14,8,8,8,0,63,\N,\N,\N,\N,\N,\N,12
16371,666,353,180,21,16,9,9,9,0,62,\N,\N,\N,\N,\N,\N,13
16372,666,361,182,18,9,10,10,10,0,61,\N,\N,\N,\N,\N,\N,14
16373,666,351,182,19,13,11,11,11,0,60,\N,\N,\N,\N,\N,\N,95
16374,666,341,66,14,10,\N,R,12,0,53,\N,\N,\N,\N,\N,\N,6
16375,666,358,180,2,6,\N,R,13,0,21,\N,\N,\N,\N,\N,\N,22
16376,666,352,66,22,17,\N,R,14,0,6,\N,\N,\N,\N,\N,\N,6
16377,666,346,180,10,5,\N,R,15,0,4,\N,\N,\N,\N,\N,\N,3
16378,666,357,180,9,11,\N,R,16,0,3,\N,\N,\N,\N,\N,\N,48
16379,666,360,187,6,7,\N,W,17,0,0,\N,\N,\N,\N,\N,\N,54
16380,667,373,180,4,1,1,1,1,9,80,1:53:56.6,6836600,\N,\N,\N,\N,1
16381,667,289,180,5,2,2,2,2,6,80,+25.3,6861900,\N,\N,\N,\N,1
16382,667,358,191,3,4,3,3,3,4,80,+30.4,6867000,\N,\N,\N,\N,1
16383,667,278,6,8,8,4,4,4,3,78,\N,\N,\N,\N,\N,\N,12
16384,667,304,194,1,9,5,5,5,2,78,\N,\N,\N,\N,\N,\N,12
16385,667,306,196,21,18,6,6,6,1,77,\N,\N,\N,\N,\N,\N,13
16386,667,346,167,19,16,7,7,7,0,77,\N,\N,\N,\N,\N,\N,13
16387,667,341,11,7,6,8,8,8,0,75,\N,\N,\N,\N,\N,\N,15
16388,667,340,191,17,17,9,9,9,0,75,\N,\N,\N,\N,\N,\N,15
16389,667,334,183,23,23,\N,N,10,0,71,\N,\N,\N,\N,\N,\N,62
16390,667,364,190,6,12,\N,R,11,0,58,\N,\N,\N,\N,\N,\N,44
16391,667,235,6,9,11,\N,R,12,0,51,\N,\N,\N,\N,\N,\N,44
16392,667,347,167,20,19,\N,R,13,0,46,\N,\N,\N,\N,\N,\N,25
16393,667,328,196,16,3,\N,R,14,0,43,\N,\N,\N,\N,\N,\N,5
16394,667,368,89,18,22,\N,R,15,0,35,\N,\N,\N,\N,\N,\N,25
16395,667,369,170,25,20,\N,R,16,0,22,\N,\N,\N,\N,\N,\N,5
16396,667,345,66,11,10,\N,R,17,0,20,\N,\N,\N,\N,\N,\N,69
16397,667,356,191,2,5,\N,R,18,0,16,\N,\N,\N,\N,\N,\N,5
16398,667,333,6,10,7,\N,R,19,0,13,\N,\N,\N,\N,\N,\N,3
16399,667,374,66,12,14,\N,R,20,0,7,\N,\N,\N,\N,\N,\N,69
16400,667,312,167,14,21,\N,R,21,0,4,\N,\N,\N,\N,\N,\N,44
16401,667,293,191,22,14,\N,R,22,0,3,\N,\N,\N,\N,\N,\N,24
16402,667,375,195,15,15,\N,R,23,0,2,\N,\N,\N,\N,\N,\N,110
16403,668,289,180,10,6,1,1,1,9,90,2:15:02.1,8102100,\N,\N,\N,\N,1
16404,668,304,187,1,3,2,2,2,6,90,+15.9,8118000,\N,\N,\N,\N,1
16405,668,312,195,14,13,3,3,3,4,89,\N,\N,\N,\N,\N,\N,11
16406,668,375,195,15,12,4,4,4,3,89,\N,\N,\N,\N,\N,\N,11
16407,668,306,196,6,5,5,5,5,2,81,\N,\N,\N,\N,\N,\N,19
16408,668,360,187,2,4,\N,R,6,0,77,\N,\N,\N,\N,\N,\N,44
16409,668,341,11,7,7,\N,R,7,0,74,\N,\N,\N,\N,\N,\N,6
16410,668,346,180,16,10,\N,R,8,0,62,\N,\N,\N,\N,\N,\N,7
16411,668,278,6,19,1,\N,R,9,0,57,\N,\N,\N,\N,\N,\N,48
16412,668,361,66,5,11,\N,R,10,0,52,\N,\N,\N,\N,\N,\N,48
16413,668,345,66,9,2,\N,R,11,0,27,\N,\N,\N,\N,\N,\N,3
16414,668,235,6,21,8,\N,R,12,0,13,\N,\N,\N,\N,\N,\N,80
16415,668,358,191,4,9,\N,R,13,0,10,\N,\N,\N,\N,\N,\N,51
16416,668,356,191,3,0,\N,W,14,0,0,\N,\N,\N,\N,\N,\N,54
16417,669,289,180,9,1,1,1,1,9,80,2:00:32.3,7232300,\N,\N,\N,\N,1
16418,669,370,66,15,6,2,2,2,6,80,+2.2,7234500,\N,\N,\N,\N,1
16419,669,376,195,7,14,3,3,3,4,76,\N,\N,\N,\N,\N,\N,14
16420,669,375,195,6,15,4,4,4,3,76,\N,\N,\N,\N,\N,\N,14
16421,669,304,187,12,10,5,5,5,2,73,\N,\N,\N,\N,\N,\N,17
16422,669,341,11,8,4,\N,R,6,0,16,\N,\N,\N,\N,\N,\N,6
16423,669,345,66,4,9,\N,R,7,0,16,\N,\N,\N,\N,\N,\N,3
16424,669,346,180,17,3,\N,R,8,0,17,\N,\N,\N,\N,\N,\N,24
16425,669,306,82,1,8,\N,R,9,0,11,\N,\N,\N,\N,\N,\N,3
16426,669,361,66,16,11,\N,R,10,0,11,\N,\N,\N,\N,\N,\N,83
16427,669,364,190,19,16,\N,R,11,0,9,\N,\N,\N,\N,\N,\N,5
16428,669,358,191,3,5,\N,R,12,0,8,\N,\N,\N,\N,\N,\N,3
16429,669,356,191,2,12,\N,R,13,0,7,\N,\N,\N,\N,\N,\N,22
16430,669,359,196,11,2,\N,R,14,0,3,\N,\N,\N,\N,\N,\N,86
16431,669,360,187,14,7,\N,R,15,0,0,\N,\N,\N,\N,\N,\N,3
16432,669,262,180,10,13,\N,R,16,0,0,\N,\N,\N,\N,\N,\N,3
16433,669,347,194,18,0,\N,F,17,0,0,\N,\N,\N,\N,\N,\N,81
16434,669,351,191,21,0,\N,F,18,0,0,\N,\N,\N,\N,\N,\N,81
16435,670,360,187,5,6,1,1,1,9,28,1:40:02.1,6002100,\N,\N,\N,\N,1
16436,670,345,66,11,8,2,2,2,6,28,+12.1,6014200,\N,\N,\N,\N,1
16437,670,235,6,23,3,3,3,3,4,28,+39.6,6041700,\N,\N,\N,\N,1
16438,670,328,196,7,2,4,4,4,3,27,\N,\N,\N,\N,\N,\N,60
16439,670,262,180,2,15,5,5,5,2,26,\N,\N,\N,\N,\N,\N,7
16440,670,376,195,15,12,6,6,6,1,26,\N,\N,\N,\N,\N,\N,12
16441,670,346,180,3,9,7,7,7,0,25,\N,\N,\N,\N,\N,\N,51
16442,670,306,82,10,13,8,8,8,0,25,\N,\N,\N,\N,\N,\N,13
16443,670,361,66,14,7,\N,R,9,0,22,\N,\N,\N,\N,\N,\N,5
16444,670,304,187,6,5,\N,R,10,0,18,\N,\N,\N,\N,\N,\N,86
16445,670,341,11,20,4,\N,R,11,0,11,\N,\N,\N,\N,\N,\N,22
16446,670,278,6,22,1,\N,R,12,0,8,\N,\N,\N,\N,\N,\N,21
16447,670,312,195,16,11,\N,R,13,0,6,\N,\N,\N,\N,\N,\N,20
16448,670,370,66,12,18,\N,R,14,0,6,\N,\N,\N,\N,\N,\N,108
16449,670,356,191,18,10,\N,R,15,0,6,\N,\N,\N,\N,\N,\N,37
16450,670,289,180,1,14,\N,R,16,0,5,\N,\N,\N,\N,\N,\N,86
16451,670,358,191,19,17,\N,R,17,0,5,\N,\N,\N,\N,\N,\N,5
16452,670,347,194,17,16,\N,R,18,0,1,\N,\N,\N,\N,\N,\N,36
16453,671,328,196,8,5,1,1,1,9,90,2:46:11.2,9971200,\N,\N,\N,\N,1
16454,671,306,82,17,16,2,2,2,6,90,+1:33.93,10065130,\N,\N,\N,\N,1
16455,671,345,66,15,11,3,3,3,4,89,\N,\N,\N,\N,\N,\N,11
16456,671,235,6,10,6,4,4,4,3,88,\N,\N,\N,\N,\N,\N,12
16457,671,351,191,22,7,5,5,5,2,87,\N,\N,\N,\N,\N,\N,13
16458,671,278,6,9,1,6,6,6,1,85,\N,\N,\N,\N,\N,\N,15
16459,671,370,66,16,15,7,7,7,0,85,\N,\N,\N,\N,\N,\N,15
16460,671,347,194,19,19,8,8,8,0,82,\N,\N,\N,\N,\N,\N,18
16461,671,289,180,3,3,9,9,9,0,81,\N,\N,\N,\N,\N,\N,3
16462,671,262,180,4,10,\N,N,10,0,80,\N,\N,\N,\N,\N,\N,62
16463,671,364,191,18,12,\N,R,11,0,63,\N,\N,\N,\N,\N,\N,37
16464,671,346,180,21,13,\N,R,12,0,55,\N,\N,\N,\N,\N,\N,6
16465,671,341,11,7,9,\N,R,13,0,50,\N,\N,\N,\N,\N,\N,91
16466,671,361,66,20,14,\N,R,14,0,50,\N,\N,\N,\N,\N,\N,20
16467,671,358,191,6,2,\N,R,15,0,39,\N,\N,\N,\N,\N,\N,80
16468,671,356,191,5,4,\N,R,16,0,22,\N,\N,\N,\N,\N,\N,20
16469,671,360,187,2,8,\N,R,17,0,19,\N,\N,\N,\N,\N,\N,3
16470,671,304,187,1,7,\N,R,18,0,10,\N,\N,\N,\N,\N,\N,80
16471,671,376,195,14,18,\N,R,19,0,9,\N,\N,\N,\N,\N,\N,3
16472,672,235,6,26,3,1,1,1,9,60,2:25:40.9,8740900,\N,\N,\N,\N,1
16473,672,341,11,16,7,2,2,2,6,60,+1:58.6,8859500,\N,\N,\N,\N,1
16474,672,328,196,28,2,3,3,3,4,59,\N,\N,\N,\N,\N,\N,11
16475,672,350,195,30,17,4,4,4,3,58,\N,\N,\N,\N,\N,\N,12
16476,672,304,187,8,4,5,5,5,2,58,\N,\N,\N,\N,\N,\N,12
16477,672,361,66,36,14,6,6,6,1,57,\N,\N,\N,\N,\N,\N,13
16478,672,370,66,22,12,7,7,7,0,57,\N,\N,\N,\N,\N,\N,13
16479,672,360,187,10,6,8,8,8,0,56,\N,\N,\N,\N,\N,\N,14
16480,672,306,82,6,8,9,9,9,0,56,\N,\N,\N,\N,\N,\N,14
16481,672,278,6,24,5,10,10,10,0,55,\N,\N,\N,\N,\N,\N,15
16482,672,346,180,34,11,11,11,11,0,54,\N,\N,\N,\N,\N,\N,16
16483,672,345,66,20,10,\N,N,12,0,53,\N,\N,\N,\N,\N,\N,62
16484,672,358,191,2,1,\N,R,13,0,45,\N,\N,\N,\N,\N,\N,95
16485,672,356,191,4,13,\N,R,14,0,15,\N,\N,\N,\N,\N,\N,48
16486,672,289,180,12,9,\N,R,15,0,14,\N,\N,\N,\N,\N,\N,86
16487,672,359,195,32,15,\N,R,16,0,14,\N,\N,\N,\N,\N,\N,3
16488,672,377,11,18,16,\N,R,17,0,2,\N,\N,\N,\N,\N,\N,3
16489,673,346,180,22,4,1,1,1,9,80,2:01:20.3,7280300,\N,\N,\N,\N,1
16490,673,278,6,5,3,2,2,2,6,80,+4.4,7284700,\N,\N,\N,\N,1
16491,673,235,6,6,12,3,3,3,4,79,\N,\N,\N,\N,\N,\N,11
16492,673,304,187,1,11,4,4,4,3,79,\N,\N,\N,\N,\N,\N,11
16493,673,341,11,7,9,5,5,5,2,78,\N,\N,\N,\N,\N,\N,12
16494,673,328,196,14,7,6,6,6,1,78,\N,\N,\N,\N,\N,\N,12
16495,673,360,187,2,10,7,7,7,0,77,\N,\N,\N,\N,\N,\N,13
16496,673,361,66,20,16,8,8,8,0,72,\N,\N,\N,\N,\N,\N,18
16497,673,358,191,4,5,\N,R,9,0,55,\N,\N,\N,\N,\N,\N,95
16498,673,345,66,10,13,\N,R,10,0,52,\N,\N,\N,\N,\N,\N,5
16499,673,351,191,19,19,\N,N,11,0,52,\N,\N,\N,\N,\N,\N,62
16500,673,262,180,9,2,\N,R,12,0,43,\N,\N,\N,\N,\N,\N,7
16501,673,378,195,16,18,\N,R,13,0,34,\N,\N,\N,\N,\N,\N,80
16502,673,289,180,8,1,\N,R,14,0,26,\N,\N,\N,\N,\N,\N,86
16503,673,350,195,15,7,\N,R,15,0,26,\N,\N,\N,\N,\N,\N,5
16504,673,306,82,18,14,\N,R,16,0,11,\N,\N,\N,\N,\N,\N,5
16505,673,370,66,11,15,\N,R,17,0,10,\N,\N,\N,\N,\N,\N,21
16506,673,364,190,24,6,\N,R,18,0,8,\N,\N,\N,\N,\N,\N,48
16507,673,347,194,23,20,\N,R,19,0,6,\N,\N,\N,\N,\N,\N,5
16508,673,356,191,3,8,\N,R,20,0,0,\N,\N,\N,\N,\N,\N,5
16509,674,328,196,6,6,1,1,1,9,14,2:19:03.2,8343200,\N,\N,\N,\N,1
16510,674,289,180,3,4,2,2,2,6,14,+4:03.2,8586400,\N,\N,\N,\N,1
16511,674,358,191,5,3,3,3,3,4,14,+4:09.4,8592600,\N,\N,\N,\N,1
16512,674,235,6,9,1,4,4,4,3,14,+5:55.2,8698400,\N,\N,\N,\N,1
16513,674,356,191,4,15,5,5,5,2,14,+6:21.1,8724300,\N,\N,\N,\N,1
16514,674,345,66,10,14,6,6,6,1,14,+6:25.0,8728200,\N,\N,\N,\N,1
16515,674,304,187,1,11,7,7,7,0,14,+6:31.0,8734200,\N,\N,\N,\N,1
16516,674,361,66,22,8,8,8,8,0,14,+7:56.4,8819600,\N,\N,\N,\N,1
16517,674,364,190,14,10,9,9,9,0,14,+8:13.7,8836900,\N,\N,\N,\N,1
16518,674,365,26,18,18,10,10,10,0,14,+10:11.4,8954600,\N,\N,\N,\N,1
16519,674,262,180,21,13,11,11,11,0,13,\N,\N,\N,\N,\N,\N,11
16520,674,379,191,17,17,12,12,12,0,13,\N,\N,\N,\N,\N,\N,11
16521,674,360,1,2,16,13,13,13,0,13,\N,\N,\N,\N,\N,\N,11
16522,674,370,66,11,20,14,14,14,0,13,\N,\N,\N,\N,\N,\N,11
16523,674,278,6,8,2,\N,R,15,0,11,\N,\N,\N,\N,\N,\N,3
16524,674,306,82,12,12,\N,R,16,0,8,\N,\N,\N,\N,\N,\N,3
16525,674,346,180,16,9,\N,R,17,0,6,\N,\N,\N,\N,\N,\N,80
16526,674,376,195,19,19,\N,R,18,0,6,\N,\N,\N,\N,\N,\N,95
16527,674,341,11,7,7,\N,R,19,0,3,\N,\N,\N,\N,\N,\N,80
16528,674,350,195,20,5,\N,R,20,0,0,\N,\N,\N,\N,\N,\N,3
16529,675,304,187,1,7,1,1,1,9,68,1:40:14.8,6014800,\N,\N,\N,\N,1
16530,675,359,196,5,13,2,2,2,6,68,+1:28.4,6103200,\N,\N,\N,\N,1
16531,675,235,6,8,4,3,3,3,4,68,+1:28.6,6103400,\N,\N,\N,\N,1
16532,675,361,66,27,17,4,4,4,3,67,\N,\N,\N,\N,\N,\N,11
16533,675,306,82,6,18,5,5,5,2,66,\N,\N,\N,\N,\N,\N,12
16534,675,347,194,3,19,6,6,6,1,64,\N,\N,\N,\N,\N,\N,14
16535,675,346,180,20,9,\N,R,7,0,58,\N,\N,\N,\N,\N,\N,22
16536,675,356,191,10,16,\N,R,8,0,56,\N,\N,\N,\N,\N,\N,51
16537,675,328,196,4,6,\N,R,9,0,42,\N,\N,\N,\N,\N,\N,5
16538,675,322,11,15,14,\N,R,10,0,42,\N,\N,\N,\N,\N,\N,5
16539,675,262,180,19,11,\N,R,11,0,38,\N,\N,\N,\N,\N,\N,7
16540,675,360,187,2,2,\N,R,12,0,34,\N,\N,\N,\N,\N,\N,44
16541,675,358,191,11,10,\N,R,13,0,33,\N,\N,\N,\N,\N,\N,5
16542,675,345,66,26,15,\N,R,14,0,22,\N,\N,\N,\N,\N,\N,5
16543,675,364,190,21,12,\N,R,15,0,19,\N,\N,\N,\N,\N,\N,5
16544,675,289,180,16,5,\N,R,16,0,10,\N,\N,\N,\N,\N,\N,36
16545,675,341,11,14,1,\N,R,17,0,8,\N,\N,\N,\N,\N,\N,3
16546,675,278,6,9,3,\N,R,18,0,8,\N,\N,\N,\N,\N,\N,3
16547,675,321,6,7,8,\N,R,19,0,4,\N,\N,\N,\N,\N,\N,69
16548,675,350,195,23,20,\N,R,20,0,2,\N,\N,\N,\N,\N,\N,3
16549,675,380,66,28,0,\N,F,21,0,0,\N,\N,\N,\N,\N,\N,81
16550,675,351,191,12,0,\N,F,22,0,0,\N,\N,\N,\N,\N,\N,81
16551,676,304,187,1,6,1,1,1,9,90,2:27:11.2,8831200,\N,\N,\N,\N,1
16552,676,360,187,2,8,2,2,2,6,89,\N,\N,\N,\N,\N,\N,11
16553,676,345,66,16,12,3,3,3,4,88,\N,\N,\N,\N,\N,\N,12
16554,676,289,180,3,5,4,4,4,3,86,\N,\N,\N,\N,\N,\N,14
16555,676,350,195,21,16,5,5,5,2,86,\N,\N,\N,\N,\N,\N,14
16556,676,328,196,14,11,6,6,6,1,83,\N,\N,\N,\N,\N,\N,17
16557,676,306,82,18,15,\N,R,7,0,77,\N,\N,\N,\N,\N,\N,6
16558,676,278,6,9,2,\N,R,8,0,72,\N,\N,\N,\N,\N,\N,7
16559,676,359,196,15,13,\N,R,9,0,71,\N,\N,\N,\N,\N,\N,3
16560,676,376,195,20,18,\N,N,10,0,56,\N,\N,\N,\N,\N,\N,62
16561,676,280,82,19,19,\N,R,11,0,54,\N,\N,\N,\N,\N,\N,51
16562,676,358,191,6,1,\N,R,12,0,39,\N,\N,\N,\N,\N,\N,5
16563,676,262,180,4,19,\N,R,13,0,32,\N,\N,\N,\N,\N,\N,86
16564,676,356,191,5,10,\N,R,14,0,31,\N,\N,\N,\N,\N,\N,22
16565,676,346,180,12,3,\N,R,15,0,29,\N,\N,\N,\N,\N,\N,44
16566,676,364,187,11,4,\N,R,16,0,29,\N,\N,\N,\N,\N,\N,21
16567,676,361,66,24,14,\N,R,17,0,22,\N,\N,\N,\N,\N,\N,6
16568,676,343,180,27,20,\N,R,18,0,18,\N,\N,\N,\N,\N,\N,86
16569,676,341,11,8,7,\N,R,19,0,10,\N,\N,\N,\N,\N,\N,6
16570,676,347,194,22,17,\N,R,20,0,0,\N,\N,\N,\N,\N,\N,69
16571,676,235,6,10,0,\N,W,21,0,0,\N,\N,\N,\N,\N,\N,3
16572,677,328,196,15,2,1,1,1,9,108,1:59:20.29,7160290,\N,\N,\N,\N,1
16573,677,289,180,10,3,2,2,2,6,108,+24.68,7184970,\N,\N,\N,\N,1
16574,677,341,11,5,9,3,3,3,4,107,\N,\N,\N,\N,\N,\N,11
16575,677,364,187,14,7,4,4,4,3,107,\N,\N,\N,\N,\N,\N,11
16576,677,346,180,16,12,5,5,5,2,105,\N,\N,\N,\N,\N,\N,13
16577,677,360,187,2,10,6,6,6,1,103,\N,\N,\N,\N,\N,\N,15
16578,677,361,66,22,14,\N,R,7,0,93,\N,\N,\N,\N,\N,\N,60
16579,677,304,1,1,5,\N,R,8,0,92,\N,\N,\N,\N,\N,\N,3
16580,677,376,195,19,20,\N,N,9,0,88,\N,\N,\N,\N,\N,\N,62
16581,677,356,191,3,8,\N,R,10,0,77,\N,\N,\N,\N,\N,\N,5
16582,677,358,191,4,6,\N,R,11,0,73,\N,\N,\N,\N,\N,\N,5
16583,677,350,195,18,17,\N,R,12,0,71,\N,\N,\N,\N,\N,\N,5
16584,677,345,66,8,11,\N,R,13,0,66,\N,\N,\N,\N,\N,\N,22
16585,677,347,194,17,18,\N,N,14,0,62,\N,\N,\N,\N,\N,\N,62
16586,677,278,6,6,4,\N,R,15,0,59,\N,\N,\N,\N,\N,\N,103
16587,677,306,82,21,13,\N,R,16,0,44,\N,\N,\N,\N,\N,\N,7
16588,677,381,66,9,19,\N,R,17,0,35,\N,\N,\N,\N,\N,\N,5
16589,677,207,180,12,1,\N,R,18,0,32,\N,\N,\N,\N,\N,\N,8
16590,677,321,6,7,15,\N,R,19,0,14,\N,\N,\N,\N,\N,\N,5
16591,677,262,180,11,0,\N,W,20,0,0,\N,\N,\N,\N,\N,\N,54
16592,678,289,180,10,3,1,1,1,9,65,1:56:43.95,7003950,\N,\N,\N,\N,1
16593,678,360,187,2,9,2,2,2,6,65,+1:19.32,7083270,\N,\N,\N,\N,1
16594,678,262,180,11,14,3,3,3,4,65,+1:40.65,7104600,\N,\N,\N,\N,1
16595,678,345,66,8,12,4,4,4,3,65,+1:41.09,7105040,\N,\N,\N,\N,1
16596,678,347,11,17,18,5,5,5,2,64,\N,\N,\N,\N,\N,\N,11
16597,678,346,180,16,1,6,6,6,1,64,\N,\N,\N,\N,\N,\N,11
16598,678,328,196,15,7,7,7,7,0,64,\N,\N,\N,\N,\N,\N,11
16599,678,350,195,18,17,8,8,8,0,63,\N,\N,\N,\N,\N,\N,12
16600,678,280,82,9,20,9,9,9,0,62,\N,\N,\N,\N,\N,\N,13
16601,678,356,191,3,8,10,10,10,0,59,\N,\N,\N,\N,\N,\N,51
16602,678,359,196,23,16,\N,R,11,0,57,\N,\N,\N,\N,\N,\N,80
16603,678,364,187,14,5,\N,R,12,0,28,\N,\N,\N,\N,\N,\N,22
16604,678,361,66,22,19,\N,R,13,0,25,\N,\N,\N,\N,\N,\N,5
16605,678,376,195,19,21,\N,R,14,0,21,\N,\N,\N,\N,\N,\N,5
16606,678,341,11,5,6,\N,R,15,0,17,\N,\N,\N,\N,\N,\N,25
16607,678,278,6,6,2,\N,R,16,0,16,\N,\N,\N,\N,\N,\N,7
16608,678,382,180,12,11,\N,R,17,0,14,\N,\N,\N,\N,\N,\N,41
16609,678,304,187,1,4,\N,R,18,0,10,\N,\N,\N,\N,\N,\N,22
16610,678,306,82,21,13,\N,R,19,0,10,\N,\N,\N,\N,\N,\N,22
16611,678,235,6,7,15,\N,R,20,0,3,\N,\N,\N,\N,\N,\N,80
16612,678,358,191,4,10,\N,R,21,0,2,\N,\N,\N,\N,\N,\N,80
16613,679,345,167,4,4,1,1,1,9,80,2:05:45.9,7545900,\N,\N,\N,\N,1
16614,679,340,170,17,5,2,2,2,6,80,+26.4,7572300,\N,\N,\N,\N,1
16615,679,341,11,11,6,3,3,3,4,79,\N,\N,\N,\N,\N,\N,11
16616,679,304,191,2,2,4,4,4,3,78,\N,\N,\N,\N,\N,\N,12
16617,679,383,183,14,10,5,5,5,2,78,\N,\N,\N,\N,\N,\N,12
16618,679,356,191,1,1,6,6,6,1,76,\N,\N,\N,\N,\N,\N,14
16619,679,293,183,19,8,\N,N,7,0,63,\N,\N,\N,\N,\N,\N,62
16620,679,384,183,20,17,\N,N,8,0,60,\N,\N,\N,\N,\N,\N,62
16621,679,368,184,18,14,\N,R,9,0,56,\N,\N,\N,\N,\N,\N,3
16622,679,361,176,16,18,\N,R,10,0,51,\N,\N,\N,\N,\N,\N,69
16623,679,364,189,9,11,\N,R,11,0,44,\N,\N,\N,\N,\N,\N,22
16624,679,346,167,12,16,\N,R,12,0,41,\N,\N,\N,\N,\N,\N,5
16625,679,358,167,3,7,\N,R,13,0,38,\N,\N,\N,\N,\N,\N,5
16626,679,374,66,6,13,\N,R,14,0,31,\N,\N,\N,\N,\N,\N,44
16627,679,347,167,15,12,\N,R,15,0,30,\N,\N,\N,\N,\N,\N,5
16628,679,373,176,7,3,\N,R,16,0,22,\N,\N,\N,\N,\N,\N,5
16629,679,289,176,8,15,\N,R,17,0,6,\N,\N,\N,\N,\N,\N,3
16630,679,328,66,5,9,\N,R,18,0,2,\N,\N,\N,\N,\N,\N,5
16631,680,304,191,9,4,1,1,1,9,100,2:34:34.3,9274300,\N,\N,\N,\N,1
16632,680,289,176,14,8,2,2,2,6,99,\N,\N,\N,\N,\N,\N,11
16633,680,278,6,20,14,3,3,3,4,98,\N,\N,\N,\N,\N,\N,12
16634,680,360,194,16,10,4,4,4,3,98,\N,\N,\N,\N,\N,\N,13
16635,680,345,167,11,16,5,5,5,2,96,\N,\N,\N,\N,\N,\N,14
16636,680,374,66,5,12,6,6,6,1,96,\N,\N,\N,\N,\N,\N,14
16637,680,385,6,18,2,\N,R,7,0,81,\N,\N,\N,\N,\N,\N,3
16638,680,361,66,6,13,\N,R,8,0,64,\N,\N,\N,\N,\N,\N,20
16639,680,373,172,12,5,\N,R,9,0,42,\N,\N,\N,\N,\N,\N,22
16640,680,341,11,7,3,\N,R,10,0,32,\N,\N,\N,\N,\N,\N,5
16641,680,346,167,17,9,\N,R,11,0,31,\N,\N,\N,\N,\N,\N,51
16642,680,328,66,4,6,\N,R,12,0,14,\N,\N,\N,\N,\N,\N,24
16643,680,358,167,10,15,\N,R,13,0,14,\N,\N,\N,\N,\N,\N,6
16644,680,364,190,23,7,\N,R,14,0,4,\N,\N,\N,\N,\N,\N,48
16645,680,359,82,2,11,\N,R,15,0,4,\N,\N,\N,\N,\N,\N,98
16646,680,356,191,8,1,\N,R,16,0,0,\N,\N,\N,\N,\N,\N,5
16647,680,383,183,15,0,\N,F,17,0,0,\N,\N,\N,\N,\N,\N,81
16648,680,306,82,1,0,\N,F,18,0,0,\N,\N,\N,\N,\N,\N,81
16649,680,386,189,22,0,\N,F,19,0,0,\N,\N,\N,\N,\N,\N,81
16650,681,373,180,5,8,1,1,1,9,90,2:14:45.1,8085100,\N,\N,\N,\N,1
16651,681,356,191,1,3,2,2,2,6,90,+23.6,8108700,\N,\N,\N,\N,1
16652,681,304,191,2,7,3,3,3,4,90,+25.7,8110800,\N,\N,\N,\N,1
16653,681,278,6,3,9,4,4,4,3,90,+27.3,8112400,\N,\N,\N,\N,1
16654,681,387,6,4,10,5,5,5,2,89,\N,\N,\N,\N,\N,\N,11
16655,681,375,6,22,15,6,6,6,1,89,\N,\N,\N,\N,\N,\N,11
16656,681,388,176,18,13,7,7,7,0,88,\N,\N,\N,\N,\N,\N,12
16657,681,374,66,10,12,8,8,8,0,87,\N,\N,\N,\N,\N,\N,13
16658,681,383,183,21,17,9,9,9,0,86,\N,\N,\N,\N,\N,\N,14
16659,681,346,167,20,16,10,10,10,0,83,\N,\N,\N,\N,\N,\N,17
16660,681,341,11,7,6,\N,R,11,0,73,\N,\N,\N,\N,\N,\N,37
16661,681,328,66,9,11,\N,R,12,0,51,\N,\N,\N,\N,\N,\N,23
16662,681,358,167,12,4,\N,R,13,0,41,\N,\N,\N,\N,\N,\N,22
16663,681,345,167,14,5,\N,R,14,0,39,\N,\N,\N,\N,\N,\N,6
16664,681,289,180,6,1,\N,R,15,0,11,\N,\N,\N,\N,\N,\N,5
16665,681,364,190,15,2,\N,R,16,0,8,\N,\N,\N,\N,\N,\N,98
16666,681,360,194,17,14,\N,R,17,0,1,\N,\N,\N,\N,\N,\N,3
16667,682,364,190,36,2,1,1,1,9,28,1:40:49.4,6049400,\N,\N,\N,\N,1
16668,682,328,66,14,6,2,2,2,6,28,+1:03.0,6112400,\N,\N,\N,\N,1
16669,682,278,6,1,5,3,3,3,4,28,+1:40.0,6149400,\N,\N,\N,\N,1
16670,682,358,167,29,4,4,4,4,3,28,+2:13.9,6183300,\N,\N,\N,\N,1
16671,682,374,66,12,11,5,5,5,2,27,\N,\N,\N,\N,\N,\N,11
16672,682,373,180,21,1,6,6,6,1,27,\N,\N,\N,\N,\N,\N,11
16673,682,346,167,34,16,7,7,7,0,27,\N,\N,\N,\N,\N,\N,11
16674,682,383,183,19,17,8,8,8,0,26,\N,\N,\N,\N,\N,\N,12
16675,682,345,167,30,13,9,9,9,0,25,\N,\N,\N,\N,\N,\N,5
16676,682,389,167,32,18,10,10,10,0,25,\N,\N,\N,\N,\N,\N,13
16677,682,375,6,2,9,\N,N,11,0,24,\N,\N,\N,\N,\N,\N,62
16678,682,356,191,25,7,\N,R,12,0,15,\N,\N,\N,\N,\N,\N,5
16679,682,304,191,26,14,\N,R,13,0,14,\N,\N,\N,\N,\N,\N,5
16680,682,347,167,39,12,\N,R,14,0,10,\N,\N,\N,\N,\N,\N,5
16681,682,289,180,22,3,\N,R,15,0,3,\N,\N,\N,\N,\N,\N,8
16682,682,341,11,7,10,\N,R,16,0,1,\N,\N,\N,\N,\N,\N,5
16683,682,388,66,17,15,\N,R,17,0,1,\N,\N,\N,\N,\N,\N,5
16684,682,387,6,3,8,\N,R,18,0,0,\N,\N,\N,\N,\N,\N,3
16685,683,356,191,3,2,1,1,1,9,80,2:13:21.3,8001300,\N,\N,\N,\N,1
16686,683,304,191,4,6,2,2,2,6,80,+49.5,8050800,\N,\N,\N,\N,1
16687,683,328,66,10,10,3,3,3,4,79,\N,\N,\N,\N,\N,\N,11
16688,683,346,167,18,11,4,4,4,3,77,\N,\N,\N,\N,\N,\N,13
16689,683,388,66,15,9,5,5,5,2,76,\N,\N,\N,\N,\N,\N,5
16690,683,345,167,14,13,6,6,6,1,76,\N,\N,\N,\N,\N,\N,14
16691,683,389,167,16,15,\N,N,7,0,68,\N,\N,\N,\N,\N,\N,62
16692,683,278,6,2,7,\N,R,8,0,47,\N,\N,\N,\N,\N,\N,37
16693,683,364,190,9,3,\N,R,9,0,40,\N,\N,\N,\N,\N,\N,95
16694,683,358,167,12,8,\N,R,10,0,33,\N,\N,\N,\N,\N,\N,5
16695,683,360,190,8,5,\N,R,11,0,26,\N,\N,\N,\N,\N,\N,80
16696,683,373,180,6,4,\N,R,12,0,23,\N,\N,\N,\N,\N,\N,24
16697,683,383,183,17,14,\N,R,13,0,16,\N,\N,\N,\N,\N,\N,80
16698,683,289,180,7,1,\N,R,14,0,13,\N,\N,\N,\N,\N,\N,24
16699,683,374,66,11,12,\N,R,15,0,9,\N,\N,\N,\N,\N,\N,86
16700,684,373,180,5,1,1,1,1,9,80,1:59:25.6,7165600,\N,\N,\N,\N,1
16701,684,304,191,2,4,2,2,2,6,80,+12.8,7178400,\N,\N,\N,\N,1
16702,684,278,6,8,6,3,3,3,4,80,+16.6,7182200,\N,\N,\N,\N,1
16703,684,356,191,1,3,4,4,4,3,80,+21.8,7187400,\N,\N,\N,\N,1
16704,684,345,167,12,9,5,5,5,2,79,\N,\N,\N,\N,\N,\N,11
16705,684,341,11,7,7,6,6,6,1,78,\N,\N,\N,\N,\N,\N,12
16706,684,388,66,15,13,7,7,7,0,77,\N,\N,\N,\N,\N,\N,13
16707,684,322,66,20,14,8,8,8,0,77,\N,\N,\N,\N,\N,\N,13
16708,684,390,167,14,15,9,9,9,0,76,\N,\N,\N,\N,\N,\N,14
16709,684,389,191,18,21,10,10,10,0,76,\N,\N,\N,\N,\N,\N,14
16710,684,383,183,19,17,\N,R,11,0,67,\N,\N,\N,\N,\N,\N,5
16711,684,289,180,6,2,\N,R,12,0,64,\N,\N,\N,\N,\N,\N,5
16712,684,374,66,4,11,\N,R,13,0,44,\N,\N,\N,\N,\N,\N,80
16713,684,364,190,9,5,\N,R,14,0,34,\N,\N,\N,\N,\N,\N,8
16714,684,351,193,22,20,\N,R,15,0,29,\N,\N,\N,\N,\N,\N,51
16715,684,358,167,11,8,\N,R,16,0,26,\N,\N,\N,\N,\N,\N,5
16716,684,328,66,3,12,\N,R,17,0,20,\N,\N,\N,\N,\N,\N,7
16717,684,360,190,10,10,\N,R,18,0,14,\N,\N,\N,\N,\N,\N,5
16718,684,346,167,17,18,\N,R,19,0,10,\N,\N,\N,\N,\N,\N,5
16719,684,347,167,23,9,\N,R,20,0,0,\N,\N,\N,\N,\N,\N,5
16720,684,361,66,16,0,\N,W,21,0,0,\N,\N,\N,\N,\N,\N,54
16721,685,304,191,2,2,1,1,1,9,15,2:05:55.7,7555700,\N,\N,\N,\N,1
16722,685,356,191,1,7,2,2,2,6,15,+38.5,7594200,\N,\N,\N,\N,1
16723,685,278,6,8,8,3,3,3,4,15,+39.0,7594700,\N,\N,\N,\N,1
16724,685,341,11,7,6,4,4,4,3,15,+2:25.7,7701400,\N,\N,\N,\N,1
16725,685,262,180,24,19,5,5,5,0,15,+5:30.7,7886400,\N,\N,\N,\N,1
16726,685,347,167,16,16,6,6,6,2,15,+8:42.1,8077800,\N,\N,\N,\N,1
16727,685,390,182,22,20,7,7,7,0,15,+8:47.9,8083600,\N,\N,\N,\N,1
16728,685,389,191,15,17,8,8,8,1,14,\N,\N,\N,\N,\N,\N,11
16729,685,388,66,18,15,9,9,9,0,13,\N,\N,\N,\N,\N,\N,12
16730,685,322,26,27,22,10,10,10,0,13,\N,\N,\N,\N,\N,\N,12
16731,685,345,167,6,10,11,11,11,0,13,\N,\N,\N,\N,\N,\N,12
16732,685,364,190,9,4,\N,R,12,0,12,\N,\N,\N,\N,\N,\N,86
16733,685,235,82,29,18,\N,R,13,0,12,\N,\N,\N,\N,\N,\N,22
16734,685,391,90,25,25,\N,N,14,0,12,\N,\N,\N,\N,\N,\N,13
16735,685,346,167,14,12,\N,R,15,0,12,\N,\N,\N,\N,\N,\N,48
16736,685,289,180,4,13,\N,R,16,0,8,\N,\N,\N,\N,\N,\N,22
16737,685,365,26,17,14,\N,R,17,0,6,\N,\N,\N,\N,\N,\N,22
16738,685,328,66,11,3,\N,R,18,0,5,\N,\N,\N,\N,\N,\N,24
16739,685,373,180,3,1,\N,R,19,0,4,\N,\N,\N,\N,\N,\N,22
16740,685,358,167,5,9,\N,R,20,0,4,\N,\N,\N,\N,\N,\N,21
16741,685,379,90,26,23,\N,R,21,0,4,\N,\N,\N,\N,\N,\N,21
16742,685,360,190,10,5,\N,R,22,0,3,\N,\N,\N,\N,\N,\N,44
16743,685,374,66,12,11,\N,R,23,0,3,\N,\N,\N,\N,\N,\N,24
16744,685,377,82,23,21,\N,R,24,0,2,\N,\N,\N,\N,\N,\N,5
16745,686,356,191,1,7,1,1,1,9,90,2:40:40.0,9640000,\N,\N,\N,\N,1
16746,686,304,191,2,3,2,2,2,6,90,+1:01.9,9701900,\N,\N,\N,\N,1
16747,686,364,190,10,5,3,3,3,4,89,\N,\N,\N,\N,\N,\N,11
16748,686,289,180,4,2,4,4,4,3,88,\N,\N,\N,\N,\N,\N,12
16749,686,374,66,16,10,5,5,5,2,87,\N,\N,\N,\N,\N,\N,13
16750,686,278,6,20,4,6,6,6,1,87,\N,\N,\N,\N,\N,\N,13
16751,686,360,194,19,6,7,7,7,0,86,\N,\N,\N,\N,\N,\N,14
16752,686,347,167,9,14,8,8,8,0,85,\N,\N,\N,\N,\N,\N,15
16753,686,322,66,12,12,9,9,9,0,85,\N,\N,\N,\N,\N,\N,15
16754,686,370,167,8,13,10,10,10,0,84,\N,\N,\N,\N,\N,\N,16
16755,686,392,176,6,17,11,11,11,0,81,\N,\N,\N,\N,\N,\N,19
16756,686,373,180,3,1,\N,R,12,0,69,\N,\N,\N,\N,\N,\N,80
16757,686,326,180,5,16,\N,D,13,0,69,\N,\N,\N,\N,\N,\N,2
16758,686,328,66,15,9,\N,R,14,0,65,\N,\N,\N,\N,\N,\N,37
16759,686,371,189,11,15,\N,N,15,0,47,\N,\N,\N,\N,\N,\N,62
16760,686,388,66,17,11,\N,R,16,0,18,\N,\N,\N,\N,\N,\N,20
16761,686,358,167,71,8,\N,R,17,0,4,\N,\N,\N,\N,\N,\N,80
16762,686,393,170,41,0,\N,F,18,0,0,\N,\N,\N,\N,\N,\N,81
16763,687,341,11,14,9,1,1,1,9,68,1:43:45.0,6225000,\N,\N,\N,\N,1
16764,687,356,191,16,2,2,2,2,6,68,+0.2,6225200,\N,\N,\N,\N,1
16765,687,373,180,20,1,3,3,3,4,68,+23.1,6248100,\N,\N,\N,\N,1
16766,687,358,167,30,11,4,4,4,3,68,+56.6,6281600,\N,\N,\N,\N,1
16767,687,374,66,36,12,5,5,5,2,67,\N,\N,\N,\N,\N,\N,11
16768,687,235,167,32,15,6,6,6,1,66,\N,\N,\N,\N,\N,\N,12
16769,687,278,6,2,4,7,7,7,0,64,\N,\N,\N,\N,\N,\N,14
16770,687,289,180,22,8,\N,R,8,0,58,\N,\N,\N,\N,\N,\N,5
16771,687,346,167,6,13,\N,R,9,0,50,\N,\N,\N,\N,\N,\N,3
16772,687,394,180,24,17,\N,R,10,0,50,\N,\N,\N,\N,\N,\N,5
16773,687,360,194,4,3,\N,R,11,0,46,\N,\N,\N,\N,\N,\N,5
16774,687,347,167,26,14,\N,R,12,0,46,\N,\N,\N,\N,\N,\N,25
16775,687,328,66,34,7,\N,R,13,0,45,\N,\N,\N,\N,\N,\N,5
16776,687,304,191,18,6,\N,R,14,0,30,\N,\N,\N,\N,\N,\N,25
16777,687,389,191,12,18,\N,R,15,0,26,\N,\N,\N,\N,\N,\N,5
16778,687,388,66,38,16,\N,R,16,0,16,\N,\N,\N,\N,\N,\N,98
16779,687,375,190,10,10,\N,R,17,0,5,\N,\N,\N,\N,\N,\N,5
16780,687,364,190,8,5,\N,R,18,0,4,\N,\N,\N,\N,\N,\N,5
16781,688,373,180,5,2,1,1,1,9,108,2:03:13.2,7393200,\N,\N,\N,\N,1
16782,688,289,180,6,1,2,2,2,6,108,+6.3,7399500,\N,\N,\N,\N,1
16783,688,304,191,2,6,3,3,3,4,107,\N,\N,\N,\N,\N,\N,11
16784,688,346,167,15,12,4,4,4,3,106,\N,\N,\N,\N,\N,\N,12
16785,688,356,191,1,5,5,5,5,2,104,\N,\N,\N,\N,\N,\N,14
16786,688,347,167,16,15,6,6,6,1,101,\N,\N,\N,\N,\N,\N,17
16787,688,306,187,22,18,7,7,7,0,101,\N,\N,\N,\N,\N,\N,17
16788,688,341,11,3,11,\N,R,8,0,96,\N,\N,\N,\N,\N,\N,91
16789,688,278,6,9,4,\N,R,9,0,95,\N,\N,\N,\N,\N,\N,5
16790,688,328,66,7,10,\N,R,10,0,72,\N,\N,\N,\N,\N,\N,98
16791,688,235,167,21,16,\N,R,11,0,45,\N,\N,\N,\N,\N,\N,25
16792,688,389,191,19,17,\N,R,12,0,43,\N,\N,\N,\N,\N,\N,5
16793,688,388,66,17,14,\N,R,13,0,41,\N,\N,\N,\N,\N,\N,5
16794,688,374,66,8,13,\N,R,14,0,35,\N,\N,\N,\N,\N,\N,5
16795,688,358,167,4,8,\N,R,15,0,33,\N,\N,\N,\N,\N,\N,5
16796,688,364,190,11,3,\N,R,16,0,24,\N,\N,\N,\N,\N,\N,22
16797,688,360,194,14,9,\N,R,17,0,16,\N,\N,\N,\N,\N,\N,47
16798,688,382,180,18,7,\N,R,18,0,7,\N,\N,\N,\N,\N,\N,80
16799,689,373,180,5,1,1,1,1,9,65,1:59:28.70,7168700,\N,\N,\N,\N,1
16800,689,356,191,1,5,2,2,2,6,65,+1:25.36,7254060,\N,\N,\N,\N,1
16801,689,304,191,2,6,3,3,3,4,64,\N,\N,\N,\N,\N,\N,11
16802,689,341,11,3,7,4,4,4,3,64,\N,\N,\N,\N,\N,\N,11
16803,689,374,66,8,11,5,5,5,2,63,\N,\N,\N,\N,\N,\N,12
16804,689,345,167,21,13,6,6,6,1,63,\N,\N,\N,\N,\N,\N,12
16805,689,306,187,22,14,7,7,7,0,63,\N,\N,\N,\N,\N,\N,12
16806,689,395,6,12,16,8,8,8,0,63,\N,\N,\N,\N,\N,\N,12
16807,689,278,6,9,2,9,9,9,0,62,\N,\N,\N,\N,\N,\N,60
16808,689,347,167,16,17,10,10,10,0,61,\N,\N,\N,\N,\N,\N,14
16809,689,389,191,19,19,11,11,11,0,41,\N,\N,\N,\N,\N,\N,14
16810,689,346,167,15,10,12,12,12,0,59,\N,\N,\N,\N,\N,\N,25
16811,689,360,194,14,8,\N,R,13,0,45,\N,\N,\N,\N,\N,\N,51
16812,689,388,66,17,15,\N,R,14,0,33,\N,\N,\N,\N,\N,\N,44
16813,689,328,66,7,12,\N,R,15,0,24,\N,\N,\N,\N,\N,\N,5
16814,689,289,180,6,4,\N,R,16,0,18,\N,\N,\N,\N,\N,\N,86
16815,689,382,176,18,9,\N,R,17,0,12,\N,\N,\N,\N,\N,\N,22
16816,689,364,189,11,3,\N,R,18,0,4,\N,\N,\N,\N,\N,\N,21
16817,689,392,176,10,10,\N,R,19,0,0,\N,\N,\N,\N,\N,\N,69
16818,690,328,66,12,3,1,1,1,9,100,2:33:10.5,9190500,\N,\N,\N,\N,1
16819,690,385,6,16,5,2,2,2,6,100,+40.2,9230700,\N,\N,\N,\N,1
16820,690,289,66,11,4,3,3,3,4,99,\N,\N,\N,\N,\N,\N,11
16821,690,396,66,19,16,4,4,4,3,95,\N,\N,\N,\N,\N,\N,15
16822,690,386,167,9,9,\N,R,5,0,80,\N,\N,\N,\N,\N,\N,7
16823,690,389,167,21,15,\N,N,6,0,75,\N,\N,\N,\N,\N,\N,62
16824,690,347,167,18,16,\N,N,7,0,73,\N,\N,\N,\N,\N,\N,62
16825,690,373,172,4,1,\N,R,8,0,60,\N,\N,\N,\N,\N,\N,22
16826,690,358,167,10,7,\N,R,9,0,56,\N,\N,\N,\N,\N,\N,5
16827,690,346,181,14,13,\N,R,10,0,35,\N,\N,\N,\N,\N,\N,8
16828,690,374,176,6,12,\N,R,11,0,34,\N,\N,\N,\N,\N,\N,22
16829,690,356,191,7,11,\N,R,12,0,17,\N,\N,\N,\N,\N,\N,6
16830,690,341,6,17,2,\N,R,13,0,16,\N,\N,\N,\N,\N,\N,7
16831,690,304,183,8,6,\N,R,14,0,15,\N,\N,\N,\N,\N,\N,7
16832,690,360,187,2,10,\N,R,15,0,9,\N,\N,\N,\N,\N,\N,44
16833,690,383,183,15,8,\N,R,16,0,3,\N,\N,\N,\N,\N,\N,5
16834,691,341,6,6,1,1,1,1,9,28,2:09:11.3,7751300,\N,\N,\N,\N,1
16835,691,358,167,19,2,2,2,2,6,28,+42.1,7793400,\N,\N,\N,\N,1
16836,691,385,6,7,5,3,3,3,4,27,\N,\N,\N,\N,\N,\N,11
16837,691,356,191,3,4,4,4,4,3,26,\N,\N,\N,\N,\N,\N,12
16838,691,386,167,18,8,5,5,5,2,25,\N,\N,\N,\N,\N,\N,13
16839,691,389,167,22,12,\N,N,6,0,24,\N,\N,\N,\N,\N,\N,62
16840,691,364,189,27,15,\N,N,7,0,23,\N,\N,\N,\N,\N,\N,62
16841,691,328,66,15,3,\N,R,8,0,0,\N,\N,\N,\N,\N,\N,3
16842,691,347,167,20,6,\N,R,9,0,0,\N,\N,\N,\N,\N,\N,3
16843,691,374,176,16,7,\N,R,10,0,0,\N,\N,\N,\N,\N,\N,3
16844,691,289,66,14,9,\N,R,11,0,0,\N,\N,\N,\N,\N,\N,3
16845,691,373,172,10,10,\N,R,12,0,0,\N,\N,\N,\N,\N,\N,5
16846,691,396,66,8,11,\N,R,13,0,0,\N,\N,\N,\N,\N,\N,3
16847,691,304,183,4,13,\N,R,14,0,0,\N,\N,\N,\N,\N,\N,3
16848,691,346,167,21,14,\N,R,15,0,0,\N,\N,\N,\N,\N,\N,3
16849,691,360,188,24,0,\N,W,16,0,0,\N,\N,\N,\N,\N,\N,54
16850,691,397,176,11,0,\N,W,17,0,0,\N,\N,\N,\N,\N,\N,5
16851,691,398,66,8,0,\N,W,18,0,0,\N,\N,\N,\N,\N,\N,54
16852,692,356,191,12,4,1,1,1,9,48,1:48:31.3,6511300,\N,\N,\N,\N,1
16853,692,387,6,22,3,2,2,2,6,48,+9.5,6520800,\N,\N,\N,\N,1
16854,692,304,191,14,9,3,3,3,4,46,\N,\N,\N,\N,\N,\N,12
16855,692,358,167,6,5,4,4,4,3,46,\N,\N,\N,\N,\N,\N,12
16856,692,364,189,26,14,5,5,5,2,45,\N,\N,\N,\N,\N,\N,13
16857,692,399,181,44,15,6,6,6,1,45,\N,\N,\N,\N,\N,\N,13
16858,692,383,183,36,12,7,7,7,0,44,\N,\N,\N,\N,\N,\N,14
16859,692,278,167,8,7,8,8,8,0,44,\N,\N,\N,\N,\N,\N,14
16860,692,389,167,42,11,\N,N,9,0,42,\N,\N,\N,\N,\N,\N,62
16861,692,345,172,2,13,\N,R,10,0,40,\N,\N,\N,\N,\N,\N,44
16862,692,385,6,20,1,\N,N,11,0,37,\N,\N,\N,\N,\N,\N,62
16863,692,347,183,30,17,\N,N,12,0,32,\N,\N,\N,\N,\N,\N,62
16864,692,289,66,16,8,\N,R,13,0,13,\N,\N,\N,\N,\N,\N,5
16865,692,346,167,38,6,\N,R,14,0,10,\N,\N,\N,\N,\N,\N,69
16866,692,374,176,32,10,\N,R,15,0,8,\N,\N,\N,\N,\N,\N,8
16867,692,341,167,10,2,\N,R,16,0,5,\N,\N,\N,\N,\N,\N,69
16868,692,397,176,4,16,\N,R,17,0,3,\N,\N,\N,\N,\N,\N,6
16869,693,356,191,5,1,1,1,1,9,80,2:13:13.4,7993400,\N,\N,\N,\N,1
16870,693,304,191,6,2,2,2,2,6,80,+9.6,8003000,\N,\N,\N,\N,1
16871,693,289,66,3,4,3,3,3,4,79,\N,\N,\N,\N,\N,\N,11
16872,693,373,172,1,5,4,4,4,3,79,\N,\N,\N,\N,\N,\N,11
16873,693,358,167,11,7,5,5,5,2,79,\N,\N,\N,\N,\N,\N,11
16874,693,360,188,14,13,6,6,6,1,78,\N,\N,\N,\N,\N,\N,12
16875,693,388,183,7,12,7,7,7,0,78,\N,\N,\N,\N,\N,\N,12
16876,693,399,181,22,16,8,8,8,0,76,\N,\N,\N,\N,\N,\N,14
16877,693,396,66,25,14,9,9,9,0,76,\N,\N,\N,\N,\N,\N,14
16878,693,389,167,19,17,10,10,10,0,75,\N,\N,\N,\N,\N,\N,15
16879,693,400,192,24,19,11,11,11,0,73,\N,\N,\N,\N,\N,\N,17
16880,693,383,183,21,10,\N,N,12,0,70,\N,\N,\N,\N,\N,\N,62
16881,693,346,167,20,11,\N,N,13,0,70,\N,\N,\N,\N,\N,\N,62
16882,693,341,167,12,6,\N,R,14,0,67,\N,\N,\N,\N,\N,\N,7
16883,693,347,183,18,15,\N,R,15,0,42,\N,\N,\N,\N,\N,\N,8
16884,693,397,176,2,20,\N,R,16,0,32,\N,\N,\N,\N,\N,\N,6
16885,693,328,66,4,8,\N,R,17,0,17,\N,\N,\N,\N,\N,\N,5
16886,693,374,176,17,9,\N,R,18,0,15,\N,\N,\N,\N,\N,\N,44
16887,693,364,189,16,3,\N,R,19,0,9,\N,\N,\N,\N,\N,\N,5
16888,693,401,91,23,18,\N,R,20,0,0,\N,\N,\N,\N,\N,\N,5
16889,694,356,191,16,1,1,1,1,9,90,2:20:32.5,8432500,\N,\N,\N,\N,1
16890,694,289,66,12,7,2,2,2,6,89,\N,\N,\N,\N,\N,\N,11
16891,694,373,172,6,3,3,3,3,4,88,\N,\N,\N,\N,\N,\N,12
16892,694,328,66,14,8,4,4,4,3,88,\N,\N,\N,\N,\N,\N,12
16893,694,374,176,32,12,5,5,5,2,87,\N,\N,\N,\N,\N,\N,13
16894,694,385,6,2,9,6,6,6,1,87,\N,\N,\N,\N,\N,\N,13
16895,694,347,167,30,13,7,7,7,0,84,\N,\N,\N,\N,\N,\N,16
16896,694,399,181,38,17,8,8,8,0,84,\N,\N,\N,\N,\N,\N,16
16897,694,389,167,36,16,9,9,9,0,84,\N,\N,\N,\N,\N,\N,16
16898,694,346,167,28,11,\N,R,10,0,79,\N,\N,\N,\N,\N,\N,5
16899,694,383,183,34,14,\N,R,11,0,73,\N,\N,\N,\N,\N,\N,22
16900,694,341,167,24,10,\N,R,12,0,44,\N,\N,\N,\N,\N,\N,10
16901,694,304,191,18,2,\N,R,13,0,37,\N,\N,\N,\N,\N,\N,80
16902,694,397,176,8,15,\N,R,14,0,28,\N,\N,\N,\N,\N,\N,80
16903,694,364,189,10,4,\N,R,15,0,26,\N,\N,\N,\N,\N,\N,44
16904,694,387,6,4,5,\N,R,16,0,10,\N,\N,\N,\N,\N,\N,3
16905,694,358,167,26,6,\N,R,17,0,2,\N,\N,\N,\N,\N,\N,3
16906,695,356,191,3,5,1,1,1,9,15,2:27:03.0,8823000,\N,\N,\N,\N,1
16907,695,341,167,7,2,2,2,2,6,15,+44.4,8867400,\N,\N,\N,\N,1
16908,695,358,167,8,9,3,3,3,4,15,+2:32.6,8975600,\N,\N,\N,\N,1
16909,695,289,66,5,10,4,4,4,3,15,+6:41.4,9224400,\N,\N,\N,\N,1
16910,695,328,66,6,3,5,5,5,2,15,+8:28.9,9331900,\N,\N,\N,\N,1
16911,695,385,6,9,6,6,6,6,1,15,+10:56.4,9479400,\N,\N,\N,\N,1
16912,695,364,189,12,8,7,7,7,0,14,\N,\N,\N,\N,\N,\N,10
16913,695,397,176,2,17,8,8,8,0,14,\N,\N,\N,\N,\N,\N,11
16914,695,374,176,15,13,\N,R,9,0,12,\N,\N,\N,\N,\N,\N,91
16915,695,373,172,1,1,\N,R,10,0,11,\N,\N,\N,\N,\N,\N,3
16916,695,400,192,20,26,\N,R,11,0,10,\N,\N,\N,\N,\N,\N,22
16917,695,375,6,11,4,\N,R,12,0,9,\N,\N,\N,\N,\N,\N,10
16918,695,387,6,10,7,\N,R,13,0,9,\N,\N,\N,\N,\N,\N,3
16919,695,304,191,4,15,\N,R,14,0,8,\N,\N,\N,\N,\N,\N,80
16920,695,347,167,17,12,\N,R,15,0,3,\N,\N,\N,\N,\N,\N,8
16921,695,396,66,14,11,\N,R,16,0,3,\N,\N,\N,\N,\N,\N,5
16922,695,383,183,19,14,\N,R,17,0,2,\N,\N,\N,\N,\N,\N,7
16923,695,399,181,16,25,\N,R,18,0,0,\N,\N,\N,\N,\N,\N,3
16924,695,389,167,18,0,\N,W,19,0,0,\N,\N,\N,\N,\N,\N,82
16925,696,375,6,6,2,1,1,1,9,68,1:47:14.8,6434800,\N,\N,\N,\N,1
16926,696,387,6,4,1,2,2,2,6,68,+5.8,6440600,\N,\N,\N,\N,1
16927,696,304,191,12,10,3,3,3,4,68,+6.1,6440900,\N,\N,\N,\N,1
16928,696,358,167,16,8,4,4,4,3,67,\N,\N,\N,\N,\N,\N,11
16929,696,374,176,42,14,5,5,5,2,67,\N,\N,\N,\N,\N,\N,11
16930,696,383,183,40,15,6,6,6,1,66,\N,\N,\N,\N,\N,\N,12
16931,696,396,66,48,18,7,7,7,0,65,\N,\N,\N,\N,\N,\N,13
16932,696,397,176,24,13,8,8,8,0,63,\N,\N,\N,\N,\N,\N,5
16933,696,402,172,20,20,9,9,9,0,63,\N,\N,\N,\N,\N,\N,15
16934,696,394,6,44,16,\N,N,10,0,59,\N,\N,\N,\N,\N,\N,62
16935,696,373,176,22,3,\N,R,11,0,58,\N,\N,\N,\N,\N,\N,6
16936,696,346,167,36,17,\N,R,12,0,46,\N,\N,\N,\N,\N,\N,5
16937,696,385,6,2,5,\N,R,13,0,33,\N,\N,\N,\N,\N,\N,80
16938,696,341,167,14,4,\N,R,14,0,31,\N,\N,\N,\N,\N,\N,95
16939,696,386,11,18,7,\N,R,15,0,16,\N,\N,\N,\N,\N,\N,3
16940,696,356,191,10,6,\N,R,16,0,7,\N,\N,\N,\N,\N,\N,44
16941,696,364,190,30,19,\N,R,17,0,7,\N,\N,\N,\N,\N,\N,5
16942,696,328,66,28,9,\N,R,18,0,5,\N,\N,\N,\N,\N,\N,95
16943,696,347,167,38,12,\N,R,19,0,3,\N,\N,\N,\N,\N,\N,37
16944,696,289,66,26,11,\N,R,20,0,0,\N,\N,\N,\N,\N,\N,5
16945,696,403,189,34,0,\N,F,21,0,0,\N,\N,\N,\N,\N,\N,81
16946,696,278,181,32,0,\N,F,22,0,0,\N,\N,\N,\N,\N,\N,81
16947,697,373,176,1,2,1,1,1,9,108,2:09:40.11,7780110,\N,\N,\N,\N,1
16948,697,358,167,8,9,2,2,2,6,107,\N,\N,\N,\N,\N,\N,60
16949,697,341,167,7,4,3,3,3,4,107,\N,\N,\N,\N,\N,\N,11
16950,697,346,167,19,13,4,4,4,3,105,\N,\N,\N,\N,\N,\N,13
16951,697,360,187,17,11,5,5,5,2,105,\N,\N,\N,\N,\N,\N,13
16952,697,397,172,2,19,6,6,6,1,101,\N,\N,\N,\N,\N,\N,17
16953,697,404,66,10,17,\N,R,7,0,96,\N,\N,\N,\N,\N,\N,91
16954,697,386,11,12,8,\N,N,8,0,81,\N,\N,\N,\N,\N,\N,62
16955,697,374,176,18,12,\N,R,9,0,74,\N,\N,\N,\N,\N,\N,80
16956,697,405,11,14,18,\N,R,10,0,58,\N,\N,\N,\N,\N,\N,5
16957,697,347,167,22,15,\N,N,11,0,57,\N,\N,\N,\N,\N,\N,62
16958,697,356,191,5,1,\N,R,12,0,55,\N,\N,\N,\N,\N,\N,5
16959,697,328,66,4,6,\N,R,13,0,53,\N,\N,\N,\N,\N,\N,5
16960,697,289,66,3,5,\N,R,14,0,52,\N,\N,\N,\N,\N,\N,24
16961,697,385,6,9,3,\N,R,15,0,34,\N,\N,\N,\N,\N,\N,5
16962,697,304,191,6,7,\N,R,16,0,18,\N,\N,\N,\N,\N,\N,5
16963,697,345,176,11,10,\N,R,17,0,13,\N,\N,\N,\N,\N,\N,31
16964,697,364,190,15,14,\N,R,18,0,13,\N,\N,\N,\N,\N,\N,8
16965,697,396,189,16,16,\N,D,19,0,5,\N,\N,\N,\N,\N,\N,2
16966,698,341,167,7,1,1,1,1,9,65,2:06:35.34,7595340,\N,\N,\N,\N,1
16967,698,356,191,5,4,2,2,2,6,65,+7.88,7603220,\N,\N,\N,\N,1
16968,698,304,191,6,6,3,3,3,4,64,\N,\N,\N,\N,\N,\N,11
16969,698,386,11,12,3,4,4,4,3,64,\N,\N,\N,\N,\N,\N,11
16970,698,364,189,15,9,5,5,5,2,64,\N,\N,\N,\N,\N,\N,11
16971,698,347,167,22,12,6,6,6,1,63,\N,\N,\N,\N,\N,\N,12
16972,698,397,176,2,17,7,7,7,0,61,\N,\N,\N,\N,\N,\N,14
16973,698,405,11,14,13,8,8,8,0,60,\N,\N,\N,\N,\N,\N,15
16974,698,345,176,11,8,\N,R,9,0,49,\N,\N,\N,\N,\N,\N,24
16975,698,360,187,17,14,\N,R,10,0,40,\N,\N,\N,\N,\N,\N,5
16976,698,346,167,19,11,\N,R,11,0,33,\N,\N,\N,\N,\N,\N,22
16977,698,358,167,8,5,\N,R,12,0,32,\N,\N,\N,\N,\N,\N,22
16978,698,404,66,10,16,\N,R,13,0,28,\N,\N,\N,\N,\N,\N,7
16979,698,328,66,4,10,\N,R,14,0,26,\N,\N,\N,\N,\N,\N,44
16980,698,396,190,16,18,\N,R,15,0,24,\N,\N,\N,\N,\N,\N,69
16981,698,289,66,3,7,\N,R,16,0,18,\N,\N,\N,\N,\N,\N,5
16982,698,373,176,1,2,\N,R,17,0,9,\N,\N,\N,\N,\N,\N,6
16983,698,382,167,9,15,\N,R,18,0,9,\N,\N,\N,\N,\N,\N,25
16984,699,373,172,5,1,1,1,1,9,85,2:06:46.0,7606000,\N,\N,\N,\N,1
16985,699,341,6,1,2,2,2,2,6,85,+29.0,7635000,\N,\N,\N,\N,1
16986,699,289,66,3,5,3,3,3,4,85,+31.8,7637800,\N,\N,\N,\N,1
16987,699,374,172,6,4,4,4,4,3,85,+54.4,7660400,\N,\N,\N,\N,1
16988,699,360,170,9,8,5,5,5,2,84,\N,\N,\N,\N,\N,\N,11
16989,699,328,66,4,11,6,6,6,1,83,\N,\N,\N,\N,\N,\N,12
16990,699,346,181,12,14,7,7,7,0,83,\N,\N,\N,\N,\N,\N,12
16991,699,356,183,7,3,8,8,8,0,81,\N,\N,\N,\N,\N,\N,14
16992,699,406,182,18,16,9,9,9,0,81,\N,\N,\N,\N,\N,\N,14
16993,699,362,51,20,17,10,10,10,0,79,\N,\N,\N,\N,\N,\N,16
16994,699,408,176,15,13,11,11,11,0,77,\N,\N,\N,\N,\N,\N,18
16995,699,380,181,16,15,12,12,12,0,75,\N,\N,\N,\N,\N,\N,88
16996,699,368,185,25,20,13,13,13,0,73,\N,\N,\N,\N,\N,\N,55
16997,699,407,182,19,19,14,14,14,0,71,\N,\N,\N,\N,\N,\N,111
16998,699,385,6,2,6,15,15,15,0,66,\N,\N,\N,\N,\N,\N,80
16999,699,383,183,14,12,\N,N,16,0,50,\N,\N,\N,\N,\N,\N,62
17000,699,347,183,11,7,\N,R,17,0,42,\N,\N,\N,\N,\N,\N,8
17001,699,358,170,10,10,\N,R,18,0,39,\N,\N,\N,\N,\N,\N,10
17002,699,340,170,17,18,\N,R,19,0,20,\N,\N,\N,\N,\N,\N,86
17003,699,364,183,8,9,\N,R,20,0,11,\N,\N,\N,\N,\N,\N,80
17004,699,409,186,28,0,\N,F,21,0,0,\N,\N,\N,\N,\N,\N,81
17005,699,410,172,23,0,\N,F,22,0,0,\N,\N,\N,\N,\N,\N,81
17006,699,411,184,21,0,\N,F,23,0,0,\N,\N,\N,\N,\N,\N,81
17007,699,412,180,27,0,\N,F,24,0,0,\N,\N,\N,\N,\N,\N,81
17008,699,413,172,22,0,\N,F,25,0,0,\N,\N,\N,\N,\N,\N,81
17009,699,414,172,24,0,\N,F,26,0,0,\N,\N,\N,\N,\N,\N,97
17010,699,334,185,29,0,\N,F,27,0,0,\N,\N,\N,\N,\N,\N,97
17011,699,293,180,32,0,\N,F,28,0,0,\N,\N,\N,\N,\N,\N,97
17012,699,415,93,26,0,\N,W,29,0,0,\N,\N,\N,\N,\N,\N,54
17013,699,416,167,31,0,\N,W,30,0,0,\N,\N,\N,\N,\N,\N,54
17014,699,417,170,33,0,\N,W,31,0,0,\N,\N,\N,\N,\N,\N,54
17015,700,289,66,3,1,1,1,1,9,100,2:37:39.6,9459600,\N,\N,\N,\N,1
17016,700,385,6,17,4,2,2,2,6,100,+1:04.0,9523600,\N,\N,\N,\N,1
17017,700,328,66,4,3,3,3,3,4,100,+1:41.9,9561500,\N,\N,\N,\N,1
17018,700,341,6,18,5,4,4,4,3,99,\N,\N,\N,\N,\N,\N,60
17019,700,360,170,7,7,5,5,5,2,98,\N,\N,\N,\N,\N,\N,12
17020,700,346,181,14,10,6,6,6,1,98,\N,\N,\N,\N,\N,\N,12
17021,700,347,183,12,13,7,7,7,0,97,\N,\N,\N,\N,\N,\N,13
17022,700,304,183,2,8,8,8,8,0,92,\N,\N,\N,\N,\N,\N,18
17023,700,383,183,9,9,9,9,9,0,85,\N,\N,\N,\N,\N,\N,112
17024,700,406,172,10,14,10,10,10,0,79,\N,\N,\N,\N,\N,\N,3
17025,700,356,183,1,2,\N,R,11,0,43,\N,\N,\N,\N,\N,\N,5
17026,700,370,176,15,6,\N,R,12,0,43,\N,\N,\N,\N,\N,\N,36
17027,700,405,11,19,15,\N,R,13,0,33,\N,\N,\N,\N,\N,\N,6
17028,700,380,181,11,11,\N,R,14,0,29,\N,\N,\N,\N,\N,\N,5
17029,700,305,176,16,12,\N,R,15,0,12,\N,\N,\N,\N,\N,\N,6
17030,700,386,11,20,17,\N,R,16,0,0,\N,\N,\N,\N,\N,\N,86
17031,700,358,170,8,0,\N,F,17,0,0,\N,\N,\N,\N,\N,\N,81
17032,701,373,172,17,2,1,1,1,9,32,2:23:34.8,8614800,\N,\N,\N,\N,1
17033,701,328,66,8,3,2,2,2,6,32,+44.8,8659600,\N,\N,\N,\N,1
17034,701,360,170,4,9,3,3,3,4,31,\N,\N,\N,\N,\N,\N,11
17035,701,356,183,14,10,4,4,4,3,31,\N,\N,\N,\N,\N,\N,11
17036,701,289,66,7,1,5,5,5,2,31,\N,\N,\N,\N,\N,\N,11
17037,701,386,11,10,4,6,6,6,1,31,\N,\N,\N,\N,\N,\N,11
17038,701,374,172,18,12,7,7,7,0,31,\N,\N,\N,\N,\N,\N,11
17039,701,346,181,21,8,8,8,8,0,31,\N,\N,\N,\N,\N,\N,11
17040,701,385,6,2,15,9,9,9,0,30,\N,\N,\N,\N,\N,\N,12
17041,701,364,183,15,5,10,10,10,0,30,\N,\N,\N,\N,\N,\N,12
17042,701,358,170,5,14,11,11,11,0,29,\N,\N,\N,\N,\N,\N,13
17043,701,376,66,27,17,12,12,12,0,29,\N,\N,\N,\N,\N,\N,13
17044,701,404,176,22,16,13,13,13,0,27,\N,\N,\N,\N,\N,\N,15
17045,701,370,176,23,13,14,14,14,0,26,\N,\N,\N,\N,\N,\N,3
17046,701,418,66,29,20,\N,R,15,0,12,\N,\N,\N,\N,\N,\N,48
17047,701,347,183,20,7,\N,R,16,0,9,\N,\N,\N,\N,\N,\N,80
17048,701,405,11,11,11,\N,R,17,0,9,\N,\N,\N,\N,\N,\N,6
17049,701,341,6,1,6,\N,R,18,0,5,\N,\N,\N,\N,\N,\N,5
17050,701,380,181,26,19,\N,R,19,0,3,\N,\N,\N,\N,\N,\N,80
17051,702,373,172,6,1,1,1,1,9,40,2:41:38.4,9698400,\N,\N,\N,\N,1
17052,702,328,66,12,2,2,2,2,6,40,+26.3,9724700,\N,\N,\N,\N,1
17053,702,341,6,2,4,3,3,3,4,40,+2:33.5,9851900,\N,\N,\N,\N,1
17054,702,304,183,16,6,4,4,4,3,40,+2:53.1,9871500,\N,\N,\N,\N,1
17055,702,289,66,10,13,5,5,5,2,39,\N,\N,\N,\N,\N,\N,11
17056,702,346,181,36,14,6,6,6,1,39,\N,\N,\N,\N,\N,\N,11
17057,702,374,172,8,10,7,7,7,0,39,\N,\N,\N,\N,\N,\N,11
17058,702,385,6,4,3,8,8,8,0,36,\N,\N,\N,\N,\N,\N,3
17059,702,383,183,30,15,9,9,9,0,34,\N,\N,\N,\N,\N,\N,69
17060,702,360,170,18,9,\N,R,10,0,23,\N,\N,\N,\N,\N,\N,22
17061,702,347,183,34,11,\N,R,11,0,21,\N,\N,\N,\N,\N,\N,91
17062,702,278,176,24,8,\N,R,12,0,20,\N,\N,\N,\N,\N,\N,69
17063,702,404,176,22,17,\N,R,13,0,18,\N,\N,\N,\N,\N,\N,6
17064,702,364,183,14,5,\N,R,14,0,16,\N,\N,\N,\N,\N,\N,5
17065,702,386,11,26,7,\N,R,15,0,9,\N,\N,\N,\N,\N,\N,80
17066,702,405,11,28,16,\N,R,16,0,4,\N,\N,\N,\N,\N,\N,80
17067,702,358,170,20,12,\N,R,17,0,3,\N,\N,\N,\N,\N,\N,3
17068,703,373,172,5,1,1,1,1,9,80,2:05:25.4,7525400,\N,\N,\N,\N,1
17069,703,289,66,3,2,2,2,2,6,80,+3.2,7528600,\N,\N,\N,\N,1
17070,703,341,6,1,5,3,3,3,4,80,+27.6,7553000,\N,\N,\N,\N,1
17071,703,374,172,6,6,4,4,4,3,80,+39.6,7565000,\N,\N,\N,\N,1
17072,703,328,66,4,4,5,5,5,2,80,+1:14.6,7600000,\N,\N,\N,\N,1
17073,703,364,183,7,7,6,6,6,1,79,\N,\N,\N,\N,\N,\N,11
17074,703,347,183,15,14,7,7,7,0,79,\N,\N,\N,\N,\N,\N,11
17075,703,380,181,17,13,8,8,8,0,78,\N,\N,\N,\N,\N,\N,12
17076,703,346,181,16,18,9,9,9,0,78,\N,\N,\N,\N,\N,\N,12
17077,703,360,170,9,11,10,10,10,0,77,\N,\N,\N,\N,\N,\N,13
17078,703,420,181,24,20,11,11,11,0,73,\N,\N,\N,\N,\N,\N,17
17079,703,418,66,12,19,12,12,12,0,70,\N,\N,\N,\N,\N,\N,88
17080,703,370,176,22,16,13,13,13,0,63,\N,\N,\N,\N,\N,\N,50
17081,703,358,170,10,12,14,14,14,0,62,\N,\N,\N,\N,\N,\N,5
17082,703,404,176,23,15,\N,R,15,0,41,\N,\N,\N,\N,\N,\N,5
17083,703,419,170,20,21,\N,R,16,0,38,\N,\N,\N,\N,\N,\N,80
17084,703,383,183,18,17,\N,R,17,0,33,\N,\N,\N,\N,\N,\N,6
17085,703,304,183,14,10,\N,R,18,0,29,\N,\N,\N,\N,\N,\N,91
17086,703,386,11,11,3,\N,R,19,0,26,\N,\N,\N,\N,\N,\N,98
17087,703,385,6,2,9,\N,R,20,0,2,\N,\N,\N,\N,\N,\N,5
17088,703,356,183,8,8,\N,W,21,0,0,\N,\N,\N,\N,\N,\N,54
17089,703,421,186,25,0,\N,F,22,0,0,\N,\N,\N,\N,\N,\N,81
17090,703,422,172,26,0,\N,F,23,0,0,\N,\N,\N,\N,\N,\N,81
17091,704,373,172,6,2,1,1,1,9,80,2:03:59.1,7439100,\N,\N,\N,\N,1
17092,704,328,66,12,6,2,2,2,6,80,+8.0,7447100,\N,\N,\N,\N,1
17093,704,364,183,16,5,3,3,3,4,80,+13.0,7452100,\N,\N,\N,\N,1
17094,704,289,66,10,1,4,4,4,3,80,+45.1,7484200,\N,\N,\N,\N,1
17095,704,304,183,14,7,5,5,5,2,79,\N,\N,\N,\N,\N,\N,11
17096,704,386,11,22,3,6,6,6,1,79,\N,\N,\N,\N,\N,\N,11
17097,704,341,6,2,4,7,7,7,0,79,\N,\N,\N,\N,\N,\N,11
17098,704,374,172,8,8,8,8,8,0,79,\N,\N,\N,\N,\N,\N,11
17099,704,385,6,4,12,9,9,9,0,79,\N,\N,\N,\N,\N,\N,11
17100,704,404,176,38,13,10,10,10,0,78,\N,\N,\N,\N,\N,\N,12
17101,704,380,181,30,11,11,11,11,0,77,\N,\N,\N,\N,\N,\N,13
17102,704,370,176,34,17,12,12,12,0,77,\N,\N,\N,\N,\N,\N,13
17103,704,346,181,28,10,13,13,13,0,55,\N,\N,\N,\N,\N,\N,113
17104,704,358,170,20,14,\N,R,14,0,48,\N,\N,\N,\N,\N,\N,51
17105,704,360,170,18,9,\N,R,15,0,36,\N,\N,\N,\N,\N,\N,24
17106,704,347,183,26,15,\N,R,16,0,16,\N,\N,\N,\N,\N,\N,44
17107,704,383,183,36,16,\N,R,17,0,11,\N,\N,\N,\N,\N,\N,5
17108,705,373,172,1,1,1,1,1,9,15,2:07:52.4,7672400,\N,\N,\N,\N,1
17109,705,289,66,9,3,2,2,2,6,15,+15.9,7688300,\N,\N,\N,\N,1
17110,705,364,183,5,5,3,3,3,4,15,+21.4,7693800,\N,\N,\N,\N,1
17111,705,358,170,12,8,4,4,4,3,15,+3:29.6,7882000,\N,\N,\N,\N,1
17112,705,356,183,4,14,5,5,5,2,15,+4:41.2,7953600,\N,\N,\N,\N,1
17113,705,385,6,8,7,6,6,6,1,15,+5:08.6,7981000,\N,\N,\N,\N,1
17114,705,347,183,16,9,7,7,7,0,15,+5:58.5,8030900,\N,\N,\N,\N,1
17115,705,418,66,24,19,8,8,8,0,14,\N,\N,\N,\N,\N,\N,11
17116,705,341,6,7,4,\N,R,9,0,11,\N,\N,\N,\N,\N,\N,6
17117,705,346,181,17,11,\N,R,10,0,9,\N,\N,\N,\N,\N,\N,5
17118,705,374,172,2,6,\N,R,11,0,8,\N,\N,\N,\N,\N,\N,7
17119,705,423,172,3,12,\N,R,12,0,8,\N,\N,\N,\N,\N,\N,47
17120,705,370,176,20,17,\N,R,13,0,8,\N,\N,\N,\N,\N,\N,47
17121,705,360,170,11,10,\N,R,14,0,7,\N,\N,\N,\N,\N,\N,6
17122,705,304,183,6,13,\N,R,15,0,5,\N,\N,\N,\N,\N,\N,95
17123,705,278,176,19,16,\N,R,16,0,3,\N,\N,\N,\N,\N,\N,10
17124,705,406,172,22,20,\N,R,17,0,3,\N,\N,\N,\N,\N,\N,44
17125,705,328,66,10,2,\N,R,18,0,2,\N,\N,\N,\N,\N,\N,22
17126,705,380,181,21,18,\N,R,19,0,0,\N,\N,\N,\N,\N,\N,6
17127,705,424,66,25,0,\N,F,20,0,0,\N,\N,\N,\N,\N,\N,81
17128,705,420,183,23,0,\N,F,21,0,0,\N,\N,\N,\N,\N,\N,81
17129,706,328,66,32,3,1,1,1,9,76,2:04:52.8,7492800,\N,\N,\N,\N,1
17130,706,289,66,30,4,2,2,2,6,76,+3.3,7496100,\N,\N,\N,\N,1
17131,706,364,183,12,9,3,3,3,4,76,+16.5,7509300,\N,\N,\N,\N,1
17132,706,385,6,4,5,4,4,4,3,76,+1:15.9,7568700,\N,\N,\N,\N,1
17133,706,360,170,16,11,5,5,5,2,75,\N,\N,\N,\N,\N,\N,11
17134,706,370,176,40,13,6,6,6,1,75,\N,\N,\N,\N,\N,\N,11
17135,706,347,183,42,14,7,7,7,0,74,\N,\N,\N,\N,\N,\N,12
17136,706,358,170,18,7,8,8,8,0,74,\N,\N,\N,\N,\N,\N,12
17137,706,404,176,38,18,9,9,9,0,74,\N,\N,\N,\N,\N,\N,12
17138,706,373,172,24,1,10,10,10,0,63,\N,\N,\N,\N,\N,\N,48
17139,706,374,172,26,8,11,11,11,0,62,\N,\N,\N,\N,\N,\N,91
17140,706,425,6,6,15,12,12,12,0,58,\N,\N,\N,\N,\N,\N,5
17141,706,424,66,50,21,13,13,13,0,58,\N,\N,\N,\N,\N,\N,51
17142,706,386,11,20,17,14,14,14,0,56,\N,\N,\N,\N,\N,\N,80
17143,706,304,183,14,12,\N,R,15,0,46,\N,\N,\N,\N,\N,\N,22
17144,706,380,181,46,16,\N,R,16,0,45,\N,\N,\N,\N,\N,\N,5
17145,706,346,181,44,10,\N,R,17,0,43,\N,\N,\N,\N,\N,\N,6
17146,706,402,172,28,20,\N,R,18,0,37,\N,\N,\N,\N,\N,\N,6
17147,706,341,6,8,2,\N,R,19,0,34,\N,\N,\N,\N,\N,\N,8
17148,706,405,11,22,6,\N,R,20,0,27,\N,\N,\N,\N,\N,\N,80
17149,706,418,66,48,23,\N,R,21,0,22,\N,\N,\N,\N,\N,\N,6
17150,706,394,183,10,19,\N,R,22,0,12,\N,\N,\N,\N,\N,\N,5
17151,706,426,66,52,22,\N,R,23,0,8,\N,\N,\N,\N,\N,\N,5
17152,707,289,66,3,1,1,1,1,9,110,2:20:36.1,8436100,\N,\N,\N,\N,1
17153,707,364,183,8,8,2,2,2,6,110,+12.5,8448600,\N,\N,\N,\N,1
17154,707,356,183,7,7,3,3,3,4,110,+57.5,8493600,\N,\N,\N,\N,1
17155,707,385,6,2,5,4,4,4,3,109,\N,\N,\N,\N,\N,\N,11
17156,707,345,6,14,15,5,5,5,2,109,\N,\N,\N,\N,\N,\N,11
17157,707,358,170,10,13,6,6,6,1,108,\N,\N,\N,\N,\N,\N,12
17158,707,386,11,11,3,7,7,7,0,108,\N,\N,\N,\N,\N,\N,12
17159,707,347,183,15,10,8,8,8,0,107,\N,\N,\N,\N,\N,\N,13
17160,707,396,6,24,14,9,9,9,0,106,\N,\N,\N,\N,\N,\N,14
17161,707,370,176,21,16,10,10,10,0,101,\N,\N,\N,\N,\N,\N,19
17162,707,346,181,16,11,11,11,11,0,99,\N,\N,\N,\N,\N,\N,45
17163,707,382,172,18,17,12,12,12,0,95,\N,\N,\N,\N,\N,\N,112
17164,707,405,11,12,12,13,13,13,0,92,\N,\N,\N,\N,\N,\N,114
17165,707,328,66,4,6,\N,R,14,0,12,\N,\N,\N,\N,\N,\N,22
17166,707,373,172,5,9,\N,R,15,0,11,\N,\N,\N,\N,\N,\N,5
17167,707,360,170,9,2,\N,R,16,0,11,\N,\N,\N,\N,\N,\N,51
17168,707,374,172,6,4,\N,R,17,0,9,\N,\N,\N,\N,\N,\N,5
17169,707,404,176,22,18,\N,R,18,0,9,\N,\N,\N,\N,\N,\N,100
17170,708,386,11,11,3,1,1,1,9,65,2:08:32.10,7712100,\N,\N,\N,\N,1
17171,708,364,183,8,2,2,2,2,6,65,+2.89,7714990,\N,\N,\N,\N,1
17172,708,374,172,6,6,3,3,3,4,65,+1:00.15,7772250,\N,\N,\N,\N,1
17173,708,346,181,16,11,4,4,4,3,65,+1:54.42,7826520,\N,\N,\N,\N,1
17174,708,405,11,12,10,5,5,5,2,64,\N,\N,\N,\N,\N,\N,11
17175,708,370,176,21,17,6,6,6,1,64,\N,\N,\N,\N,\N,\N,11
17176,708,345,6,14,14,7,7,7,0,62,\N,\N,\N,\N,\N,\N,13
17177,708,385,6,2,7,8,8,8,0,62,\N,\N,\N,\N,\N,\N,13
17178,708,289,66,3,5,\N,R,9,0,56,\N,\N,\N,\N,\N,\N,5
17179,708,382,172,18,9,\N,R,10,0,55,\N,\N,\N,\N,\N,\N,80
17180,708,347,183,15,12,\N,R,11,0,43,\N,\N,\N,\N,\N,\N,22
17181,708,358,170,10,16,\N,R,12,0,39,\N,\N,\N,\N,\N,\N,80
17182,708,356,183,7,14,\N,R,13,0,38,\N,\N,\N,\N,\N,\N,44
17183,708,328,66,4,8,\N,R,14,0,35,\N,\N,\N,\N,\N,\N,8
17184,708,396,176,22,18,\N,R,15,0,29,\N,\N,\N,\N,\N,\N,22
17185,708,360,170,9,15,\N,R,16,0,25,\N,\N,\N,\N,\N,\N,6
17186,708,373,172,5,1,\N,R,17,0,8,\N,\N,\N,\N,\N,\N,5
17187,708,404,176,22,0,\N,W,18,0,0,\N,\N,\N,\N,\N,\N,54
17188,708,375,6,24,0,\N,W,19,0,0,\N,\N,\N,\N,\N,\N,54
17189,709,289,66,8,3,1,1,1,9,100,2:41:19.5,9679500,\N,\N,\N,\N,1
17190,709,386,66,7,8,2,2,2,6,99,\N,\N,\N,\N,\N,\N,11
17191,709,397,172,11,6,3,3,3,4,97,\N,\N,\N,\N,\N,\N,13
17192,709,373,172,12,1,4,4,4,3,96,\N,\N,\N,\N,\N,\N,5
17193,709,347,170,19,11,5,5,5,2,96,\N,\N,\N,\N,\N,\N,14
17194,709,305,176,18,15,6,6,6,1,96,\N,\N,\N,\N,\N,\N,14
17195,709,383,183,16,12,7,7,7,0,86,\N,\N,\N,\N,\N,\N,6
17196,709,346,176,24,16,8,8,8,0,78,\N,\N,\N,\N,\N,\N,115
17197,709,403,170,9,9,9,9,9,0,70,\N,\N,\N,\N,\N,\N,22
17198,709,385,6,20,7,10,10,10,0,68,\N,\N,\N,\N,\N,\N,6
17199,709,364,183,6,5,\N,R,11,0,62,\N,\N,\N,\N,\N,\N,6
17200,709,427,66,4,13,\N,R,12,0,53,\N,\N,\N,\N,\N,\N,25
17201,709,356,183,5,2,\N,R,13,0,29,\N,\N,\N,\N,\N,\N,98
17202,709,360,170,10,10,\N,R,14,0,17,\N,\N,\N,\N,\N,\N,67
17203,709,341,6,21,4,\N,R,15,0,15,\N,\N,\N,\N,\N,\N,6
17204,709,401,94,15,14,\N,R,16,0,8,\N,\N,\N,\N,\N,\N,95
17205,709,278,176,17,0,\N,F,17,0,0,\N,\N,\N,\N,\N,\N,81
17206,709,309,176,2,0,\N,F,18,0,0,\N,\N,\N,\N,\N,\N,81
17207,709,428,176,3,0,\N,F,19,0,0,\N,\N,\N,\N,\N,\N,81
17208,709,404,176,14,0,\N,W,20,0,0,\N,\N,\N,\N,\N,\N,54
17209,709,429,92,1,0,\N,W,21,0,0,\N,\N,\N,\N,\N,\N,54
17210,709,394,66,22,0,\N,W,22,0,0,\N,\N,\N,\N,\N,\N,54
17211,709,408,66,23,0,\N,W,23,0,0,\N,\N,\N,\N,\N,\N,54
17212,710,373,172,18,2,1,1,1,9,80,2:07:35.4,7655400,\N,\N,\N,\N,1
17213,710,341,6,2,4,2,2,2,6,80,+53.6,7709000,\N,\N,\N,\N,1
17214,710,397,172,20,6,3,3,3,4,79,\N,\N,\N,\N,\N,\N,11
17215,710,289,66,6,3,4,4,4,3,79,\N,\N,\N,\N,\N,\N,11
17216,710,278,176,10,13,5,5,5,2,79,\N,\N,\N,\N,\N,\N,11
17217,710,383,183,34,11,6,6,6,1,78,\N,\N,\N,\N,\N,\N,12
17218,710,360,170,24,5,7,7,7,0,78,\N,\N,\N,\N,\N,\N,12
17219,710,403,170,22,9,8,8,8,0,76,\N,\N,\N,\N,\N,\N,14
17220,710,347,181,26,12,9,9,9,0,76,\N,\N,\N,\N,\N,\N,14
17221,710,394,66,32,16,10,10,10,0,74,\N,\N,\N,\N,\N,\N,16
17222,710,386,66,8,8,11,11,11,0,64,\N,\N,\N,\N,\N,\N,116
17223,710,305,176,12,14,12,12,12,0,57,\N,\N,\N,\N,\N,\N,24
17224,710,346,181,36,18,13,13,13,0,55,\N,\N,\N,\N,\N,\N,113
17225,710,356,183,14,7,\N,R,14,0,44,\N,\N,\N,\N,\N,\N,80
17226,710,364,183,16,1,\N,R,15,0,23,\N,\N,\N,\N,\N,\N,38
17227,710,385,6,4,10,\N,R,16,0,20,\N,\N,\N,\N,\N,\N,80
17228,710,430,95,28,17,\N,R,17,0,8,\N,\N,\N,\N,\N,\N,5
17229,710,408,66,30,0,\N,W,18,0,0,\N,\N,\N,\N,\N,\N,3
17230,711,373,172,23,6,1,1,1,9,32,2:06:40.5,7600500,\N,\N,\N,\N,1
17231,711,360,170,20,7,2,2,2,6,32,+3.4,7603900,\N,\N,\N,\N,1
17232,711,356,183,14,3,3,3,3,4,32,+48.1,7648600,\N,\N,\N,\N,1
17233,711,386,66,2,8,4,4,4,3,32,+1:58.6,7719100,\N,\N,\N,\N,1
17234,711,289,66,1,2,5,5,5,2,31,\N,\N,\N,\N,\N,\N,48
17235,711,364,183,15,1,6,6,6,1,31,\N,\N,\N,\N,\N,\N,60
17236,711,401,94,4,12,7,7,7,0,31,\N,\N,\N,\N,\N,\N,11
17237,711,394,66,6,17,8,8,8,0,31,\N,\N,\N,\N,\N,\N,11
17238,711,397,172,24,4,9,9,9,0,28,\N,\N,\N,\N,\N,\N,25
17239,711,404,94,3,16,10,10,10,0,28,\N,\N,\N,\N,\N,\N,14
17240,711,309,172,29,10,\N,D,11,0,28,\N,\N,\N,\N,\N,\N,2
17241,711,346,183,17,13,\N,R,12,0,14,\N,\N,\N,\N,\N,\N,5
17242,711,403,170,21,15,\N,R,13,0,13,\N,\N,\N,\N,\N,\N,5
17243,711,385,6,11,9,\N,R,14,0,12,\N,\N,\N,\N,\N,\N,5
17244,711,429,92,28,20,\N,R,15,0,11,\N,\N,\N,\N,\N,\N,5
17245,711,347,183,16,14,\N,R,16,0,8,\N,\N,\N,\N,\N,\N,100
17246,711,341,6,10,5,\N,R,17,0,4,\N,\N,\N,\N,\N,\N,5
17247,711,278,176,27,11,\N,R,18,0,3,\N,\N,\N,\N,\N,\N,5
17248,712,364,183,22,2,1,1,1,9,57,2:07:49.1,7669100,\N,\N,\N,\N,1
17249,712,289,66,8,6,2,2,2,6,57,+24.1,7693200,\N,\N,\N,\N,1
17250,712,356,183,20,5,3,3,3,4,57,+24.9,7694000,\N,\N,\N,\N,1
17251,712,397,172,4,4,4,4,4,3,57,+1:10.6,7739700,\N,\N,\N,\N,1
17252,712,386,66,10,9,5,5,5,2,57,+2:12.1,7801200,\N,\N,\N,\N,1
17253,712,360,170,12,7,6,6,6,1,56,\N,\N,\N,\N,\N,\N,11
17254,712,403,170,14,10,7,7,7,0,56,\N,\N,\N,\N,\N,\N,11
17255,712,305,176,36,13,8,8,8,0,56,\N,\N,\N,\N,\N,\N,11
17256,712,385,6,26,8,9,9,9,0,55,\N,\N,\N,\N,\N,\N,12
17257,712,278,176,34,14,10,10,10,0,53,\N,\N,\N,\N,\N,\N,14
17258,712,427,66,28,16,11,11,11,0,52,\N,\N,\N,\N,\N,\N,15
17259,712,383,183,32,15,12,12,12,0,50,\N,\N,\N,\N,\N,\N,17
17260,712,404,94,16,11,\N,R,13,0,32,\N,\N,\N,\N,\N,\N,3
17261,712,373,172,2,1,\N,R,14,0,31,\N,\N,\N,\N,\N,\N,5
17262,712,341,6,24,3,\N,R,15,0,6,\N,\N,\N,\N,\N,\N,5
17263,712,401,94,18,12,\N,R,16,0,6,\N,\N,\N,\N,\N,\N,3
17264,712,346,181,30,17,\N,R,17,0,4,\N,\N,\N,\N,\N,\N,8
17265,713,373,172,1,1,1,1,1,9,80,2:15:07.0,8107000,\N,\N,\N,\N,1
17266,713,289,66,3,2,2,2,2,6,80,+2.8,8109800,\N,\N,\N,\N,1
17267,713,341,6,7,5,3,3,3,4,80,+1:20.6,8187600,\N,\N,\N,\N,1
17268,713,356,183,5,4,4,4,4,3,79,\N,\N,\N,\N,\N,\N,11
17269,713,385,6,8,8,5,5,5,2,78,\N,\N,\N,\N,\N,\N,12
17270,713,403,170,10,15,6,6,6,1,78,\N,\N,\N,\N,\N,\N,12
17271,713,383,183,19,7,7,7,7,0,78,\N,\N,\N,\N,\N,\N,12
17272,713,386,66,4,14,8,8,8,0,77,\N,\N,\N,\N,\N,\N,13
17273,713,374,172,2,13,9,9,9,0,77,\N,\N,\N,\N,\N,\N,13
17274,713,404,94,11,10,10,10,10,0,77,\N,\N,\N,\N,\N,\N,13
17275,713,346,181,20,16,11,11,11,0,76,\N,\N,\N,\N,\N,\N,14
17276,713,394,66,18,21,12,12,12,0,76,\N,\N,\N,\N,\N,\N,14
17277,713,364,183,6,3,13,13,13,0,75,\N,\N,\N,\N,\N,\N,15
17278,713,399,170,22,20,14,14,14,0,56,\N,\N,\N,\N,\N,\N,117
17279,713,347,181,16,9,\N,R,15,0,45,\N,\N,\N,\N,\N,\N,23
17280,713,309,176,24,22,\N,R,16,0,43,\N,\N,\N,\N,\N,\N,24
17281,713,408,66,17,17,\N,R,17,0,38,\N,\N,\N,\N,\N,\N,6
17282,713,420,181,23,23,\N,R,18,0,37,\N,\N,\N,\N,\N,\N,3
17283,713,401,176,12,18,\N,R,19,0,23,\N,\N,\N,\N,\N,\N,100
17284,713,305,176,14,12,\N,R,20,0,17,\N,\N,\N,\N,\N,\N,108
17285,713,278,176,15,11,\N,R,21,0,9,\N,\N,\N,\N,\N,\N,8
17286,713,360,170,9,6,\N,R,22,0,7,\N,\N,\N,\N,\N,\N,6
17287,713,380,182,26,19,\N,R,23,0,0,\N,\N,\N,\N,\N,\N,3
17288,713,427,66,25,25,\N,F,24,0,0,\N,\N,\N,\N,\N,\N,81
17289,713,370,66,21,24,\N,W,25,0,0,\N,\N,\N,\N,\N,\N,54
17290,714,341,6,7,1,1,1,1,9,15,2:12:04.8,7924800,\N,\N,\N,\N,1
17291,714,289,66,3,5,2,2,2,6,15,+1:15.6,8000400,\N,\N,\N,\N,1
17292,714,385,6,8,4,3,3,3,4,15,+4:52.8,8217600,\N,\N,\N,\N,1
17293,714,346,181,19,10,4,4,4,3,15,+5:23.1,8247900,\N,\N,\N,\N,1
17294,714,427,66,22,14,5,5,5,2,14,\N,\N,\N,\N,\N,\N,84
17295,714,408,66,26,16,6,6,6,1,14,\N,\N,\N,\N,\N,\N,11
17296,714,386,66,4,11,7,7,7,0,14,\N,\N,\N,\N,\N,\N,11
17297,714,374,172,2,17,8,8,8,0,14,\N,\N,\N,\N,\N,\N,11
17298,714,423,172,23,19,9,9,9,0,14,\N,\N,\N,\N,\N,\N,11
17299,714,364,183,5,3,10,10,10,0,14,\N,\N,\N,\N,\N,\N,11
17300,714,278,176,14,9,11,11,11,0,12,\N,\N,\N,\N,\N,\N,22
17301,714,356,183,6,6,12,12,12,0,11,\N,\N,\N,\N,\N,\N,24
17302,714,405,11,20,22,13,13,13,0,11,\N,\N,\N,\N,\N,\N,3
17303,714,309,176,27,18,14,14,14,0,10,\N,\N,\N,\N,\N,\N,3
17304,714,373,172,1,2,\N,R,15,0,7,\N,\N,\N,\N,\N,\N,5
17305,714,360,170,9,7,\N,R,16,0,4,\N,\N,\N,\N,\N,\N,5
17306,714,383,183,16,15,\N,R,17,0,4,\N,\N,\N,\N,\N,\N,22
17307,714,431,170,12,20,\N,R,18,0,3,\N,\N,\N,\N,\N,\N,8
17308,714,394,66,18,21,\N,R,19,0,2,\N,\N,\N,\N,\N,\N,37
17309,714,403,170,10,8,\N,R,20,0,1,\N,\N,\N,\N,\N,\N,5
17310,714,347,181,11,12,\N,R,21,0,0,\N,\N,\N,\N,\N,\N,10
17311,714,305,176,15,13,\N,R,22,0,0,\N,\N,\N,\N,\N,\N,5
17312,714,429,92,28,0,\N,F,23,0,0,\N,\N,\N,\N,\N,\N,81
17313,715,385,6,8,7,1,1,1,9,105,2:06:18.23,7578230,\N,\N,\N,\N,1
17314,715,386,66,4,5,2,2,2,6,105,+6.18,7584410,\N,\N,\N,\N,1
17315,715,383,183,22,14,3,3,3,4,102,\N,\N,\N,\N,\N,\N,13
17316,715,408,66,19,19,4,4,4,3,102,\N,\N,\N,\N,\N,\N,13
17317,715,404,94,14,11,5,5,5,2,102,\N,\N,\N,\N,\N,\N,13
17318,715,347,183,11,10,6,6,6,1,101,\N,\N,\N,\N,\N,\N,14
17319,715,394,66,18,15,7,7,7,0,96,\N,\N,\N,\N,\N,\N,19
17320,715,305,176,17,18,8,8,8,0,95,\N,\N,\N,\N,\N,\N,88
17321,715,356,183,6,6,9,9,9,0,76,\N,\N,\N,\N,\N,\N,118
17322,715,358,181,12,13,\N,R,10,0,58,\N,\N,\N,\N,\N,\N,38
17323,715,403,170,10,20,\N,R,11,0,58,\N,\N,\N,\N,\N,\N,3
17324,715,364,183,5,4,\N,R,12,0,47,\N,\N,\N,\N,\N,\N,22
17325,715,360,170,9,9,\N,R,13,0,43,\N,\N,\N,\N,\N,\N,5
17326,715,374,172,2,8,\N,R,14,0,41,\N,\N,\N,\N,\N,\N,86
17327,715,373,172,1,3,\N,R,15,0,40,\N,\N,\N,\N,\N,\N,86
17328,715,401,94,15,16,\N,R,16,0,21,\N,\N,\N,\N,\N,\N,22
17329,715,346,181,20,12,\N,R,17,0,18,\N,\N,\N,\N,\N,\N,3
17330,715,341,6,7,2,\N,R,18,0,9,\N,\N,\N,\N,\N,\N,22
17331,715,278,172,16,17,\N,R,19,0,7,\N,\N,\N,\N,\N,\N,5
17332,715,289,66,3,1,\N,R,20,0,5,\N,\N,\N,\N,\N,\N,99
17333,716,341,6,2,1,1,1,1,9,78,2:10:51.8,7851800,\N,\N,\N,\N,1
17334,716,360,170,26,5,2,2,2,6,78,+1:06.0,7917800,\N,\N,\N,\N,1
17335,716,385,6,4,7,3,3,3,4,77,\N,\N,\N,\N,\N,\N,11
17336,716,386,66,20,9,4,4,4,3,77,\N,\N,\N,\N,\N,\N,11
17337,716,404,94,46,13,5,5,5,2,77,\N,\N,\N,\N,\N,\N,11
17338,716,374,172,10,8,6,6,6,1,77,\N,\N,\N,\N,\N,\N,11
17339,716,346,181,12,6,7,7,7,0,77,\N,\N,\N,\N,\N,\N,11
17340,716,394,66,30,15,8,8,8,0,77,\N,\N,\N,\N,\N,\N,11
17341,716,375,6,6,16,9,9,9,0,77,\N,\N,\N,\N,\N,\N,11
17342,716,364,183,16,2,10,10,10,0,75,\N,\N,\N,\N,\N,\N,13
17343,716,383,183,22,14,11,11,11,0,75,\N,\N,\N,\N,\N,\N,13
17344,716,347,183,34,12,12,12,12,0,74,\N,\N,\N,\N,\N,\N,14
17345,716,309,176,38,18,13,13,13,0,72,\N,\N,\N,\N,\N,\N,16
17346,716,356,183,14,11,14,14,14,0,59,\N,\N,\N,\N,\N,\N,5
17347,716,373,172,8,4,15,15,15,0,28,\N,\N,\N,\N,\N,\N,5
17348,716,432,96,50,19,\N,R,16,0,25,\N,\N,\N,\N,\N,\N,80
17349,716,427,66,48,21,\N,R,17,0,22,\N,\N,\N,\N,\N,\N,98
17350,716,405,11,28,10,\N,R,18,0,13,\N,\N,\N,\N,\N,\N,23
17351,716,305,176,40,17,\N,R,19,0,5,\N,\N,\N,\N,\N,\N,5
17352,716,289,66,18,3,\N,R,20,0,0,\N,\N,\N,\N,\N,\N,8
17353,716,401,94,44,0,\N,F,21,0,0,\N,\N,\N,\N,\N,\N,81
17354,716,402,181,36,0,\N,F,22,0,0,\N,\N,\N,\N,\N,\N,81
17355,716,340,170,24,0,\N,F,23,0,0,\N,\N,\N,\N,\N,\N,81
17356,716,420,181,56,0,\N,F,24,0,0,\N,\N,\N,\N,\N,\N,81
17357,717,289,66,3,4,1,1,1,9,110,2:16:38.0,8198000,\N,\N,\N,\N,1
17358,717,341,6,7,2,2,2,2,6,110,+30.5,8228500,\N,\N,\N,\N,1
17359,717,346,181,22,12,3,3,3,4,109,\N,\N,\N,\N,\N,\N,11
17360,717,386,66,4,13,4,4,4,3,107,\N,\N,\N,\N,\N,\N,13
17361,717,433,172,17,17,5,5,5,2,107,\N,\N,\N,\N,\N,\N,13
17362,717,401,94,12,15,6,6,6,1,106,\N,\N,\N,\N,\N,\N,14
17363,717,373,172,1,1,7,7,7,0,102,\N,\N,\N,\N,\N,\N,60
17364,717,305,176,14,15,8,8,8,0,101,\N,\N,\N,\N,\N,\N,108
17365,717,364,183,6,3,\N,R,9,0,69,\N,\N,\N,\N,\N,\N,51
17366,717,434,181,23,18,\N,N,10,0,65,\N,\N,\N,\N,\N,\N,62
17367,717,385,6,8,8,\N,R,11,0,58,\N,\N,\N,\N,\N,\N,5
17368,717,374,172,2,1,\N,R,12,0,54,\N,\N,\N,\N,\N,\N,98
17369,717,405,11,25,14,\N,R,13,0,50,\N,\N,\N,\N,\N,\N,25
17370,717,278,176,15,11,\N,R,14,0,47,\N,\N,\N,\N,\N,\N,5
17371,717,347,183,16,9,\N,R,15,0,37,\N,\N,\N,\N,\N,\N,36
17372,717,360,170,9,5,\N,R,16,0,27,\N,\N,\N,\N,\N,\N,5
17373,717,356,183,5,7,\N,R,17,0,14,\N,\N,\N,\N,\N,\N,5
17374,717,403,170,10,19,\N,R,18,0,4,\N,\N,\N,\N,\N,\N,80
17375,717,404,94,11,10,\N,R,19,0,2,\N,\N,\N,\N,\N,\N,6
17376,718,364,183,6,2,1,1,1,9,65,2:09:50.32,7790320,\N,\N,\N,\N,1
17377,718,341,6,7,4,2,2,2,6,65,+1:08.94,7859260,\N,\N,\N,\N,1
17378,718,385,6,8,3,3,3,3,4,65,+1:09.63,7859950,\N,\N,\N,\N,1
17379,718,374,172,2,5,4,4,4,3,65,+1:21.86,7872180,\N,\N,\N,\N,1
17380,718,373,172,1,1,5,5,5,2,64,\N,\N,\N,\N,\N,\N,5
17381,718,345,6,18,9,6,6,6,1,64,\N,\N,\N,\N,\N,\N,11
17382,718,360,170,9,10,7,7,7,0,64,\N,\N,\N,\N,\N,\N,11
17383,718,386,66,4,11,8,8,8,0,64,\N,\N,\N,\N,\N,\N,11
17384,718,403,170,10,15,9,9,9,0,63,\N,\N,\N,\N,\N,\N,5
17385,718,382,172,17,14,10,10,10,0,63,\N,\N,\N,\N,\N,\N,12
17386,718,289,66,3,6,11,11,11,0,63,\N,\N,\N,\N,\N,\N,12
17387,718,404,94,11,16,12,12,12,0,61,\N,\N,\N,\N,\N,\N,14
17388,718,434,181,23,19,13,13,13,0,60,\N,\N,\N,\N,\N,\N,15
17389,718,278,176,15,12,\N,R,14,0,46,\N,\N,\N,\N,\N,\N,6
17390,718,356,183,5,7,\N,R,15,0,44,\N,\N,\N,\N,\N,\N,10
17391,718,305,176,14,17,\N,R,16,0,12,\N,\N,\N,\N,\N,\N,25
17392,718,346,181,22,13,\N,R,17,0,11,\N,\N,\N,\N,\N,\N,48
17393,718,347,183,16,8,\N,R,18,0,9,\N,\N,\N,\N,\N,\N,22
17394,718,401,94,12,18,\N,R,19,0,6,\N,\N,\N,\N,\N,\N,25
17395,719,289,66,6,2,1,1,1,9,100,2:41:49.7,9709700,\N,\N,\N,\N,1
17396,719,386,66,5,4,2,2,2,6,100,+4.6,9714300,\N,\N,\N,\N,1
17397,719,360,170,7,8,3,3,3,4,100,+12.8,9722500,\N,\N,\N,\N,1
17398,719,341,6,21,3,4,4,4,3,100,+14.1,9723800,\N,\N,\N,\N,1
17399,719,408,170,8,10,5,5,5,2,98,\N,\N,\N,\N,\N,\N,12
17400,719,401,172,10,9,6,6,6,1,98,\N,\N,\N,\N,\N,\N,12
17401,719,347,170,11,11,7,7,7,0,94,\N,\N,\N,\N,\N,\N,16
17402,719,373,172,9,1,8,8,8,0,78,\N,\N,\N,\N,\N,\N,6
17403,719,356,172,3,16,9,9,9,0,77,\N,\N,\N,\N,\N,\N,6
17404,719,404,176,14,5,\N,R,10,0,40,\N,\N,\N,\N,\N,\N,3
17405,719,435,6,20,7,\N,R,11,0,37,\N,\N,\N,\N,\N,\N,6
17406,719,427,26,17,14,\N,R,12,0,34,\N,\N,\N,\N,\N,\N,8
17407,719,364,34,4,6,\N,R,13,0,25,\N,\N,\N,\N,\N,\N,24
17408,719,440,176,12,13,\N,R,14,0,20,\N,\N,\N,\N,\N,\N,6
17409,719,346,176,25,12,\N,R,15,0,3,\N,\N,\N,\N,\N,\N,5
17410,719,278,26,15,0,\N,W,16,0,0,\N,\N,\N,\N,\N,\N,54
17411,719,428,172,24,0,\N,F,17,0,0,\N,\N,\N,\N,\N,\N,81
17412,719,403,54,1,0,\N,W,18,0,0,\N,\N,\N,\N,\N,\N,54
17413,719,394,54,2,0,\N,W,19,0,0,\N,\N,\N,\N,\N,\N,54
17414,719,436,176,16,0,\N,W,20,0,0,\N,\N,\N,\N,\N,\N,54
17415,719,437,92,18,0,\N,W,21,0,0,\N,\N,\N,\N,\N,\N,54
17416,719,438,92,19,0,\N,W,22,0,0,\N,\N,\N,\N,\N,\N,54
17417,719,439,86,22,0,\N,W,23,0,0,\N,\N,\N,\N,\N,\N,54
17418,719,385,66,23,0,\N,W,24,0,0,\N,\N,\N,\N,\N,\N,54
17419,719,430,95,24,0,\N,W,25,0,0,\N,\N,\N,\N,\N,\N,54
17420,720,373,172,1,8,1,1,1,9,32,2:27:47.6,8867600,\N,\N,\N,\N,1
17421,720,360,170,14,5,2,2,2,6,32,+4:54.0,9161600,\N,\N,\N,\N,1
17422,720,364,34,18,2,3,3,3,4,31,\N,\N,\N,\N,\N,\N,11
17423,720,386,66,8,9,4,4,4,3,31,\N,\N,\N,\N,\N,\N,11
17424,720,347,170,12,13,5,5,5,2,30,\N,\N,\N,\N,\N,\N,12
17425,720,430,95,29,18,6,6,6,1,30,\N,\N,\N,\N,\N,\N,12
17426,720,408,170,15,4,7,7,7,0,27,\N,\N,\N,\N,\N,\N,3
17427,720,438,92,24,19,8,8,8,0,25,\N,\N,\N,\N,\N,\N,3
17428,720,341,6,9,10,\N,R,9,0,19,\N,\N,\N,\N,\N,\N,98
17429,720,289,66,7,1,\N,R,10,0,17,\N,\N,\N,\N,\N,\N,6
17430,720,376,26,22,16,\N,R,11,0,17,\N,\N,\N,\N,\N,\N,3
17431,720,440,176,5,12,\N,R,12,0,16,\N,\N,\N,\N,\N,\N,3
17432,720,346,176,28,14,\N,R,13,0,16,\N,\N,\N,\N,\N,\N,3
17433,720,403,54,26,17,\N,R,14,0,13,\N,\N,\N,\N,\N,\N,6
17434,720,356,34,17,6,\N,R,15,0,12,\N,\N,\N,\N,\N,\N,98
17435,720,278,26,21,15,\N,R,16,0,10,\N,\N,\N,\N,\N,\N,44
17436,720,404,94,4,7,\N,R,17,0,9,\N,\N,\N,\N,\N,\N,6
17437,720,435,6,10,3,\N,R,18,0,7,\N,\N,\N,\N,\N,\N,98
17438,720,394,54,27,20,\N,R,19,0,7,\N,\N,\N,\N,\N,\N,6
17439,720,401,172,2,11,\N,R,20,0,5,\N,\N,\N,\N,\N,\N,68
17440,720,397,172,3,0,\N,W,21,0,0,\N,\N,\N,\N,\N,\N,54
17441,720,375,6,11,0,\N,W,22,0,0,\N,\N,\N,\N,\N,\N,54
17442,720,385,66,19,0,\N,W,23,0,0,\N,\N,\N,\N,\N,\N,54
17443,720,437,92,25,0,\N,W,24,0,0,\N,\N,\N,\N,\N,\N,54
17444,721,373,172,6,1,1,1,1,9,80,2:08:13.7,7693700,\N,\N,\N,\N,1
17445,721,364,34,18,14,2,2,2,6,79,\N,\N,\N,\N,\N,\N,11
17446,721,341,6,2,5,3,3,3,4,79,\N,\N,\N,\N,\N,\N,11
17447,721,404,94,30,7,4,4,4,3,79,\N,\N,\N,\N,\N,\N,11
17448,721,386,66,14,6,5,5,5,2,79,\N,\N,\N,\N,\N,\N,11
17449,721,375,6,4,11,6,6,6,1,78,\N,\N,\N,\N,\N,\N,12
17450,721,346,176,36,17,7,7,7,0,77,\N,\N,\N,\N,\N,\N,13
17451,721,440,176,42,18,8,8,8,0,77,\N,\N,\N,\N,\N,\N,13
17452,721,430,95,32,19,9,9,9,0,75,\N,\N,\N,\N,\N,\N,15
17453,721,401,172,8,10,10,10,10,0,66,\N,\N,\N,\N,\N,\N,111
17454,721,347,170,28,8,11,11,11,0,56,\N,\N,\N,\N,\N,\N,117
17455,721,289,66,12,2,\N,R,12,0,69,\N,\N,\N,\N,\N,\N,25
17456,721,356,34,16,4,\N,R,13,0,68,\N,\N,\N,\N,\N,\N,3
17457,721,278,26,10,12,\N,R,14,0,29,\N,\N,\N,\N,\N,\N,103
17458,721,394,54,26,15,\N,R,15,0,17,\N,\N,\N,\N,\N,\N,80
17459,721,403,54,24,13,\N,R,16,0,15,\N,\N,\N,\N,\N,\N,22
17460,721,408,170,22,9,\N,R,17,0,14,\N,\N,\N,\N,\N,\N,25
17461,721,360,170,20,3,\N,R,18,0,7,\N,\N,\N,\N,\N,\N,6
17462,721,423,95,34,16,\N,R,19,0,2,\N,\N,\N,\N,\N,\N,8
17463,721,438,92,38,0,\N,W,20,0,0,\N,\N,\N,\N,\N,\N,54
17464,721,437,92,40,0,\N,W,21,0,0,\N,\N,\N,\N,\N,\N,54
17465,722,373,172,18,1,1,1,1,9,53,2:10:54.3,7854300,\N,\N,\N,\N,1
17466,722,408,170,12,8,2,2,2,6,53,+1:04.9,7919200,\N,\N,\N,\N,1
17467,722,289,66,2,2,3,3,3,0,53,+1:13.9,7928200,\N,\N,\N,\N,1
17468,722,356,34,6,5,4,4,4,3,53,+2:15.2,7989500,\N,\N,\N,\N,1
17469,722,364,34,8,3,5,5,5,2,53,+2:33.4,8007700,\N,\N,\N,\N,1
17470,722,346,176,36,10,6,6,6,1,52,\N,\N,\N,\N,\N,\N,11
17471,722,278,26,30,17,7,7,7,0,51,\N,\N,\N,\N,\N,\N,12
17472,722,427,172,28,15,8,8,8,0,50,\N,\N,\N,\N,\N,\N,13
17473,722,404,94,32,9,9,9,9,0,49,\N,\N,\N,\N,\N,\N,14
17474,722,385,66,46,21,10,10,10,0,45,\N,\N,\N,\N,\N,\N,18
17475,722,440,176,34,18,11,11,11,0,45,\N,\N,\N,\N,\N,\N,18
17476,722,360,170,10,6,12,12,12,0,42,\N,\N,\N,\N,\N,\N,80
17477,722,401,172,20,7,13,13,13,0,41,\N,\N,\N,\N,\N,\N,22
17478,722,403,176,42,13,\N,N,14,0,34,\N,\N,\N,\N,\N,\N,62
17479,722,347,170,44,11,\N,N,15,0,32,\N,\N,\N,\N,\N,\N,62
17480,722,418,176,48,19,\N,R,16,0,30,\N,\N,\N,\N,\N,\N,6
17481,722,341,6,16,4,\N,R,17,0,12,\N,\N,\N,\N,\N,\N,48
17482,722,438,92,38,20,\N,R,18,0,5,\N,\N,\N,\N,\N,\N,67
17483,722,386,66,4,12,\N,R,19,0,4,\N,\N,\N,\N,\N,\N,21
17484,722,375,6,14,0,\N,W,20,0,0,\N,\N,\N,\N,\N,\N,54
17485,722,397,172,22,0,\N,W,21,0,0,\N,\N,\N,\N,\N,\N,54
17486,722,394,54,26,0,\N,W,22,0,0,\N,\N,\N,\N,\N,\N,54
17487,722,437,92,40,0,\N,W,23,0,0,\N,\N,\N,\N,\N,\N,54
17488,722,439,86,50,0,\N,W,24,0,0,\N,\N,\N,\N,\N,\N,54
17489,723,373,172,4,1,1,1,1,9,82,2:14:09.6,8049600,\N,\N,\N,\N,1
17490,723,341,6,10,5,2,2,2,6,82,+25.8,8075400,\N,\N,\N,\N,1
17491,723,289,66,1,3,3,3,3,4,82,+37.6,8087200,\N,\N,\N,\N,1
17492,723,386,66,2,9,4,4,4,3,81,\N,\N,\N,\N,\N,\N,11
17493,723,385,66,3,8,5,5,5,2,81,\N,\N,\N,\N,\N,\N,11
17494,723,440,176,12,13,6,6,6,1,80,\N,\N,\N,\N,\N,\N,12
17495,723,278,26,19,14,7,7,7,0,80,\N,\N,\N,\N,\N,\N,12
17496,723,305,172,20,17,8,8,8,0,78,\N,\N,\N,\N,\N,\N,14
17497,723,408,170,7,7,9,9,9,0,78,\N,\N,\N,\N,\N,\N,14
17498,723,430,95,23,21,10,10,10,0,76,\N,\N,\N,\N,\N,\N,16
17499,723,418,176,21,22,11,11,11,0,75,\N,\N,\N,\N,\N,\N,17
17500,723,383,26,22,16,12,12,12,0,75,\N,\N,\N,\N,\N,\N,17
17501,723,436,26,24,23,13,13,13,0,74,\N,\N,\N,\N,\N,\N,18
17502,723,346,176,25,15,\N,R,14,0,66,\N,\N,\N,\N,\N,\N,6
17503,723,347,170,14,12,\N,R,15,0,65,\N,\N,\N,\N,\N,\N,51
17504,723,364,34,9,2,\N,R,16,0,59,\N,\N,\N,\N,\N,\N,5
17505,723,420,97,26,19,\N,R,17,0,59,\N,\N,\N,\N,\N,\N,6
17506,723,437,92,16,20,\N,R,18,0,36,\N,\N,\N,\N,\N,\N,80
17507,723,356,34,8,4,\N,R,19,0,27,\N,\N,\N,\N,\N,\N,5
17508,723,404,94,11,11,\N,R,20,0,26,\N,\N,\N,\N,\N,\N,80
17509,723,401,172,5,10,\N,R,21,0,23,\N,\N,\N,\N,\N,\N,48
17510,723,438,92,15,18,\N,R,22,0,20,\N,\N,\N,\N,\N,\N,80
17511,723,360,170,6,6,\N,R,23,0,6,\N,\N,\N,\N,\N,\N,5
17512,723,439,86,27,0,\N,W,24,0,0,\N,\N,\N,\N,\N,\N,54
17513,723,394,54,17,0,\N,W,25,0,0,\N,\N,\N,\N,\N,\N,54
17514,723,403,54,18,0,\N,W,26,0,0,\N,\N,\N,\N,\N,\N,54
17515,724,341,6,7,2,1,1,1,9,15,2:13:06.8,7986800,\N,\N,\N,\N,1
17516,724,373,172,3,1,2,2,2,6,15,+1:17.5,8064300,\N,\N,\N,\N,1
17517,724,386,66,2,6,3,3,3,4,15,+2:44.9,8151700,\N,\N,\N,\N,1
17518,724,423,95,26,15,4,4,4,3,15,+8:11.5,8478300,\N,\N,\N,\N,1
17519,724,440,176,20,16,5,5,5,2,14,\N,\N,\N,\N,\N,\N,11
17520,724,347,170,16,12,6,6,6,1,14,\N,\N,\N,\N,\N,\N,11
17521,724,356,34,9,8,7,7,7,0,14,\N,\N,\N,\N,\N,\N,11
17522,724,401,172,4,18,8,8,8,0,14,\N,\N,\N,\N,\N,\N,11
17523,724,346,176,18,9,9,9,9,0,10,\N,\N,\N,\N,\N,\N,24
17524,724,428,172,28,21,10,10,10,0,10,\N,\N,\N,\N,\N,\N,15
17525,724,430,95,17,17,\N,R,11,0,9,\N,\N,\N,\N,\N,\N,36
17526,724,408,170,6,10,\N,R,12,0,7,\N,\N,\N,\N,\N,\N,5
17527,724,364,34,10,13,\N,R,13,0,6,\N,\N,\N,\N,\N,\N,6
17528,724,432,170,22,20,\N,R,14,0,6,\N,\N,\N,\N,\N,\N,6
17529,724,437,92,24,19,\N,R,15,0,5,\N,\N,\N,\N,\N,\N,38
17530,724,438,92,23,22,\N,R,16,0,5,\N,\N,\N,\N,\N,\N,3
17531,724,360,170,5,5,\N,R,17,0,3,\N,\N,\N,\N,\N,\N,3
17532,724,289,66,1,4,\N,R,18,0,2,\N,\N,\N,\N,\N,\N,6
17533,724,278,26,21,14,\N,R,19,0,1,\N,\N,\N,\N,\N,\N,3
17534,724,435,6,8,7,\N,R,20,0,1,\N,\N,\N,\N,\N,\N,3
17535,724,404,176,14,11,\N,R,21,0,1,\N,\N,\N,\N,\N,\N,3
17536,724,385,66,15,3,\N,R,22,0,0,\N,\N,\N,\N,\N,\N,3
17537,724,429,172,29,0,\N,F,23,0,0,\N,\N,\N,\N,\N,\N,81
17538,724,420,97,25,0,\N,F,24,0,0,\N,\N,\N,\N,\N,\N,81
17539,724,441,172,30,0,\N,F,25,0,0,\N,\N,\N,\N,\N,\N,81
17540,724,442,177,27,0,\N,F,26,0,0,\N,\N,\N,\N,\N,\N,81
17541,724,403,54,11,0,\N,W,27,0,0,\N,\N,\N,\N,\N,\N,54
17542,724,394,54,12,0,\N,W,28,0,0,\N,\N,\N,\N,\N,\N,54
17543,724,418,176,19,0,\N,W,29,0,0,\N,\N,\N,\N,\N,\N,54
17544,725,373,172,8,3,1,1,1,9,86,2:24:19.6,8659600,\N,\N,\N,\N,1
17545,725,386,66,10,4,2,2,2,6,86,+1:35.0,8754600,\N,\N,\N,\N,1
17546,725,360,170,18,8,3,3,3,4,85,\N,\N,\N,\N,\N,\N,11
17547,725,404,94,32,10,4,4,4,3,84,\N,\N,\N,\N,\N,\N,5
17548,725,356,34,22,7,5,5,5,2,84,\N,\N,\N,\N,\N,\N,12
17549,725,408,170,20,13,6,6,6,1,84,\N,\N,\N,\N,\N,\N,12
17550,725,347,170,58,11,7,7,7,0,84,\N,\N,\N,\N,\N,\N,12
17551,725,440,176,30,17,8,8,8,0,84,\N,\N,\N,\N,\N,\N,12
17552,725,427,66,66,20,9,9,9,0,83,\N,\N,\N,\N,\N,\N,13
17553,725,305,26,40,18,10,10,10,0,82,\N,\N,\N,\N,\N,\N,14
17554,725,403,54,16,14,11,11,11,0,79,\N,\N,\N,\N,\N,\N,17
17555,725,383,26,48,19,12,12,12,0,79,\N,\N,\N,\N,\N,\N,17
17556,725,374,172,6,9,13,13,13,0,73,\N,\N,\N,\N,\N,\N,51
17557,725,364,34,24,5,14,14,14,0,64,\N,\N,\N,\N,\N,\N,69
17558,725,394,54,14,25,15,15,15,0,63,\N,\N,\N,\N,\N,\N,119
17559,725,289,66,12,2,16,16,16,0,59,\N,\N,\N,\N,\N,\N,8
17560,725,346,176,54,16,\N,R,17,0,40,\N,\N,\N,\N,\N,\N,51
17561,725,385,6,2,6,\N,R,18,0,37,\N,\N,\N,\N,\N,\N,6
17562,725,418,176,42,12,\N,R,19,0,26,\N,\N,\N,\N,\N,\N,5
17563,725,341,6,4,1,\N,R,20,0,16,\N,\N,\N,\N,\N,\N,5
17564,725,278,26,38,0,\N,W,21,0,0,\N,\N,\N,\N,\N,\N,54
17565,725,432,170,64,0,\N,F,22,0,0,\N,\N,\N,\N,\N,\N,81
17566,725,420,97,50,0,\N,F,23,0,0,\N,\N,\N,\N,\N,\N,81
17567,725,438,92,34,0,\N,F,24,0,0,\N,\N,\N,\N,\N,\N,81
17568,725,430,95,28,0,\N,F,25,0,0,\N,\N,\N,\N,\N,\N,81
17569,725,443,167,62,0,\N,F,26,0,0,\N,\N,\N,\N,\N,\N,81
17570,725,429,172,46,0,\N,F,27,0,0,\N,\N,\N,\N,\N,\N,81
17571,725,444,179,44,0,\N,F,28,0,0,\N,\N,\N,\N,\N,\N,81
17572,725,423,95,26,0,\N,W,29,0,0,\N,\N,\N,\N,\N,\N,54
17573,725,437,92,36,0,\N,W,30,0,0,\N,\N,\N,\N,\N,\N,54
17574,725,445,176,52,0,\N,W,31,0,0,\N,\N,\N,\N,\N,\N,54
17575,725,446,95,56,0,\N,W,32,0,0,\N,\N,\N,\N,\N,\N,54
17576,725,447,173,60,0,\N,W,33,0,0,\N,\N,\N,\N,\N,\N,54
17577,726,289,66,1,1,1,1,1,9,110,2:19:22.1,8362100,\N,\N,\N,\N,1
17578,726,386,66,2,4,2,2,2,6,110,+34.3,8396400,\N,\N,\N,\N,1
17579,726,373,172,8,2,3,3,3,4,109,\N,\N,\N,\N,\N,\N,11
17580,726,356,34,5,5,4,4,4,3,108,\N,\N,\N,\N,\N,\N,12
17581,726,385,6,24,9,5,5,5,2,106,\N,\N,\N,\N,\N,\N,14
17582,726,430,95,12,19,6,6,6,1,99,\N,\N,\N,\N,\N,\N,45
17583,726,448,98,21,21,7,7,7,0,88,\N,\N,\N,\N,\N,\N,115
17584,726,347,170,11,12,8,8,8,0,85,\N,\N,\N,\N,\N,\N,113
17585,726,341,6,23,3,9,9,9,0,82,\N,\N,\N,\N,\N,\N,5
17586,726,440,176,16,16,10,10,10,0,76,\N,\N,\N,\N,\N,\N,6
17587,726,360,170,3,11,11,11,11,0,74,\N,\N,\N,\N,\N,\N,48
17588,726,346,176,14,14,\N,R,12,0,56,\N,\N,\N,\N,\N,\N,6
17589,726,408,170,4,10,\N,R,13,0,44,\N,\N,\N,\N,\N,\N,80
17590,726,449,176,18,17,\N,R,14,0,44,\N,\N,\N,\N,\N,\N,6
17591,726,364,34,6,6,\N,R,15,0,42,\N,\N,\N,\N,\N,\N,83
17592,726,345,172,10,13,\N,R,16,0,36,\N,\N,\N,\N,\N,\N,5
17593,726,401,172,9,7,\N,R,17,0,24,\N,\N,\N,\N,\N,\N,10
17594,726,418,26,17,8,\N,R,18,0,14,\N,\N,\N,\N,\N,\N,5
17595,726,434,176,22,18,\N,R,19,0,6,\N,\N,\N,\N,\N,\N,31
17596,726,403,54,25,15,\N,R,20,0,4,\N,\N,\N,\N,\N,\N,94
17597,726,394,54,26,20,\N,R,21,0,0,\N,\N,\N,\N,\N,\N,94
17598,726,433,172,7,0,\N,W,22,0,0,\N,\N,\N,\N,\N,\N,54
17599,726,404,176,15,0,\N,W,23,0,0,\N,\N,\N,\N,\N,\N,54
17600,726,450,98,19,0,\N,W,24,0,0,\N,\N,\N,\N,\N,\N,54
17601,727,373,172,8,1,1,1,1,9,65,2:09:52.1,7792100,\N,\N,\N,\N,1
17602,727,356,34,5,10,2,2,2,6,65,+1:41.1,7893200,\N,\N,\N,\N,1
17603,727,386,66,2,5,3,3,3,4,65,+1:54.7,7906800,\N,\N,\N,\N,1
17604,727,289,66,1,3,4,4,4,3,64,\N,\N,\N,\N,\N,\N,11
17605,727,347,170,11,8,5,5,5,2,62,\N,\N,\N,\N,\N,\N,13
17606,727,364,34,6,4,6,6,6,1,62,\N,\N,\N,\N,\N,\N,13
17607,727,434,176,22,16,7,7,7,0,61,\N,\N,\N,\N,\N,\N,14
17608,727,440,176,16,15,8,8,8,0,61,\N,\N,\N,\N,\N,\N,14
17609,727,346,176,14,9,9,9,9,0,59,\N,\N,\N,\N,\N,\N,16
17610,727,430,95,12,18,10,10,10,0,58,\N,\N,\N,\N,\N,\N,17
17611,727,382,66,13,11,11,11,11,0,57,\N,\N,\N,\N,\N,\N,5
17612,727,403,54,25,17,\N,R,12,0,46,\N,\N,\N,\N,\N,\N,22
17613,727,385,6,24,7,\N,R,13,0,36,\N,\N,\N,\N,\N,\N,80
17614,727,360,170,3,6,\N,R,14,0,30,\N,\N,\N,\N,\N,\N,5
17615,727,345,172,10,20,\N,R,15,0,26,\N,\N,\N,\N,\N,\N,22
17616,727,418,26,17,14,\N,R,16,0,23,\N,\N,\N,\N,\N,\N,22
17617,727,341,6,23,2,\N,D,17,0,19,\N,\N,\N,\N,\N,\N,2
17618,727,401,172,9,12,\N,R,18,0,19,\N,\N,\N,\N,\N,\N,5
17619,727,394,54,26,21,\N,R,19,0,12,\N,\N,\N,\N,\N,\N,5
17620,727,278,176,18,19,\N,R,20,0,9,\N,\N,\N,\N,\N,\N,6
17621,727,408,170,4,13,\N,R,21,0,7,\N,\N,\N,\N,\N,\N,5
17622,727,451,170,20,0,\N,W,22,0,0,\N,\N,\N,\N,\N,\N,54
17623,727,433,32,7,0,\N,W,23,0,0,\N,\N,\N,\N,\N,\N,54
17624,727,404,176,15,0,\N,W,24,0,0,\N,\N,\N,\N,\N,\N,54
17625,727,452,172,19,0,\N,W,25,0,0,\N,\N,\N,\N,\N,\N,54
17626,729,289,66,17,2,1,1,1,9,80,2:11:02.1,7862100,\N,\N,\N,\N,1
17627,729,401,172,5,10,2,2,2,6,80,+27.2,7889300,\N,\N,\N,\N,1
17628,729,403,6,1,9,3,3,3,4,80,+1:21.1,7943200,\N,\N,\N,\N,1
17629,729,394,6,2,12,4,4,4,3,79,\N,\N,\N,\N,\N,\N,11
17630,729,408,170,7,15,5,5,5,2,78,\N,\N,\N,\N,\N,\N,12
17631,729,430,95,14,14,6,6,6,1,76,\N,\N,\N,\N,\N,\N,14
17632,729,347,95,11,13,7,7,7,0,75,\N,\N,\N,\N,\N,\N,15
17633,729,453,170,21,7,8,8,8,0,70,\N,\N,\N,\N,\N,\N,88
17634,729,373,172,4,3,9,9,9,0,70,\N,\N,\N,\N,\N,\N,88
17635,729,454,6,3,11,\N,R,10,0,73,\N,\N,\N,\N,\N,\N,3
17636,729,386,66,18,7,\N,R,11,0,71,\N,\N,\N,\N,\N,\N,3
17637,729,404,172,9,6,\N,R,12,0,61,\N,\N,\N,\N,\N,\N,3
17638,729,418,172,10,16,\N,R,13,0,54,\N,\N,\N,\N,\N,\N,86
17639,729,455,99,16,20,\N,N,14,0,52,\N,\N,\N,\N,\N,\N,62
17640,729,364,95,12,8,\N,R,15,0,47,\N,\N,\N,\N,\N,\N,6
17641,729,360,170,6,5,\N,R,16,0,21,\N,\N,\N,\N,\N,\N,6
17642,729,456,26,20,17,\N,R,17,0,12,\N,\N,\N,\N,\N,\N,54
17643,729,341,26,19,1,\N,R,18,0,8,\N,\N,\N,\N,\N,\N,3
17644,729,356,172,8,4,\N,R,19,0,4,\N,\N,\N,\N,\N,\N,3
17645,729,457,95,15,10,\N,R,20,0,2,\N,\N,\N,\N,\N,\N,3
17646,729,458,95,16,0,\N,W,21,0,0,\N,\N,\N,\N,\N,\N,54
17647,729,427,172,21,0,\N,W,22,0,0,\N,\N,\N,\N,\N,\N,54
17648,730,360,170,14,3,1,1,1,9,100,2:46:29.7,9989700,\N,\N,\N,\N,1
17649,730,403,6,36,9,2,2,2,6,100,+1.3,9991000,\N,\N,\N,\N,1
17650,730,385,6,38,10,3,3,3,4,100,+1:24.1,10073800,\N,\N,\N,\N,1
17651,730,341,26,28,11,4,4,4,3,99,\N,\N,\N,\N,\N,\N,11
17652,730,347,95,2,18,5,5,5,2,93,\N,\N,\N,\N,\N,\N,17
17653,730,289,66,10,2,6,6,6,1,92,\N,\N,\N,\N,\N,\N,5
17654,730,435,6,40,4,7,7,7,0,90,\N,\N,\N,\N,\N,\N,51
17655,730,356,172,22,6,8,8,8,0,77,\N,\N,\N,\N,\N,\N,3
17656,730,404,172,34,8,\N,R,9,0,64,\N,\N,\N,\N,\N,\N,48
17657,730,373,172,18,1,\N,R,10,0,55,\N,\N,\N,\N,\N,\N,8
17658,730,456,26,26,12,\N,R,11,0,44,\N,\N,\N,\N,\N,\N,22
17659,730,408,170,16,19,\N,R,12,0,43,\N,\N,\N,\N,\N,\N,6
17660,730,401,172,20,17,\N,R,13,0,24,\N,\N,\N,\N,\N,\N,44
17661,730,364,95,4,5,\N,R,14,0,0,\N,\N,\N,\N,\N,\N,3
17662,730,427,172,30,7,\N,R,15,0,0,\N,\N,\N,\N,\N,\N,3
17663,730,386,66,8,14,\N,R,16,0,0,\N,\N,\N,\N,\N,\N,3
17664,730,346,172,46,0,\N,F,17,0,0,\N,\N,\N,\N,\N,\N,81
17665,730,453,66,24,0,\N,F,18,0,0,\N,\N,\N,\N,\N,\N,81
17666,730,418,176,32,0,\N,F,19,0,0,\N,\N,\N,\N,\N,\N,81
17667,730,430,95,44,0,\N,F,20,0,0,\N,\N,\N,\N,\N,\N,81
17668,730,425,172,42,0,\N,F,21,0,0,\N,\N,\N,\N,\N,\N,81
17669,730,454,6,40,0,\N,W,22,0,0,\N,\N,\N,\N,\N,\N,54
17670,730,424,175,6,0,\N,W,23,0,0,\N,\N,\N,\N,\N,\N,54
17671,730,459,66,12,0,\N,W,24,0,0,\N,\N,\N,\N,\N,\N,54
17672,731,373,172,16,13,1,1,1,9,32,2:07:32.3,7652300,\N,\N,\N,\N,1
17673,731,289,66,1,1,2,2,2,6,32,+44.1,7696400,\N,\N,\N,\N,1
17674,731,403,6,9,4,3,3,3,4,32,+2:06.5,7778800,\N,\N,\N,\N,1
17675,731,454,6,12,7,4,4,4,3,32,+2:06.6,7778900,\N,\N,\N,\N,1
17676,731,341,26,5,11,5,5,5,2,31,\N,\N,\N,\N,\N,\N,11
17677,731,356,172,15,15,6,6,6,1,30,\N,\N,\N,\N,\N,\N,12
17678,731,430,95,7,13,7,7,7,0,30,\N,\N,\N,\N,\N,\N,12
17679,731,427,172,18,16,8,8,8,0,30,\N,\N,\N,\N,\N,\N,12
17680,731,376,172,19,18,9,9,9,0,29,\N,\N,\N,\N,\N,\N,13
17681,731,346,172,22,17,10,10,10,0,29,\N,\N,\N,\N,\N,\N,13
17682,731,436,172,4,19,11,11,11,0,16,\N,\N,\N,\N,\N,\N,116
17683,731,401,172,17,3,\N,R,12,0,25,\N,\N,\N,\N,\N,\N,3
17684,731,435,6,10,6,\N,R,13,0,25,\N,\N,\N,\N,\N,\N,3
17685,731,386,66,2,9,\N,R,14,0,22,\N,\N,\N,\N,\N,\N,6
17686,731,408,170,26,10,\N,R,15,0,22,\N,\N,\N,\N,\N,\N,6
17687,731,360,170,25,2,\N,R,16,0,19,\N,\N,\N,\N,\N,\N,67
17688,731,418,176,21,8,\N,R,17,0,13,\N,\N,\N,\N,\N,\N,54
17689,731,404,172,20,5,\N,R,18,0,8,\N,\N,\N,\N,\N,\N,22
17690,731,394,6,11,14,\N,R,19,0,3,\N,\N,\N,\N,\N,\N,80
17691,731,364,176,23,0,\N,W,20,0,0,\N,\N,\N,\N,\N,\N,54
17692,731,459,66,3,0,\N,W,21,0,0,\N,\N,\N,\N,\N,\N,54
17693,731,453,66,4,0,\N,W,22,0,0,\N,\N,\N,\N,\N,\N,54
17694,731,460,66,4,0,\N,W,23,0,0,\N,\N,\N,\N,\N,\N,54
17695,731,456,26,6,0,\N,W,24,0,0,\N,\N,\N,\N,\N,\N,54
17696,731,461,95,8,0,\N,W,25,0,0,\N,\N,\N,\N,\N,\N,54
17697,731,347,95,24,0,\N,W,26,0,0,\N,\N,\N,\N,\N,\N,54
17698,732,364,95,30,6,1,1,1,9,54,2:07:05.5,7625500,\N,\N,\N,\N,1
17699,732,408,170,24,11,2,2,2,6,53,\N,\N,\N,\N,\N,\N,11
17700,732,386,66,10,10,3,3,3,4,52,\N,\N,\N,\N,\N,\N,12
17701,732,360,170,22,3,4,4,4,3,51,\N,\N,\N,\N,\N,\N,13
17702,732,341,26,18,5,5,5,5,2,51,\N,\N,\N,\N,\N,\N,13
17703,732,430,95,38,17,6,6,6,1,51,\N,\N,\N,\N,\N,\N,13
17704,732,427,172,28,13,7,7,7,0,50,\N,\N,\N,\N,\N,\N,14
17705,732,401,172,14,12,8,8,8,0,48,\N,\N,\N,\N,\N,\N,16
17706,732,289,66,8,2,9,9,9,0,44,\N,\N,\N,\N,\N,\N,88
17707,732,347,95,32,9,\N,R,10,0,43,\N,\N,\N,\N,\N,\N,69
17708,732,373,172,12,1,\N,R,11,0,34,\N,\N,\N,\N,\N,\N,22
17709,732,453,87,42,16,\N,R,12,0,28,\N,\N,\N,\N,\N,\N,3
17710,732,456,26,20,14,\N,R,13,0,21,\N,\N,\N,\N,\N,\N,51
17711,732,418,176,34,7,\N,R,14,0,15,\N,\N,\N,\N,\N,\N,25
17712,732,356,172,26,4,\N,R,15,0,11,\N,\N,\N,\N,\N,\N,22
17713,732,346,176,40,15,\N,R,16,0,6,\N,\N,\N,\N,\N,\N,8
17714,732,404,172,36,8,\N,R,17,0,1,\N,\N,\N,\N,\N,\N,29
17715,732,397,32,16,0,\N,W,18,0,0,\N,\N,\N,\N,\N,\N,54
17716,732,459,66,\N,0,\N,W,19,0,0,\N,\N,\N,\N,\N,\N,54
17717,732,462,95,\N,0,\N,W,20,0,0,\N,\N,\N,\N,\N,\N,54
17718,732,446,172,\N,0,\N,W,21,0,0,\N,\N,\N,\N,\N,\N,54
17719,732,437,170,\N,0,\N,W,22,0,0,\N,\N,\N,\N,\N,\N,54
17720,733,373,172,20,1,1,1,1,9,75,2:26:20.8,8780800,\N,\N,\N,\N,1
17721,733,341,26,24,2,2,2,2,6,75,+49.2,8830000,\N,\N,\N,\N,1
17722,733,360,170,16,4,3,3,3,4,75,+1:44.8,8885600,\N,\N,\N,\N,1
17723,733,289,66,12,5,4,4,4,3,75,+1:56.8,8897600,\N,\N,\N,\N,1
17724,733,356,172,30,9,5,5,5,2,74,\N,\N,\N,\N,\N,\N,11
17725,733,408,170,18,13,6,6,6,1,74,\N,\N,\N,\N,\N,\N,11
17726,733,418,172,34,14,7,7,7,0,74,\N,\N,\N,\N,\N,\N,11
17727,733,401,172,22,10,8,8,8,0,74,\N,\N,\N,\N,\N,\N,11
17728,733,364,95,8,6,9,9,9,0,73,\N,\N,\N,\N,\N,\N,12
17729,733,453,170,42,15,10,10,10,0,72,\N,\N,\N,\N,\N,\N,13
17730,733,438,99,40,19,11,11,11,0,71,\N,\N,\N,\N,\N,\N,14
17731,733,437,170,36,16,12,12,12,0,71,\N,\N,\N,\N,\N,\N,14
17732,733,386,66,14,8,13,13,13,0,70,\N,\N,\N,\N,\N,\N,15
17733,733,430,95,54,17,14,14,14,0,69,\N,\N,\N,\N,\N,\N,16
17734,733,463,172,46,20,15,15,15,0,64,\N,\N,\N,\N,\N,\N,45
17735,733,404,172,32,3,16,16,16,0,61,\N,\N,\N,\N,\N,\N,111
17736,733,403,6,2,12,\N,R,17,0,47,\N,\N,\N,\N,\N,\N,5
17737,733,456,26,26,11,\N,R,18,0,35,\N,\N,\N,\N,\N,\N,84
17738,733,347,95,10,7,\N,R,19,0,27,\N,\N,\N,\N,\N,\N,24
17739,733,455,176,44,21,\N,R,20,0,11,\N,\N,\N,\N,\N,\N,23
17740,733,464,172,48,18,\N,R,21,0,6,\N,\N,\N,\N,\N,\N,5
17741,733,465,172,48,0,\N,W,22,0,0,\N,\N,\N,\N,\N,\N,54
17742,733,427,172,28,0,\N,W,23,0,0,\N,\N,\N,\N,\N,\N,54
17743,733,436,99,38,0,\N,W,24,0,0,\N,\N,\N,\N,\N,\N,54
17744,733,465,97,50,0,\N,W,25,0,0,\N,\N,\N,\N,\N,\N,54
17745,733,346,176,52,0,\N,W,26,0,0,\N,\N,\N,\N,\N,\N,54
17746,734,289,66,11,2,1,1,1,9,15,2:38:45.3,9525300,\N,\N,\N,\N,1
17747,734,341,26,14,4,2,2,2,6,15,+2.5,9527800,\N,\N,\N,\N,1
17748,734,364,95,7,1,3,3,3,4,15,+4.4,9529700,\N,\N,\N,\N,1
17749,734,373,172,5,3,4,4,4,3,15,+42.1,9567400,\N,\N,\N,\N,1
17750,734,360,170,9,5,5,5,5,2,15,+1:19.6,9604900,\N,\N,\N,\N,1
17751,734,454,6,3,10,6,6,6,1,15,+1:23.8,9609100,\N,\N,\N,\N,1
17752,734,347,95,8,6,7,7,7,0,15,+4:37.3,9802600,\N,\N,\N,\N,1
17753,734,386,66,12,7,8,8,8,0,15,+5:00.1,9825400,\N,\N,\N,\N,1
17754,734,408,170,10,23,9,9,9,0,15,+5:07.0,9832300,\N,\N,\N,\N,1
17755,734,394,6,2,13,10,10,10,0,15,+8:14.7,10020000,\N,\N,\N,\N,1
17756,734,437,170,25,16,11,11,11,0,15,+8:15.3,10020600,\N,\N,\N,\N,1
17757,734,346,172,19,17,12,12,12,0,15,+8:15.5,10020800,\N,\N,\N,\N,1
17758,734,430,95,18,8,13,13,13,0,15,+9:11.8,10077100,\N,\N,\N,\N,1
17759,734,466,95,32,14,14,14,14,0,14,\N,\N,\N,\N,\N,\N,11
17760,734,425,95,26,15,15,15,15,0,14,\N,\N,\N,\N,\N,\N,11
17761,734,376,100,21,25,16,16,16,0,14,\N,\N,\N,\N,\N,\N,11
17762,734,453,170,20,21,\N,R,17,0,10,\N,\N,\N,\N,\N,\N,22
17763,734,403,6,1,12,\N,R,18,0,9,\N,\N,\N,\N,\N,\N,22
17764,734,356,34,16,24,\N,R,19,0,9,\N,\N,\N,\N,\N,\N,37
17765,734,465,97,27,19,\N,R,20,0,7,\N,\N,\N,\N,\N,\N,22
17766,734,456,26,15,9,\N,R,21,0,4,\N,\N,\N,\N,\N,\N,6
17767,734,427,172,17,11,\N,R,22,0,4,\N,\N,\N,\N,\N,\N,6
17768,734,385,6,4,18,\N,R,23,0,4,\N,\N,\N,\N,\N,\N,3
17769,734,461,176,28,20,\N,R,24,0,4,\N,\N,\N,\N,\N,\N,51
17770,734,428,170,31,22,\N,R,25,0,2,\N,\N,\N,\N,\N,\N,6
17771,734,401,172,6,26,\N,R,26,0,0,\N,\N,\N,\N,\N,\N,3
17772,734,464,172,29,0,\N,F,27,0,0,\N,\N,\N,\N,\N,\N,81
17773,734,455,176,34,0,\N,F,28,0,0,\N,\N,\N,\N,\N,\N,81
17774,734,463,172,30,0,\N,F,29,0,0,\N,\N,\N,\N,\N,\N,81
17775,734,445,176,34,0,\N,F,30,0,0,\N,\N,\N,\N,\N,\N,81
17776,734,459,66,33,0,\N,W,31,0,0,\N,\N,\N,\N,\N,\N,54
17777,735,289,66,14,2,1,1,1,9,86,2:29:08.4,8948400,\N,\N,\N,\N,1
17778,735,386,66,12,3,2,2,2,6,86,+29.8,8978200,\N,\N,\N,\N,1
17779,735,360,170,28,4,3,3,3,4,86,+57.8,9006200,\N,\N,\N,\N,1
17780,735,435,6,8,10,4,4,4,3,86,+58.2,9006600,\N,\N,\N,\N,1
17781,735,394,6,2,18,5,5,5,2,86,+1:31.3,9039700,\N,\N,\N,\N,1
17782,735,347,95,18,9,6,6,6,1,85,\N,\N,\N,\N,\N,\N,11
17783,735,408,170,30,12,7,7,7,0,85,\N,\N,\N,\N,\N,\N,11
17784,735,385,6,6,17,8,8,8,0,84,\N,\N,\N,\N,\N,\N,12
17785,735,425,172,24,14,9,9,9,0,84,\N,\N,\N,\N,\N,\N,12
17786,735,430,95,32,20,10,10,10,0,81,\N,\N,\N,\N,\N,\N,15
17787,735,403,6,10,15,11,11,11,0,81,\N,\N,\N,\N,\N,\N,15
17788,735,418,176,38,6,12,12,12,0,77,\N,\N,\N,\N,\N,\N,19
17789,735,364,95,16,7,13,13,13,0,66,\N,\N,\N,\N,\N,\N,24
17790,735,454,6,4,11,14,14,14,0,63,\N,\N,\N,\N,\N,\N,80
17791,735,404,172,40,5,\N,R,15,0,45,\N,\N,\N,\N,\N,\N,22
17792,735,341,26,46,8,\N,R,16,0,42,\N,\N,\N,\N,\N,\N,5
17793,735,456,26,44,13,\N,R,17,0,41,\N,\N,\N,\N,\N,\N,5
17794,735,401,172,22,16,\N,R,18,0,25,\N,\N,\N,\N,\N,\N,6
17795,735,438,99,48,21,\N,R,19,0,18,\N,\N,\N,\N,\N,\N,5
17796,735,427,172,36,19,\N,R,20,0,17,\N,\N,\N,\N,\N,\N,10
17797,735,373,172,20,1,\N,R,21,0,12,\N,\N,\N,\N,\N,\N,6
17798,735,464,176,60,0,\N,F,22,0,0,\N,\N,\N,\N,\N,\N,81
17799,735,465,97,56,0,\N,F,23,0,0,\N,\N,\N,\N,\N,\N,81
17800,735,460,172,52,0,\N,F,24,0,0,\N,\N,\N,\N,\N,\N,81
17801,735,437,170,62,0,\N,F,25,0,0,\N,\N,\N,\N,\N,\N,81
17802,735,346,176,42,0,\N,F,26,0,0,\N,\N,\N,\N,\N,\N,81
17803,735,467,172,54,0,\N,F,27,0,0,\N,\N,\N,\N,\N,\N,81
17804,735,444,174,50,0,\N,F,28,0,0,\N,\N,\N,\N,\N,\N,81
17805,735,463,172,26,0,\N,F,29,0,0,\N,\N,\N,\N,\N,\N,81
17806,735,439,86,34,0,\N,F,30,0,0,\N,\N,\N,\N,\N,\N,81
17807,735,442,177,58,0,\N,W,31,0,0,\N,\N,\N,\N,\N,\N,54
17808,736,373,172,8,1,1,1,1,9,100,2:07:13.0,7633000,\N,\N,\N,\N,1
17809,736,289,66,4,3,2,2,2,6,100,+9.2,7642200,\N,\N,\N,\N,1
17810,736,360,170,21,6,3,3,3,4,99,\N,\N,\N,\N,\N,\N,11
17811,736,356,34,17,5,4,4,4,3,99,\N,\N,\N,\N,\N,\N,11
17812,736,364,95,10,4,5,5,5,2,99,\N,\N,\N,\N,\N,\N,11
17813,736,418,176,16,7,6,6,6,1,99,\N,\N,\N,\N,\N,\N,11
17814,736,408,170,22,10,7,7,7,0,97,\N,\N,\N,\N,\N,\N,13
17815,736,404,172,15,16,8,8,8,0,96,\N,\N,\N,\N,\N,\N,14
17816,736,468,172,14,13,9,9,9,0,96,\N,\N,\N,\N,\N,\N,14
17817,736,469,172,26,17,10,10,10,0,93,\N,\N,\N,\N,\N,\N,17
17818,736,434,170,24,15,11,11,11,0,91,\N,\N,\N,\N,\N,\N,19
17819,736,401,172,9,8,12,12,12,0,85,\N,\N,\N,\N,\N,\N,112
17820,736,347,95,11,9,13,13,13,0,79,\N,\N,\N,\N,\N,\N,120
17821,736,386,66,5,2,\N,R,14,0,35,\N,\N,\N,\N,\N,\N,5
17822,736,427,172,6,19,\N,R,15,0,32,\N,\N,\N,\N,\N,\N,23
17823,736,470,170,23,12,\N,R,16,0,31,\N,\N,\N,\N,\N,\N,80
17824,736,341,26,18,20,\N,R,17,0,19,\N,\N,\N,\N,\N,\N,5
17825,736,430,95,12,14,\N,R,18,0,9,\N,\N,\N,\N,\N,\N,3
17826,736,456,26,19,0,\N,W,19,0,0,\N,\N,\N,\N,\N,\N,54
17827,736,440,172,25,0,\N,W,20,0,0,\N,\N,\N,\N,\N,\N,54
17828,737,289,66,3,2,1,1,1,9,82,2:08:03.3,7683300,\N,\N,\N,\N,1
17829,737,360,170,8,8,2,2,2,6,82,+49.8,7733100,\N,\N,\N,\N,1
17830,737,408,170,9,6,3,3,3,4,82,+50.3,7733600,\N,\N,\N,\N,1
17831,737,356,34,10,3,4,4,4,3,82,+53.8,7737100,\N,\N,\N,\N,1
17832,737,404,172,11,4,5,5,5,2,81,\N,\N,\N,\N,\N,\N,11
17833,737,410,172,20,10,6,6,6,1,78,\N,\N,\N,\N,\N,\N,14
17834,737,386,66,4,7,7,7,7,0,78,\N,\N,\N,\N,\N,\N,14
17835,737,340,170,18,12,8,8,8,0,78,\N,\N,\N,\N,\N,\N,14
17836,737,471,66,5,17,9,9,9,0,76,\N,\N,\N,\N,\N,\N,16
17837,737,413,172,14,13,10,10,10,0,71,\N,\N,\N,\N,\N,\N,45
17838,737,430,95,15,16,11,11,11,0,70,\N,\N,\N,\N,\N,\N,69
17839,737,373,172,1,1,\N,R,12,0,62,\N,\N,\N,\N,\N,\N,44
17840,737,411,89,21,14,\N,R,13,0,62,\N,\N,\N,\N,\N,\N,21
17841,737,456,26,7,11,\N,R,14,0,56,\N,\N,\N,\N,\N,\N,95
17842,737,472,178,22,15,\N,R,15,0,31,\N,\N,\N,\N,\N,\N,67
17843,737,341,26,6,5,\N,R,16,0,26,\N,\N,\N,\N,\N,\N,5
17844,737,401,172,2,9,\N,R,17,0,11,\N,\N,\N,\N,\N,\N,6
17845,737,473,172,12,0,\N,W,18,0,0,\N,\N,\N,\N,\N,\N,54
17846,737,474,172,16,0,\N,W,19,0,0,\N,\N,\N,\N,\N,\N,54
17847,737,438,99,17,0,\N,W,20,0,0,\N,\N,\N,\N,\N,\N,54
17848,737,368,172,19,0,\N,W,21,0,0,\N,\N,\N,\N,\N,\N,54
17849,738,475,172,20,1,1,1,1,9,100,2:45:50.1,9950100,\N,\N,\N,\N,1
17850,738,386,6,36,2,2,2,2,6,100,+3.6,9953700,\N,\N,\N,\N,1
17851,738,403,6,38,5,3,3,3,4,100,+41.3,9991400,\N,\N,\N,\N,1
17852,738,476,6,40,6,4,4,4,3,98,\N,\N,\N,\N,\N,\N,3
17853,738,364,95,4,11,5,5,5,2,98,\N,\N,\N,\N,\N,\N,12
17854,738,360,170,26,7,6,6,6,1,95,\N,\N,\N,\N,\N,\N,15
17855,738,427,167,42,16,7,7,7,0,95,\N,\N,\N,\N,\N,\N,15
17856,738,477,172,32,15,8,8,8,0,93,\N,\N,\N,\N,\N,\N,17
17857,738,478,95,6,13,9,9,9,0,91,\N,\N,\N,\N,\N,\N,19
17858,738,373,172,28,3,10,10,10,0,89,\N,\N,\N,\N,\N,\N,45
17859,738,341,170,22,12,11,11,11,0,68,\N,\N,\N,\N,\N,\N,5
17860,738,347,95,2,9,12,12,12,0,59,\N,\N,\N,\N,\N,\N,98
17861,738,479,66,16,8,13,13,13,0,54,\N,\N,\N,\N,\N,\N,5
17862,738,480,172,8,14,\N,R,14,0,42,\N,\N,\N,\N,\N,\N,108
17863,738,356,170,24,21,\N,R,15,0,38,\N,\N,\N,\N,\N,\N,80
17864,738,289,66,18,4,\N,R,16,0,11,\N,\N,\N,\N,\N,\N,48
17865,738,404,172,30,0,\N,W,17,0,0,\N,\N,\N,\N,\N,\N,54
17866,738,481,172,34,0,\N,F,18,0,0,\N,\N,\N,\N,\N,\N,81
17867,738,418,170,14,0,\N,F,19,0,0,\N,\N,\N,\N,\N,\N,81
17868,738,376,99,10,0,\N,F,20,0,0,\N,\N,\N,\N,\N,\N,81
17869,738,482,99,12,0,\N,F,21,0,0,\N,\N,\N,\N,\N,\N,81
17870,739,476,6,3,2,1,1,1,9,75,2:01:52.1,7312100,\N,\N,\N,\N,1
17871,739,403,6,1,1,2,2,2,6,75,+0.9,7313000,\N,\N,\N,\N,1
17872,739,373,172,15,11,3,3,3,4,75,+13.1,7325200,\N,\N,\N,\N,1
17873,739,475,172,14,4,4,4,4,3,75,+22.2,7334300,\N,\N,\N,\N,1
17874,739,386,6,2,3,5,5,5,2,75,+22.3,7334400,\N,\N,\N,\N,1
17875,739,356,170,10,7,6,6,6,1,75,+1:20.1,7392200,\N,\N,\N,\N,1
17876,739,341,170,12,9,7,7,7,0,75,+1:26.7,7398800,\N,\N,\N,\N,1
17877,739,289,66,4,5,8,8,8,0,75,+1:29.8,7401900,\N,\N,\N,\N,1
17878,739,479,66,5,8,9,9,9,0,74,\N,\N,\N,\N,\N,\N,11
17879,739,364,95,7,6,10,10,10,0,74,\N,\N,\N,\N,\N,\N,11
17880,739,347,95,6,12,11,11,11,0,73,\N,\N,\N,\N,\N,\N,12
17881,739,360,170,11,14,12,12,12,0,73,\N,\N,\N,\N,\N,\N,12
17882,739,401,172,16,16,13,13,13,0,73,\N,\N,\N,\N,\N,\N,12
17883,739,430,95,8,17,14,14,14,0,72,\N,\N,\N,\N,\N,\N,13
17884,739,478,95,9,13,15,15,15,0,72,\N,\N,\N,\N,\N,\N,13
17885,739,418,170,17,0,\N,W,16,0,0,\N,\N,\N,\N,\N,\N,54
17886,739,437,172,18,0,\N,W,17,0,0,\N,\N,\N,\N,\N,\N,54
17887,740,403,6,4,1,1,1,1,9,30,2:03:03.8,7383800,\N,\N,\N,\N,1
17888,740,476,6,2,2,2,2,2,6,30,+0.7,7384500,\N,\N,\N,\N,1
17889,740,386,6,6,5,3,3,3,4,30,+19.5,7403300,\N,\N,\N,\N,1
17890,740,482,6,8,3,4,4,4,3,30,+45.6,7429400,\N,\N,\N,\N,1
17891,740,341,170,24,4,5,5,5,2,30,+1:26.8,7470600,\N,\N,\N,\N,1
17892,740,364,95,20,10,6,6,6,1,30,+1:31.0,7474800,\N,\N,\N,\N,1
17893,740,347,95,18,9,7,7,7,0,30,+2:47.1,7550900,\N,\N,\N,\N,1
17894,740,475,172,14,8,8,8,8,0,30,+3:55.6,7619400,\N,\N,\N,\N,1
17895,740,453,170,40,13,9,9,9,0,29,\N,\N,\N,\N,\N,\N,11
17896,740,418,170,44,12,10,10,10,0,29,\N,\N,\N,\N,\N,\N,11
17897,740,430,95,22,14,11,11,11,0,28,\N,\N,\N,\N,\N,\N,12
17898,740,373,172,34,16,12,12,12,0,24,\N,\N,\N,\N,\N,\N,16
17899,740,479,66,38,7,13,13,13,0,24,\N,\N,\N,\N,\N,\N,16
17900,740,289,66,36,6,\N,R,14,0,24,\N,\N,\N,\N,\N,\N,80
17901,740,427,167,26,20,\N,R,15,0,23,\N,\N,\N,\N,\N,\N,6
17902,740,385,167,46,17,\N,R,16,0,20,\N,\N,\N,\N,\N,\N,67
17903,740,356,170,28,11,\N,R,17,0,12,\N,\N,\N,\N,\N,\N,5
17904,740,360,170,30,15,\N,R,18,0,9,\N,\N,\N,\N,\N,\N,80
17905,740,404,172,32,18,\N,R,19,0,9,\N,\N,\N,\N,\N,\N,5
17906,740,376,172,12,23,\N,R,20,0,9,\N,\N,\N,\N,\N,\N,44
17907,740,435,172,10,19,\N,R,21,0,7,\N,\N,\N,\N,\N,\N,80
17908,740,459,172,42,0,\N,W,22,0,0,\N,\N,\N,\N,\N,\N,54
17909,740,455,172,48,0,\N,W,23,0,0,\N,\N,\N,\N,\N,\N,54
17910,740,437,172,50,0,\N,W,24,0,0,\N,\N,\N,\N,\N,\N,54
17911,740,477,172,16,0,\N,W,25,0,0,\N,\N,\N,\N,\N,\N,54
17912,740,481,172,16,0,\N,W,26,0,0,\N,\N,\N,\N,\N,\N,54
17913,741,394,6,50,12,1,1,1,9,52,2:14:17.5,8057500,\N,\N,\N,\N,1
17914,741,364,95,12,5,2,2,2,6,52,+0.1,8057600,\N,\N,\N,\N,1
17915,741,373,172,8,9,3,3,3,4,52,+1:01.0,8118500,\N,\N,\N,\N,1
17916,741,404,172,6,10,4,4,4,3,52,+1:10.3,8127800,\N,\N,\N,\N,1
17917,741,360,170,4,8,5,5,5,2,52,+1:41.8,8159300,\N,\N,\N,\N,1
17918,741,289,66,22,6,6,6,6,1,52,+1:41.9,8159400,\N,\N,\N,\N,1
17919,741,347,95,10,13,7,7,7,0,52,+3:15.4,8252900,\N,\N,\N,\N,1
17920,741,456,170,42,15,8,8,8,0,51,\N,\N,\N,\N,\N,\N,11
17921,741,403,6,16,1,9,9,9,0,50,\N,\N,\N,\N,\N,\N,12
17922,741,481,172,30,25,10,10,10,0,49,\N,\N,\N,\N,\N,\N,13
17923,741,480,172,46,22,11,11,11,0,48,\N,\N,\N,\N,\N,\N,14
17924,741,418,170,36,16,12,12,12,0,43,\N,\N,\N,\N,\N,\N,19
17925,741,427,167,32,23,13,13,13,0,42,\N,\N,\N,\N,\N,\N,88
17926,741,437,172,38,24,14,14,14,0,42,\N,\N,\N,\N,\N,\N,88
17927,741,386,6,18,3,15,15,15,0,40,\N,\N,\N,\N,\N,\N,51
17928,741,475,172,26,4,\N,R,16,0,31,\N,\N,\N,\N,\N,\N,23
17929,741,435,172,48,20,\N,R,17,0,27,\N,\N,\N,\N,\N,\N,5
17930,741,430,95,14,17,\N,R,18,0,23,\N,\N,\N,\N,\N,\N,25
17931,741,376,172,28,19,\N,R,19,0,21,\N,\N,\N,\N,\N,\N,25
17932,741,476,6,20,2,\N,R,20,0,18,\N,\N,\N,\N,\N,\N,5
17933,741,483,174,34,26,\N,R,21,0,15,\N,\N,\N,\N,\N,\N,5
17934,741,356,170,2,14,\N,R,22,0,14,\N,\N,\N,\N,\N,\N,51
17935,741,428,170,52,21,\N,R,23,0,6,\N,\N,\N,\N,\N,\N,5
17936,741,341,170,40,7,\N,R,24,0,4,\N,\N,\N,\N,\N,\N,3
17937,741,479,66,24,11,\N,R,25,0,4,\N,\N,\N,\N,\N,\N,25
17938,741,453,170,44,18,\N,R,26,0,4,\N,\N,\N,\N,\N,\N,25
17939,741,455,172,46,0,\N,W,27,0,0,\N,\N,\N,\N,\N,\N,54
17940,741,485,172,\N,0,\N,W,28,0,0,\N,\N,\N,\N,\N,\N,54
17941,741,478,95,14,0,\N,W,29,0,0,\N,\N,\N,\N,\N,\N,54
17942,741,482,99,46,0,\N,W,30,0,0,\N,\N,\N,\N,\N,\N,54
17943,741,484,101,54,0,\N,W,31,0,0,\N,\N,\N,\N,\N,\N,54
17944,742,476,6,4,4,1,1,1,9,75,2:40:53.6,9653600,\N,\N,\N,\N,1
17945,742,403,6,2,1,2,2,2,6,75,+46.0,9699600,\N,\N,\N,\N,1
17946,742,386,6,6,2,3,3,3,4,75,+46.8,9700400,\N,\N,\N,\N,1
17947,742,356,170,12,9,4,4,4,3,75,+1:08.6,9722200,\N,\N,\N,\N,1
17948,742,347,95,8,3,5,5,5,2,75,+1:16.2,9729800,\N,\N,\N,\N,1
17949,742,456,170,36,13,6,6,6,1,75,+1:26.2,9739800,\N,\N,\N,\N,1
17950,742,364,95,10,12,7,7,7,0,74,\N,\N,\N,\N,\N,\N,11
17951,742,360,170,14,14,8,8,8,0,74,\N,\N,\N,\N,\N,\N,11
17952,742,479,66,22,6,9,9,9,0,73,\N,\N,\N,\N,\N,\N,12
17953,742,404,172,16,7,10,10,10,0,72,\N,\N,\N,\N,\N,\N,13
17954,742,418,170,42,16,11,11,11,0,71,\N,\N,\N,\N,\N,\N,14
17955,742,385,167,60,21,12,12,12,0,71,\N,\N,\N,\N,\N,\N,14
17956,742,408,172,50,24,13,13,13,0,69,\N,\N,\N,\N,\N,\N,16
17957,742,437,172,44,25,14,14,14,0,69,\N,\N,\N,\N,\N,\N,16
17958,742,465,97,54,26,15,15,15,0,69,\N,\N,\N,\N,\N,\N,16
17959,742,430,95,56,18,16,16,16,0,69,\N,\N,\N,\N,\N,\N,16
17960,742,455,172,52,22,17,17,17,0,58,\N,\N,\N,\N,\N,\N,50
17961,742,373,172,18,8,\N,R,18,0,62,\N,\N,\N,\N,\N,\N,44
17962,742,475,102,26,20,\N,D,19,0,56,\N,\N,\N,\N,\N,\N,2
17963,742,376,172,32,30,\N,R,20,0,45,\N,\N,\N,\N,\N,\N,6
17964,742,475,172,28,5,\N,R,21,0,44,\N,\N,\N,\N,\N,\N,23
17965,742,289,66,20,11,\N,R,22,0,43,\N,\N,\N,\N,\N,\N,5
17966,742,394,6,58,19,\N,R,23,0,27,\N,\N,\N,\N,\N,\N,3
17967,742,459,172,48,27,\N,R,24,0,25,\N,\N,\N,\N,\N,\N,80
17968,742,341,170,34,10,\N,R,25,0,23,\N,\N,\N,\N,\N,\N,24
17969,742,441,172,38,29,\N,R,26,0,12,\N,\N,\N,\N,\N,\N,8
17970,742,453,170,46,15,\N,R,27,0,7,\N,\N,\N,\N,\N,\N,64
17971,742,460,172,40,26,\N,R,28,0,7,\N,\N,\N,\N,\N,\N,80
17972,742,481,172,30,17,\N,R,29,0,5,\N,\N,\N,\N,\N,\N,3
17973,742,487,167,62,28,\N,R,30,0,0,\N,\N,\N,\N,\N,\N,6
17974,742,482,99,24,0,\N,W,31,0,0,\N,\N,\N,\N,\N,\N,54
17975,743,475,172,7,3,1,1,1,9,15,2:18:12.4,8292400,\N,\N,\N,\N,1
17976,743,476,6,3,5,2,2,2,6,15,+21.4,8313800,\N,\N,\N,\N,1
17977,743,403,6,4,1,3,3,3,4,15,+22.5,8314900,\N,\N,\N,\N,1
17978,743,373,172,14,8,4,4,4,3,15,+1:17.1,8369500,\N,\N,\N,\N,1
17979,743,341,170,18,10,5,5,5,2,15,+1:53.1,8405500,\N,\N,\N,\N,1
17980,743,360,170,2,12,6,6,6,1,15,+2:41.4,8453800,\N,\N,\N,\N,1
17981,743,364,95,9,7,7,7,7,0,15,+3:23.1,8495500,\N,\N,\N,\N,1
17982,743,386,6,5,14,8,8,8,0,15,+5:23.1,8615500,\N,\N,\N,\N,1
17983,743,453,170,28,18,9,9,9,0,15,+5:23.7,8616100,\N,\N,\N,\N,1
17984,743,456,170,19,15,10,10,10,0,15,+12:11.5,9023900,\N,\N,\N,\N,1
17985,743,408,172,33,22,11,11,11,0,14,\N,\N,\N,\N,\N,\N,11
17986,743,437,170,30,24,12,12,12,0,14,\N,\N,\N,\N,\N,\N,11
17987,743,478,95,11,11,13,13,13,0,14,\N,\N,\N,\N,\N,\N,11
17988,743,430,95,31,17,14,14,14,0,14,\N,\N,\N,\N,\N,\N,11
17989,743,459,172,37,20,15,15,15,0,13,\N,\N,\N,\N,\N,\N,12
17990,743,460,172,27,25,16,16,16,0,13,\N,\N,\N,\N,\N,\N,12
17991,743,435,6,6,13,\N,R,17,0,13,\N,\N,\N,\N,\N,\N,3
17992,743,427,167,20,21,\N,R,18,0,12,\N,\N,\N,\N,\N,\N,5
17993,743,428,170,38,26,\N,N,19,0,11,\N,\N,\N,\N,\N,\N,62
17994,743,385,167,32,19,\N,R,20,0,10,\N,\N,\N,\N,\N,\N,5
17995,743,479,66,16,9,\N,R,21,0,6,\N,\N,\N,\N,\N,\N,5
17996,743,347,95,8,4,\N,R,22,0,5,\N,\N,\N,\N,\N,\N,5
17997,743,455,172,26,23,\N,R,23,0,3,\N,\N,\N,\N,\N,\N,64
17998,743,289,66,17,16,\N,R,24,0,1,\N,\N,\N,\N,\N,\N,3
17999,743,404,172,15,6,\N,R,25,0,1,\N,\N,\N,\N,\N,\N,42
18000,743,356,170,1,2,\N,R,26,0,0,\N,\N,\N,\N,\N,\N,3
18001,743,431,95,10,0,\N,W,27,0,0,\N,\N,\N,\N,\N,\N,54
18002,743,418,170,12,0,\N,W,28,0,0,\N,\N,\N,\N,\N,\N,54
18003,743,480,172,25,0,\N,W,29,0,0,\N,\N,\N,\N,\N,\N,54
18004,743,488,103,29,0,\N,W,30,0,0,\N,\N,\N,\N,\N,\N,54
18005,743,489,170,34,0,\N,W,31,0,0,\N,\N,\N,\N,\N,\N,54
18006,743,490,170,35,0,\N,W,32,0,0,\N,\N,\N,\N,\N,\N,54
18007,743,436,170,39,0,\N,W,33,0,0,\N,\N,\N,\N,\N,\N,54
18008,744,403,6,2,4,1,1,1,9,43,2:03:13.0,7393000,\N,\N,\N,\N,1
18009,744,364,95,46,12,2,2,2,6,43,+31.2,7424200,\N,\N,\N,\N,1
18010,744,360,170,12,14,3,3,3,4,43,+2:28.4,7541400,\N,\N,\N,\N,1
18011,744,453,170,60,16,4,4,4,3,43,+2:40.4,7553400,\N,\N,\N,\N,1
18012,744,479,66,26,13,5,5,5,2,43,+2:40.5,7553500,\N,\N,\N,\N,1
18013,744,456,170,40,18,6,6,6,1,42,\N,\N,\N,\N,\N,\N,11
18014,744,430,95,74,15,7,7,7,0,41,\N,\N,\N,\N,\N,\N,12
18015,744,385,167,62,21,8,8,8,0,41,\N,\N,\N,\N,\N,\N,12
18016,744,427,167,48,22,9,9,9,0,41,\N,\N,\N,\N,\N,\N,12
18017,744,441,172,16,27,10,10,10,0,40,\N,\N,\N,\N,\N,\N,13
18018,744,481,172,20,23,11,11,11,0,39,\N,\N,\N,\N,\N,\N,14
18019,744,489,167,58,29,12,12,12,0,38,\N,\N,\N,\N,\N,\N,15
18020,744,475,172,28,11,\N,R,13,0,36,\N,\N,\N,\N,\N,\N,67
18021,744,386,6,6,3,\N,R,14,0,23,\N,\N,\N,\N,\N,\N,5
18022,744,447,173,72,30,\N,R,15,0,19,\N,\N,\N,\N,\N,\N,5
18023,744,347,95,44,8,\N,R,16,0,14,\N,\N,\N,\N,\N,\N,22
18024,744,454,6,8,2,\N,R,17,0,13,\N,\N,\N,\N,\N,\N,69
18025,744,394,6,32,6,\N,R,18,0,13,\N,\N,\N,\N,\N,\N,5
18026,744,425,175,50,20,\N,R,19,0,13,\N,\N,\N,\N,\N,\N,5
18027,744,418,172,22,17,\N,R,20,0,11,\N,\N,\N,\N,\N,\N,22
18028,744,289,66,24,5,\N,R,21,0,10,\N,\N,\N,\N,\N,\N,5
18029,744,356,170,10,10,\N,R,22,0,8,\N,\N,\N,\N,\N,\N,25
18030,744,484,101,14,31,\N,R,23,0,6,\N,\N,\N,\N,\N,\N,5
18031,744,404,172,38,9,\N,R,24,0,5,\N,\N,\N,\N,\N,\N,83
18032,744,486,170,30,26,\N,R,25,0,5,\N,\N,\N,\N,\N,\N,5
18033,744,341,170,42,19,\N,R,26,0,2,\N,\N,\N,\N,\N,\N,3
18034,744,476,6,4,1,\N,R,27,0,1,\N,\N,\N,\N,\N,\N,3
18035,744,373,172,36,7,\N,R,28,0,1,\N,\N,\N,\N,\N,\N,3
18036,744,424,175,54,24,\N,R,29,0,1,\N,\N,\N,\N,\N,\N,5
18037,744,455,172,56,28,\N,R,30,0,1,\N,\N,\N,\N,\N,\N,5
18038,744,444,174,52,32,\N,R,31,0,1,\N,\N,\N,\N,\N,\N,5
18039,744,460,172,18,25,\N,R,32,0,0,\N,\N,\N,\N,\N,\N,3
18040,744,429,99,68,0,\N,F,33,0,0,\N,\N,\N,\N,\N,\N,81
18041,744,431,95,46,0,\N,W,34,0,0,\N,\N,\N,\N,\N,\N,54
18042,744,487,167,58,0,\N,W,35,0,0,\N,\N,\N,\N,\N,\N,54
18043,744,491,170,34,0,\N,W,36,0,0,\N,\N,\N,\N,\N,\N,54
18044,744,467,172,64,0,\N,W,37,0,0,\N,\N,\N,\N,\N,\N,54
18045,744,492,170,66,0,\N,W,38,0,0,\N,\N,\N,\N,\N,\N,54
18046,744,480,172,70,0,\N,W,39,0,0,\N,\N,\N,\N,\N,\N,54
18047,745,404,172,15,8,1,1,1,9,100,2:13:45.8,8025800,\N,\N,\N,\N,1
18048,745,364,95,12,7,2,2,2,6,100,+4.3,8030100,\N,\N,\N,\N,1
18049,745,479,66,5,5,3,3,3,4,100,+49.0,8074800,\N,\N,\N,\N,1
18050,745,360,170,2,4,4,4,4,3,100,+58.0,8083800,\N,\N,\N,\N,1
18051,745,289,66,4,2,5,5,5,2,99,\N,\N,\N,\N,\N,\N,11
18052,745,347,95,11,10,6,6,6,1,98,\N,\N,\N,\N,\N,\N,12
18053,745,373,172,14,6,7,7,7,0,96,\N,\N,\N,\N,\N,\N,14
18054,745,468,170,6,16,8,8,8,0,96,\N,\N,\N,\N,\N,\N,14
18055,745,493,172,16,13,9,9,9,0,96,\N,\N,\N,\N,\N,\N,14
18056,745,434,170,3,17,10,10,10,0,93,\N,\N,\N,\N,\N,\N,17
18057,745,482,172,21,15,11,11,11,0,92,\N,\N,\N,\N,\N,\N,18
18058,745,456,170,19,12,\N,R,12,0,96,\N,\N,\N,\N,\N,\N,5
18059,745,440,172,17,18,\N,R,13,0,76,\N,\N,\N,\N,\N,\N,95
18060,745,494,172,26,19,\N,R,14,0,76,\N,\N,\N,\N,\N,\N,121
18061,745,475,172,7,3,\N,R,15,0,58,\N,\N,\N,\N,\N,\N,5
18062,745,356,170,1,1,\N,R,16,0,57,\N,\N,\N,\N,\N,\N,25
18063,745,418,172,22,11,\N,R,17,0,23,\N,\N,\N,\N,\N,\N,6
18064,745,433,170,60,14,\N,R,18,0,14,\N,\N,\N,\N,\N,\N,3
18065,745,341,170,18,9,\N,R,19,0,0,\N,\N,\N,\N,\N,\N,5
18066,745,495,172,23,0,\N,W,20,0,0,\N,\N,\N,\N,\N,\N,54
18067,746,360,170,16,13,1,1,1,8,80,2:17:49.5,8269500,\N,\N,\N,\N,1
18068,746,477,6,24,7,2,2,2,6,80,+26.3,8295800,\N,\N,\N,\N,1
18069,746,427,170,38,8,3,3,3,0,80,+36.9,8306400,\N,\N,\N,\N,1
18070,746,496,167,6,12,4,4,4,3,80,+53.3,8322800,\N,\N,\N,\N,1
18071,746,476,6,30,5,5,5,5,2,79,\N,\N,\N,\N,\N,\N,11
18072,746,404,32,20,2,6,6,6,1,79,\N,\N,\N,\N,\N,\N,11
18073,746,347,66,40,4,7,7,7,0,79,\N,\N,\N,\N,\N,\N,11
18074,746,403,6,26,6,8,8,8,0,77,\N,\N,\N,\N,\N,\N,13
18075,746,497,32,46,15,9,9,9,0,77,\N,\N,\N,\N,\N,\N,13
18076,746,498,6,32,11,10,10,10,0,77,\N,\N,\N,\N,\N,\N,13
18077,746,499,167,4,17,11,11,11,0,76,\N,\N,\N,\N,\N,\N,14
18078,746,418,104,2,16,12,12,12,0,76,\N,\N,\N,\N,\N,\N,14
18079,746,500,105,14,19,13,13,13,0,72,\N,\N,\N,\N,\N,\N,18
18080,746,439,105,10,20,14,14,14,0,70,\N,\N,\N,\N,\N,\N,88
18081,746,501,170,34,9,\N,R,15,0,63,\N,\N,\N,\N,\N,\N,48
18082,746,356,170,18,10,\N,R,16,0,42,\N,\N,\N,\N,\N,\N,6
18083,746,475,170,36,1,\N,R,17,0,40,\N,\N,\N,\N,\N,\N,22
18084,746,289,66,42,3,\N,R,18,0,37,\N,\N,\N,\N,\N,\N,25
18085,746,502,32,22,14,\N,R,19,0,24,\N,\N,\N,\N,\N,\N,68
18086,746,503,105,44,21,\N,R,20,0,23,\N,\N,\N,\N,\N,\N,68
18087,746,504,105,12,22,\N,R,21,0,16,\N,\N,\N,\N,\N,\N,68
18088,746,483,105,8,18,\N,R,22,0,11,\N,\N,\N,\N,\N,\N,25
18089,747,475,32,28,1,1,1,1,8,100,2:53:45.5,10425500,\N,\N,\N,\N,1
18090,747,360,170,10,11,2,2,2,6,100,+52.1,10477600,\N,\N,\N,\N,1
18091,747,403,6,36,10,3,3,3,4,100,+1:01.9,10487400,\N,\N,\N,\N,1
18092,747,479,170,18,3,4,4,4,3,99,\N,\N,\N,\N,\N,\N,11
18093,747,347,66,2,5,5,5,5,2,83,\N,\N,\N,\N,\N,\N,50
18094,747,386,6,34,9,6,6,6,1,70,\N,\N,\N,\N,\N,\N,123
18095,747,289,66,6,6,7,7,7,0,66,\N,\N,\N,\N,\N,\N,20
18096,747,476,6,38,8,8,8,8,0,61,\N,\N,\N,\N,\N,\N,8
18097,747,404,32,22,7,9,9,9,0,56,\N,\N,\N,\N,\N,\N,122
18098,747,364,66,4,14,\N,R,10,0,44,\N,\N,\N,\N,\N,\N,22
18099,747,356,170,8,2,\N,D,11,0,40,\N,\N,\N,\N,\N,\N,2
18100,747,456,170,14,12,\N,R,12,0,29,\N,\N,\N,\N,\N,\N,25
18101,747,502,32,24,13,\N,R,13,0,23,\N,\N,\N,\N,\N,\N,83
18102,747,505,170,16,4,\N,R,14,0,17,\N,\N,\N,\N,\N,\N,6
18103,747,341,32,26,15,\N,R,15,0,17,\N,\N,\N,\N,\N,\N,7
18104,747,427,167,44,16,\N,R,16,0,4,\N,\N,\N,\N,\N,\N,6
18105,747,506,170,12,0,\N,F,17,0,0,\N,\N,\N,\N,\N,\N,81
18106,747,477,6,32,0,\N,F,18,0,0,\N,\N,\N,\N,\N,\N,81
18107,747,484,101,20,0,\N,F,19,0,0,\N,\N,\N,\N,\N,\N,81
18108,747,418,167,40,0,\N,F,20,0,0,\N,\N,\N,\N,\N,\N,81
18109,747,507,106,46,0,\N,F,21,0,0,\N,\N,\N,\N,\N,\N,81
18110,747,483,171,30,0,\N,F,22,0,0,\N,\N,\N,\N,\N,\N,81
18111,747,508,106,48,0,\N,F,23,0,0,\N,\N,\N,\N,\N,\N,81
18112,747,437,167,42,0,\N,F,24,0,0,\N,\N,\N,\N,\N,\N,81
18113,748,509,107,4,2,1,1,1,8,200,3:36:11.36,12971360,\N,\N,\N,\N,1
18114,748,449,107,1,3,2,2,2,6,200,+0:12.75,12984110,\N,\N,\N,\N,1
18115,748,510,108,99,26,3,3,3,4,200,+3:07.30,13158660,\N,\N,\N,\N,1
18116,748,511,109,7,8,4,4,4,3,200,+3:07.98,13159340,\N,\N,\N,\N,1
18117,748,512,110,3,17,5,5,5,2,200,+3:11.35,13162710,\N,\N,\N,\N,1
18118,748,513,111,22,7,6,6,6,1,200,+4:10.61,13221970,\N,\N,\N,\N,1
18119,748,494,107,98,12,7,7,7,0,200,+4:25.59,13236950,\N,\N,\N,\N,1
18120,748,514,112,44,25,8,8,8,0,200,+5:17.48,13288840,\N,\N,\N,\N,1
18121,748,515,111,18,28,9,9,9,0,200,+8:19.91,13471270,\N,\N,\N,\N,1
18122,748,516,113,38,14,10,10,10,0,200,+8:40.28,13491640,\N,\N,\N,\N,1
18123,748,517,108,27,22,11,11,11,0,200,+11:10.58,13641940,\N,\N,\N,\N,1
18124,748,518,114,17,27,12,12,12,0,200,+11:17.20,13648560,\N,\N,\N,\N,1
18125,748,519,114,39,31,13,13,13,0,200,+12:10.71,13702070,\N,\N,\N,\N,1
18126,748,520,113,48,24,14,14,14,0,196,\N,\N,\N,\N,\N,\N,14
18127,748,521,107,65,9,15,15,15,0,196,\N,\N,\N,\N,\N,\N,14
18128,748,522,112,14,21,16,16,16,0,194,\N,\N,\N,\N,\N,\N,16
18129,748,523,113,26,19,17,17,17,0,191,\N,\N,\N,\N,\N,\N,8
18130,748,524,115,56,23,18,18,18,0,185,\N,\N,\N,\N,\N,\N,5
18131,748,525,108,10,10,19,19,19,0,152,\N,\N,\N,\N,\N,\N,69
18132,748,526,107,28,6,20,20,20,0,134,\N,\N,\N,\N,\N,\N,109
18133,748,527,116,6,1,21,21,21,0,132,\N,\N,\N,\N,\N,\N,121
18134,748,528,113,73,11,22,22,22,0,129,\N,\N,\N,\N,\N,\N,121
18135,748,529,107,2,18,23,23,23,0,125,\N,\N,\N,\N,\N,\N,5
18136,748,530,108,32,15,24,24,24,0,103,\N,\N,\N,\N,\N,\N,3
18137,748,531,113,5,16,25,25,25,0,90,\N,\N,\N,\N,\N,\N,8
18138,748,532,113,46,29,26,26,26,0,90,\N,\N,\N,\N,\N,\N,3
18139,748,533,108,8,13,27,27,27,0,77,\N,\N,\N,\N,\N,\N,5
18140,748,534,113,37,20,28,28,28,0,74,\N,\N,\N,\N,\N,\N,23
18141,748,535,108,16,32,29,29,29,0,60,\N,\N,\N,\N,\N,\N,23
18142,748,536,107,9,5,30,30,30,0,47,\N,\N,\N,\N,\N,\N,5
18143,748,537,107,97,4,31,31,31,0,42,\N,\N,\N,\N,\N,\N,23
18144,748,538,116,76,30,32,32,32,0,34,\N,\N,\N,\N,\N,\N,8
18145,748,539,113,23,33,33,33,33,0,11,\N,\N,\N,\N,\N,\N,121
18146,749,356,170,11,2,1,1,1,8,75,2:01:47.2,7307200,\N,\N,\N,\N,1
18147,749,404,32,4,3,2,2,2,6,75,+24.0,7331200,\N,\N,\N,\N,1
18148,749,289,66,16,5,3,3,3,4,75,+56.6,7363800,\N,\N,\N,\N,1
18149,749,475,32,7,1,4,4,4,3,75,+57.7,7364900,\N,\N,\N,\N,1
18150,749,476,6,2,15,5,5,5,2,74,\N,\N,\N,\N,\N,\N,11
18151,749,386,6,3,12,6,6,6,1,74,\N,\N,\N,\N,\N,\N,11
18152,749,481,170,10,14,7,7,7,0,78,\N,\N,\N,\N,\N,\N,15
18153,749,430,170,20,18,8,8,8,0,69,\N,\N,\N,\N,\N,\N,16
18154,749,502,32,5,8,\N,R,9,0,57,\N,\N,\N,\N,\N,\N,7
18155,749,347,66,14,4,\N,R,10,0,54,\N,\N,\N,\N,\N,\N,5
18156,749,403,6,1,13,\N,R,11,0,54,\N,\N,\N,\N,\N,\N,5
18157,749,373,32,6,11,\N,R,12,0,42,\N,\N,\N,\N,\N,\N,7
18158,749,427,167,18,17,\N,R,13,0,39,\N,\N,\N,\N,\N,\N,6
18159,749,364,66,15,6,\N,R,14,0,11,\N,\N,\N,\N,\N,\N,3
18160,749,505,170,8,7,\N,R,15,0,9,\N,\N,\N,\N,\N,\N,5
18161,749,360,170,12,9,\N,R,16,0,8,\N,\N,\N,\N,\N,\N,7
18162,749,479,170,9,10,\N,R,17,0,4,\N,\N,\N,\N,\N,\N,6
18163,749,456,117,17,0,\N,W,18,0,0,\N,\N,\N,\N,\N,\N,54
18164,749,418,167,19,0,\N,W,19,0,0,\N,\N,\N,\N,\N,\N,54
18165,749,508,106,21,0,\N,W,20,0,0,\N,\N,\N,\N,\N,\N,54
18166,749,507,106,22,0,\N,W,21,0,0,\N,\N,\N,\N,\N,\N,54
18167,750,356,170,2,1,1,1,1,8,36,2:21:37.3,8497300,\N,\N,\N,\N,1
18168,750,360,170,4,14,2,2,2,6,36,+1:03.3,8560600,\N,\N,\N,\N,1
18169,750,482,170,34,5,3,3,3,4,35,\N,\N,\N,\N,\N,\N,11
18170,750,403,6,24,4,4,4,4,3,35,\N,\N,\N,\N,\N,\N,11
18171,750,373,32,18,10,5,5,5,2,34,\N,\N,\N,\N,\N,\N,12
18172,750,376,170,32,15,6,6,6,1,28,\N,\N,\N,\N,\N,\N,18
18173,750,289,66,10,6,\N,R,7,0,35,\N,\N,\N,\N,\N,\N,5
18174,750,502,32,16,17,\N,R,8,0,24,\N,\N,\N,\N,\N,\N,3
18175,750,435,6,22,13,\N,R,9,0,23,\N,\N,\N,\N,\N,\N,7
18176,750,476,6,26,11,\N,R,10,0,22,\N,\N,\N,\N,\N,\N,7
18177,750,505,170,36,9,\N,R,11,0,19,\N,\N,\N,\N,\N,\N,3
18178,750,507,106,30,18,\N,R,12,0,16,\N,\N,\N,\N,\N,\N,5
18179,750,347,66,6,7,\N,R,13,0,14,\N,\N,\N,\N,\N,\N,5
18180,750,404,32,14,8,\N,R,14,0,13,\N,\N,\N,\N,\N,\N,3
18181,750,364,66,8,12,\N,R,15,0,4,\N,\N,\N,\N,\N,\N,5
18182,750,479,170,38,2,\N,R,16,0,2,\N,\N,\N,\N,\N,\N,6
18183,750,508,106,28,16,\N,R,17,0,1,\N,\N,\N,\N,\N,\N,5
18184,750,475,32,12,3,\N,W,18,0,0,\N,\N,\N,\N,\N,\N,3
18185,750,540,32,20,19,\N,W,19,0,0,\N,\N,\N,\N,\N,\N,3
18186,751,356,170,16,1,1,1,1,8,50,1:57:24.9,7044900,\N,\N,\N,\N,1
18187,751,482,170,44,9,2,2,2,6,50,+48.3,7093200,\N,\N,\N,\N,1
18188,751,360,170,18,7,3,3,3,4,50,+51.9,7096800,\N,\N,\N,\N,1
18189,751,481,170,46,12,4,4,4,3,49,\N,\N,\N,\N,\N,\N,11
18190,751,373,32,24,10,5,5,5,2,49,\N,\N,\N,\N,\N,\N,11
18191,751,541,32,22,14,6,6,6,1,49,\N,\N,\N,\N,\N,\N,11
18192,751,404,32,20,4,7,7,7,0,43,\N,\N,\N,\N,\N,\N,17
18193,751,506,170,48,15,8,8,8,0,40,\N,\N,\N,\N,\N,\N,5
18194,751,418,167,40,17,9,9,9,0,37,\N,\N,\N,\N,\N,\N,53
18195,751,437,167,42,22,10,10,10,0,36,\N,\N,\N,\N,\N,\N,111
18196,751,476,6,4,5,11,11,11,0,30,\N,\N,\N,\N,\N,\N,7
18197,751,403,6,2,2,12,12,12,0,29,\N,\N,\N,\N,\N,\N,7
18198,751,347,66,8,8,\N,R,13,0,22,\N,\N,\N,\N,\N,\N,5
18199,751,376,170,36,15,\N,R,14,0,18,\N,\N,\N,\N,\N,\N,7
18200,751,364,66,10,6,\N,R,15,0,17,\N,\N,\N,\N,\N,\N,5
18201,751,500,171,30,19,\N,R,16,0,16,\N,\N,\N,\N,\N,\N,7
18202,751,435,6,6,11,\N,R,17,0,14,\N,\N,\N,\N,\N,\N,7
18203,751,479,118,14,13,\N,R,18,0,7,\N,\N,\N,\N,\N,\N,76
18204,751,289,66,12,3,\N,R,19,0,0,\N,\N,\N,\N,\N,\N,3
18205,751,427,167,38,18,\N,R,20,0,0,\N,\N,\N,\N,\N,\N,3
18206,751,386,106,28,20,\N,W,21,0,0,\N,\N,\N,\N,\N,\N,5
18207,751,542,32,34,21,\N,W,22,0,0,\N,\N,\N,\N,\N,\N,5
18208,751,507,106,26,23,\N,W,23,0,0,\N,\N,\N,\N,\N,\N,5
18209,752,356,170,1,1,1,1,1,8,77,2:04:24.3,7464300,\N,\N,\N,\N,1
18210,752,341,32,9,11,2,2,2,6,77,+49.6,7513900,\N,\N,\N,\N,1
18211,752,404,32,7,5,3,3,3,4,77,+1:29.6,7553900,\N,\N,\N,\N,1
18212,752,360,170,2,3,4,4,4,3,76,\N,\N,\N,\N,\N,\N,11
18213,752,479,170,12,9,5,5,5,2,76,\N,\N,\N,\N,\N,\N,11
18214,752,476,6,11,7,6,6,6,1,75,\N,\N,\N,\N,\N,\N,12
18215,752,403,6,10,10,7,7,7,0,75,\N,\N,\N,\N,\N,\N,12
18216,752,481,170,15,16,8,8,8,0,74,\N,\N,\N,\N,\N,\N,13
18217,752,482,170,14,12,9,9,9,0,74,\N,\N,\N,\N,\N,\N,13
18218,752,364,66,5,6,10,10,10,0,74,\N,\N,\N,\N,\N,\N,13
18219,752,427,117,19,21,11,11,11,0,72,\N,\N,\N,\N,\N,\N,15
18220,752,542,32,26,24,12,12,12,0,72,\N,\N,\N,\N,\N,\N,15
18221,752,484,101,25,18,13,13,13,0,72,\N,\N,\N,\N,\N,\N,15
18222,752,418,167,16,14,14,14,14,0,71,\N,\N,\N,\N,\N,\N,16
18223,752,500,171,21,25,15,15,15,0,70,\N,\N,\N,\N,\N,\N,17
18224,752,373,32,8,8,16,16,16,0,70,\N,\N,\N,\N,\N,\N,17
18225,752,289,66,4,2,\N,R,17,0,71,\N,\N,\N,\N,\N,\N,20
18226,752,376,170,24,17,\N,R,18,0,62,\N,\N,\N,\N,\N,\N,10
18227,752,347,66,6,4,\N,R,19,0,59,\N,\N,\N,\N,\N,\N,22
18228,752,507,170,3,19,\N,R,20,0,58,\N,\N,\N,\N,\N,\N,25
18229,752,437,167,17,20,\N,R,21,0,58,\N,\N,\N,\N,\N,\N,5
18230,752,456,117,18,13,\N,R,22,0,46,\N,\N,\N,\N,\N,\N,38
18231,752,486,170,23,15,\N,R,23,0,46,\N,\N,\N,\N,\N,\N,48
18232,752,465,167,22,22,\N,R,24,0,12,\N,\N,\N,\N,\N,\N,25
18233,752,508,170,3,0,\N,W,25,0,0,\N,\N,\N,\N,\N,\N,54
18234,753,356,170,2,3,1,1,1,8,55,2:19:00.03,8340030,\N,\N,\N,\N,1
18235,753,360,170,4,6,2,2,2,6,55,+57.97,8398000,\N,\N,\N,\N,1
18236,753,373,32,14,8,3,3,3,4,55,+1:53.23,8453260,\N,\N,\N,\N,1
18237,753,476,6,28,9,4,4,4,3,55,+1:58.81,8458840,\N,\N,\N,\N,1
18238,753,479,170,6,12,5,5,5,2,49,\N,\N,\N,\N,\N,\N,16
18239,753,404,32,16,7,6,6,6,1,48,\N,\N,\N,\N,\N,\N,17
18240,753,482,170,8,14,7,7,7,0,46,\N,\N,\N,\N,\N,\N,19
18241,753,475,32,12,4,\N,D,8,0,51,\N,\N,\N,\N,\N,\N,2
18242,753,432,167,32,15,\N,R,9,0,38,\N,\N,\N,\N,\N,\N,3
18243,753,341,32,18,1,\N,R,10,0,37,\N,\N,\N,\N,\N,\N,21
18244,753,403,6,26,10,\N,R,11,0,30,\N,\N,\N,\N,\N,\N,3
18245,753,364,66,24,2,\N,R,12,0,25,\N,\N,\N,\N,\N,\N,5
18246,753,418,167,30,11,\N,R,13,0,21,\N,\N,\N,\N,\N,\N,6
18247,753,289,66,22,5,\N,R,14,0,9,\N,\N,\N,\N,\N,\N,6
18248,753,347,66,20,13,\N,R,15,0,6,\N,\N,\N,\N,\N,\N,5
18249,754,403,6,20,1,1,1,1,8,50,2:21:09.2,8469200,\N,\N,\N,\N,1
18250,754,386,6,18,2,2,2,2,6,50,+2:27.6,8616800,\N,\N,\N,\N,1
18251,754,435,6,16,3,3,3,3,4,49,\N,\N,\N,\N,\N,\N,11
18252,754,543,171,2,4,4,4,4,3,48,\N,\N,\N,\N,\N,\N,12
18253,754,476,6,22,6,5,5,5,2,48,\N,\N,\N,\N,\N,\N,12
18254,754,478,95,26,10,6,6,6,1,47,\N,\N,\N,\N,\N,\N,13
18255,754,431,95,24,12,7,7,7,0,47,\N,\N,\N,\N,\N,\N,13
18256,754,544,170,12,15,8,8,8,0,45,\N,\N,\N,\N,\N,\N,15
18257,754,455,170,10,13,9,9,9,0,44,\N,\N,\N,\N,\N,\N,16
18258,754,545,104,28,14,10,10,10,0,41,\N,\N,\N,\N,\N,\N,19
18259,754,484,101,6,7,\N,R,11,0,41,\N,\N,\N,\N,\N,\N,6
18260,754,491,167,34,9,\N,R,12,0,32,\N,\N,\N,\N,\N,\N,6
18261,754,500,171,4,8,\N,R,13,0,27,\N,\N,\N,\N,\N,\N,5
18262,754,483,167,36,5,\N,R,14,0,26,\N,\N,\N,\N,\N,\N,5
18263,754,398,170,30,16,\N,R,15,0,23,\N,\N,\N,\N,\N,\N,5
18264,754,546,170,8,11,\N,R,16,0,0,\N,\N,\N,\N,\N,\N,3
18265,754,547,105,14,0,\N,W,17,0,0,\N,\N,\N,\N,\N,\N,69
18266,755,475,32,5,1,1,1,1,8,75,2:28:52.2,8932200,\N,\N,\N,\N,1
18267,755,404,32,10,7,2,2,2,6,75,+38.0,8970200,\N,\N,\N,\N,1
18268,755,360,170,3,10,3,3,3,4,75,+52.0,8984200,\N,\N,\N,\N,1
18269,755,356,170,2,2,4,4,4,3,74,\N,\N,\N,\N,\N,\N,11
18270,755,347,66,15,4,5,5,5,2,74,\N,\N,\N,\N,\N,\N,11
18271,755,403,170,9,13,6,6,6,1,74,\N,\N,\N,\N,\N,\N,11
18272,755,440,32,24,12,7,7,7,0,73,\N,\N,\N,\N,\N,\N,11
18273,755,456,170,14,15,8,8,8,0,73,\N,\N,\N,\N,\N,\N,12
18274,755,476,167,26,16,9,9,9,0,72,\N,\N,\N,\N,\N,\N,13
18275,755,507,106,23,18,10,10,10,0,70,\N,\N,\N,\N,\N,\N,15
18276,755,353,171,25,20,11,11,11,0,69,\N,\N,\N,\N,\N,\N,16
18277,755,482,170,7,8,12,12,12,0,69,\N,\N,\N,\N,\N,\N,16
18278,755,548,105,20,22,13,13,13,0,68,\N,\N,\N,\N,\N,\N,17
18279,755,481,170,8,14,14,14,14,0,68,\N,\N,\N,\N,\N,\N,17
18280,755,427,167,18,19,15,15,15,0,66,\N,\N,\N,\N,\N,\N,19
18281,755,373,32,12,5,16,16,16,0,61,\N,\N,\N,\N,\N,\N,111
18282,755,289,66,17,11,\N,R,17,0,34,\N,\N,\N,\N,\N,\N,6
18283,755,437,167,19,23,\N,R,18,0,29,\N,\N,\N,\N,\N,\N,80
18284,755,484,167,21,17,\N,R,19,0,20,\N,\N,\N,\N,\N,\N,5
18285,755,364,66,16,3,\N,R,20,0,18,\N,\N,\N,\N,\N,\N,5
18286,755,541,170,4,21,\N,R,21,0,11,\N,\N,\N,\N,\N,\N,7
18287,755,479,170,6,9,\N,R,22,0,6,\N,\N,\N,\N,\N,\N,20
18288,755,341,32,11,6,\N,R,23,0,3,\N,\N,\N,\N,\N,\N,3
18289,756,356,170,24,3,1,1,1,9,100,2:55:51.3,10551300,\N,\N,\N,\N,1
18290,756,479,6,50,4,2,2,2,6,100,+20.4,10571700,\N,\N,\N,\N,1
18291,756,427,170,32,6,3,3,3,4,98,\N,\N,\N,\N,\N,\N,12
18292,756,403,6,48,5,4,4,4,3,97,\N,\N,\N,\N,\N,\N,13
18293,756,360,170,22,13,5,5,5,2,96,\N,\N,\N,\N,\N,\N,14
18294,756,456,167,38,8,6,6,6,0,83,\N,\N,\N,\N,\N,\N,50
18295,756,475,170,30,1,\N,R,7,0,81,\N,\N,\N,\N,\N,\N,7
18296,756,541,66,20,10,\N,R,8,0,64,\N,\N,\N,\N,\N,\N,20
18297,756,501,66,16,9,\N,R,9,0,48,\N,\N,\N,\N,\N,\N,3
18298,756,347,66,18,7,\N,R,10,0,44,\N,\N,\N,\N,\N,\N,23
18299,756,554,6,46,2,\N,R,11,0,24,\N,\N,\N,\N,\N,\N,5
18300,756,289,32,40,14,\N,R,12,0,21,\N,\N,\N,\N,\N,\N,42
18301,756,418,170,26,11,\N,R,13,0,6,\N,\N,\N,\N,\N,\N,6
18302,756,476,95,6,12,\N,R,14,0,1,\N,\N,\N,\N,\N,\N,4
18303,756,477,6,52,15,\N,R,15,0,1,\N,\N,\N,\N,\N,\N,4
18304,756,506,32,44,16,\N,R,16,0,1,\N,\N,\N,\N,\N,\N,4
18305,756,549,170,34,0,\N,F,17,0,0,\N,\N,\N,\N,\N,\N,81
18306,756,483,105,54,0,\N,F,18,0,0,\N,\N,\N,\N,\N,\N,81
18307,756,550,170,12,0,\N,F,19,0,0,\N,\N,\N,\N,\N,\N,81
18308,756,376,170,10,0,\N,F,20,0,0,\N,\N,\N,\N,\N,\N,81
18309,756,551,95,4,0,\N,F,21,0,0,\N,\N,\N,\N,\N,\N,81
18310,756,353,32,42,0,\N,F,22,0,0,\N,\N,\N,\N,\N,\N,81
18311,756,552,170,14,0,\N,F,23,0,0,\N,\N,\N,\N,\N,\N,81
18312,756,553,105,56,0,\N,F,24,0,0,\N,\N,\N,\N,\N,\N,81
18313,757,449,107,5,6,1,1,1,8,200,3:40:49.20,13249200,\N,\N,\N,\N,1
18314,757,509,107,16,3,2,2,2,6,200,+0:23.28,13272480,\N,\N,\N,\N,1
18315,757,512,110,3,1,3,3,3,5,200,+0:50.64,13299840,\N,\N,\N,\N,1
18316,757,529,108,1,15,4,4,4,3,200,+1:47.09,13356290,\N,\N,\N,\N,1
18317,757,510,108,99,16,5,5,5,2,200,+2:06.44,13375640,\N,\N,\N,\N,1
18318,757,533,108,33,11,6,6,6,0,200,+3:16.98,13446180,\N,\N,\N,\N,1
18319,757,518,113,37,12,7,7,7,0,200,+4:09.92,13499120,\N,\N,\N,\N,1
18320,757,513,113,19,8,8,8,8,0,200,+4:10.53,13499730,\N,\N,\N,\N,1
18321,757,555,113,45,27,9,9,9,0,200,+4:11.04,13500240,\N,\N,\N,\N,1
18322,757,531,114,10,17,10,10,10,0,200,+4:14.48,13503680,\N,\N,\N,\N,1
18323,757,520,114,88,9,11,11,11,0,200,+5:42.48,13591680,\N,\N,\N,\N,1
18324,757,514,119,74,7,12,12,12,0,200,+6:09.73,13618930,\N,\N,\N,\N,1
18325,757,538,120,89,23,13,13,13,0,200,+6:40.40,13649600,\N,\N,\N,\N,1
18326,757,556,113,66,13,14,14,14,0,200,+6:41.54,13650740,\N,\N,\N,\N,1
18327,757,557,113,71,21,15,15,15,0,200,+8:19.86,13749060,\N,\N,\N,\N,1
18328,757,535,113,58,33,16,16,16,0,200,+11:41.69,13950890,\N,\N,\N,\N,1
18329,757,527,114,44,2,\N,R,17,0,182,\N,\N,\N,\N,\N,\N,20
18330,757,558,114,57,28,\N,R,18,0,163,\N,\N,\N,\N,\N,\N,5
18331,757,559,107,64,18,\N,R,19,0,162,\N,\N,\N,\N,\N,\N,3
18332,757,537,107,73,4,\N,R,20,0,150,\N,\N,\N,\N,\N,\N,42
18333,757,560,114,53,30,\N,R,21,0,147,\N,\N,\N,\N,\N,\N,121
18334,757,528,113,15,25,\N,R,22,0,136,\N,\N,\N,\N,\N,\N,121
18335,757,561,121,49,32,\N,R,23,0,115,\N,\N,\N,\N,\N,\N,3
18336,757,511,109,9,10,\N,R,24,0,112,\N,\N,\N,\N,\N,\N,22
18337,757,516,113,65,24,\N,R,25,0,109,\N,\N,\N,\N,\N,\N,5
18338,757,522,113,48,5,\N,R,26,0,85,\N,\N,\N,\N,\N,\N,121
18339,757,562,115,24,14,\N,R,27,0,47,\N,\N,\N,\N,\N,\N,95
18340,757,563,113,47,29,\N,R,28,0,45,\N,\N,\N,\N,\N,\N,3
18341,757,564,113,7,19,\N,R,29,0,45,\N,\N,\N,\N,\N,\N,3
18342,757,565,122,77,31,\N,R,30,0,45,\N,\N,\N,\N,\N,\N,3
18343,757,517,113,87,26,\N,R,31,0,45,\N,\N,\N,\N,\N,\N,3
18344,757,536,110,8,22,\N,R,32,0,34,\N,\N,\N,\N,\N,\N,3
18345,757,525,108,6,20,\N,R,33,0,1,\N,\N,\N,\N,\N,\N,5
18346,758,347,66,7,1,1,1,1,8,75,2:05:26.8,7526800,\N,\N,\N,\N,1
18347,758,356,170,8,2,2,2,2,6,75,+14.2,7541000,\N,\N,\N,\N,1
18348,758,418,170,9,7,3,3,3,4,75,+1:23.0,7609800,\N,\N,\N,\N,1
18349,758,404,32,12,9,4,4,4,3,74,\N,\N,\N,\N,\N,\N,11
18350,758,554,6,1,4,5,5,5,2,74,\N,\N,\N,\N,\N,\N,11
18351,758,403,6,3,12,6,6,6,0,73,\N,\N,\N,\N,\N,\N,12
18352,758,289,32,14,5,7,7,7,0,73,\N,\N,\N,\N,\N,\N,12
18353,758,427,170,10,11,8,8,8,0,73,\N,\N,\N,\N,\N,\N,12
18354,758,477,6,16,15,9,9,9,0,71,\N,\N,\N,\N,\N,\N,14
18355,758,430,95,15,14,10,10,10,0,68,\N,\N,\N,\N,\N,\N,17
18356,758,475,170,11,3,\N,R,11,1,62,\N,\N,\N,\N,\N,\N,6
18357,758,501,66,6,6,\N,R,12,0,46,\N,\N,\N,\N,\N,\N,6
18358,758,479,6,2,8,\N,R,13,0,42,\N,\N,\N,\N,\N,\N,44
18359,758,566,117,5,10,\N,R,14,0,25,\N,\N,\N,\N,\N,\N,5
18360,758,456,117,4,13,\N,R,15,0,3,\N,\N,\N,\N,\N,\N,5
18361,759,479,6,24,1,1,1,1,8,50,2:01:26.5,7286500,\N,\N,\N,\N,1
18362,759,403,6,26,3,2,2,2,6,50,+27.5,7314000,\N,\N,\N,\N,1
18363,759,356,170,8,2,3,3,3,4,50,+1:37.7,7384200,\N,\N,\N,\N,1
18364,759,482,6,22,11,4,4,4,3,50,+1:47.5,7394000,\N,\N,\N,\N,1
18365,759,360,170,12,10,5,5,5,2,50,+1:47.7,7394200,\N,\N,\N,\N,1
18366,759,541,66,44,13,6,6,6,0,50,+2:05.7,7412200,\N,\N,\N,\N,1
18367,759,501,66,6,9,7,7,7,0,47,\N,\N,\N,\N,\N,\N,13
18368,759,483,105,40,21,8,8,8,0,41,\N,\N,\N,\N,\N,\N,19
18369,759,430,105,42,20,9,9,9,0,40,\N,\N,\N,\N,\N,\N,88
18370,759,567,105,38,18,10,10,10,0,40,\N,\N,\N,\N,\N,\N,88
18371,759,427,170,14,8,11,11,11,0,36,\N,\N,\N,\N,\N,\N,111
18372,759,475,66,2,4,\N,D,12,1,42,\N,\N,\N,\N,\N,\N,2
18373,759,554,6,30,5,\N,R,13,0,31,\N,\N,\N,\N,\N,\N,5
18374,759,456,167,16,16,\N,R,14,0,20,\N,\N,\N,\N,\N,\N,5
18375,759,364,6,28,12,\N,R,15,0,19,\N,\N,\N,\N,\N,\N,21
18376,759,404,32,34,15,\N,R,16,0,14,\N,\N,\N,\N,\N,\N,36
18377,759,437,167,18,19,\N,R,17,0,13,\N,\N,\N,\N,\N,\N,5
18378,759,418,170,10,7,\N,R,18,0,8,\N,\N,\N,\N,\N,\N,68
18379,759,289,32,32,14,\N,R,19,0,7,\N,\N,\N,\N,\N,\N,21
18380,759,462,167,20,17,\N,R,20,0,7,\N,\N,\N,\N,\N,\N,44
18381,759,347,66,4,6,\N,R,21,0,6,\N,\N,\N,\N,\N,\N,5
18382,759,568,105,36,0,\N,W,22,0,0,\N,\N,\N,\N,\N,\N,54
18383,760,356,170,12,1,1,1,1,8,75,2:30:11.6,9011600,\N,\N,\N,\N,1
18384,760,475,66,6,7,2,2,2,6.5,75,+22.2,9033800,\N,\N,\N,\N,1
18385,760,360,170,16,8,3,3,3,4.5,75,+22.4,9034000,\N,\N,\N,\N,1
18386,760,501,66,8,3,4,4,4,3,74,\N,\N,\N,\N,\N,\N,11
18387,760,427,170,18,4,5,5,5,2,74,\N,\N,\N,\N,\N,\N,11
18388,760,456,117,2,2,6,6,6,0,74,\N,\N,\N,\N,\N,\N,11
18389,760,418,170,14,5,7,7,7,0,73,\N,\N,\N,\N,\N,\N,12
18390,760,502,32,30,12,8,8,8,0,71,\N,\N,\N,\N,\N,\N,14
18391,760,289,32,28,9,9,9,9,0,70,\N,\N,\N,\N,\N,\N,15
18392,760,505,169,48,16,10,10,10,0,70,\N,\N,\N,\N,\N,\N,15
18393,760,481,170,58,21,11,11,11,0,69,\N,\N,\N,\N,\N,\N,16
18394,760,569,170,52,23,12,12,12,0,69,\N,\N,\N,\N,\N,\N,16
18395,760,549,169,46,18,13,13,13,0,69,\N,\N,\N,\N,\N,\N,16
18396,760,566,117,4,6,\N,R,14,0,69,\N,\N,\N,\N,\N,\N,80
18397,760,567,105,40,20,\N,R,15,0,57,\N,\N,\N,\N,\N,\N,3
18398,760,541,66,42,11,\N,R,16,0,53,\N,\N,\N,\N,\N,\N,20
18399,760,486,170,38,15,\N,R,17,0,39,\N,\N,\N,\N,\N,\N,6
18400,760,347,66,10,10,\N,R,18,0,37,\N,\N,\N,\N,\N,\N,23
18401,760,437,167,22,13,\N,R,19,0,31,\N,\N,\N,\N,\N,\N,7
18402,760,478,167,24,19,\N,R,20,0,21,\N,\N,\N,\N,\N,\N,6
18403,760,542,32,64,22,\N,R,21,0,19,\N,\N,\N,\N,\N,\N,25
18404,760,484,101,36,14,\N,R,22,0,18,\N,\N,\N,\N,\N,\N,7
18405,760,540,170,50,24,\N,R,23,0,17,\N,\N,\N,\N,\N,\N,7
18406,760,479,118,20,17,\N,R,24,0,13,\N,\N,\N,\N,\N,\N,80
18407,760,465,170,54,0,\N,F,25,0,0,\N,\N,\N,\N,\N,\N,81
18408,760,570,170,56,0,\N,F,26,0,0,\N,\N,\N,\N,\N,\N,81
18409,760,387,123,60,0,\N,F,27,0,0,\N,\N,\N,\N,\N,\N,81
18410,760,571,32,62,0,\N,F,28,0,0,\N,\N,\N,\N,\N,\N,81
18411,760,401,170,44,0,\N,F,29,0,0,\N,\N,\N,\N,\N,\N,81
18412,760,441,170,66,0,\N,F,30,0,0,\N,\N,\N,\N,\N,\N,81
18413,761,479,6,4,1,1,1,1,9,60,2:09:31.6,7771600,\N,\N,\N,\N,1
18414,761,364,6,6,3,2,2,2,6,60,+2.9,7774500,\N,\N,\N,\N,1
18415,761,403,6,5,6,3,3,3,4,60,+1:04.8,7836400,\N,\N,\N,\N,1
18416,761,427,170,8,12,4,4,4,3,59,\N,\N,\N,\N,\N,\N,11
18417,761,347,66,9,7,5,5,5,2,58,\N,\N,\N,\N,\N,\N,12
18418,761,437,167,18,15,6,6,6,0,56,\N,\N,\N,\N,\N,\N,14
18419,761,501,66,10,8,7,7,7,0,49,\N,\N,\N,\N,\N,\N,45
18420,761,360,170,2,9,\N,R,8,0,36,\N,\N,\N,\N,\N,\N,7
18421,761,478,66,11,11,\N,R,9,0,36,\N,\N,\N,\N,\N,\N,3
18422,761,418,170,3,5,\N,R,10,0,23,\N,\N,\N,\N,\N,\N,5
18423,761,356,170,1,4,\N,R,11,0,15,\N,\N,\N,\N,\N,\N,7
18424,761,289,32,16,10,\N,R,12,0,10,\N,\N,\N,\N,\N,\N,6
18425,761,404,32,15,13,\N,R,13,0,7,\N,\N,\N,\N,\N,\N,24
18426,761,477,6,17,14,\N,R,14,0,2,\N,\N,\N,\N,\N,\N,8
18427,761,475,170,7,2,\N,R,15,0,1,\N,\N,\N,\N,\N,\N,7
18428,762,475,170,4,1,1,1,1,9,62,2:11:55.41,7915410,\N,\N,\N,\N,1
18429,762,418,170,2,3,2,2,2,6,61,\N,\N,\N,\N,\N,\N,11
18430,762,364,6,16,6,3,3,3,4,61,\N,\N,\N,\N,\N,\N,11
18431,762,427,170,5,4,4,4,4,3,60,\N,\N,\N,\N,\N,\N,12
18432,762,501,66,6,9,5,5,5,2,59,\N,\N,\N,\N,\N,\N,13
18433,762,456,117,10,12,6,6,6,0,59,\N,\N,\N,\N,\N,\N,13
18434,762,541,66,8,11,7,7,7,0,59,\N,\N,\N,\N,\N,\N,13
18435,762,566,117,9,13,8,8,8,0,58,\N,\N,\N,\N,\N,\N,14
18436,762,479,6,14,10,9,9,9,0,57,\N,\N,\N,\N,\N,\N,15
18437,762,432,167,18,14,10,10,10,0,56,\N,\N,\N,\N,\N,\N,16
18438,762,360,170,3,8,\N,R,11,0,38,\N,\N,\N,\N,\N,\N,7
18439,762,356,170,1,2,\N,R,12,0,23,\N,\N,\N,\N,\N,\N,7
18440,762,347,66,7,5,\N,R,13,0,10,\N,\N,\N,\N,\N,\N,5
18441,762,403,6,15,7,\N,R,14,0,5,\N,\N,\N,\N,\N,\N,3
18442,762,289,32,11,15,\N,R,15,0,5,\N,\N,\N,\N,\N,\N,3
18443,762,404,32,12,16,\N,R,16,0,3,\N,\N,\N,\N,\N,\N,6
18444,763,475,170,14,1,1,1,1,8,72,2:04:05.4,7445400,\N,\N,\N,\N,1
18445,763,403,6,32,5,2,2,2,7,72,+46.7,7492100,\N,\N,\N,\N,1
18446,763,356,170,12,3,3,3,3,4,72,+1:12.5,7517900,\N,\N,\N,\N,1
18447,763,364,6,36,4,4,4,4,3,72,+1:19.6,7525000,\N,\N,\N,\N,1
18448,763,477,6,34,8,5,5,5,2,71,\N,\N,\N,\N,\N,\N,11
18449,763,482,6,38,6,6,6,6,0,71,\N,\N,\N,\N,\N,\N,11
18450,763,501,66,2,7,7,7,7,0,70,\N,\N,\N,\N,\N,\N,12
18451,763,347,66,6,11,8,8,8,0,70,\N,\N,\N,\N,\N,\N,12
18452,763,427,170,16,13,9,9,9,0,70,\N,\N,\N,\N,\N,\N,12
18453,763,566,117,26,19,10,10,10,0,70,\N,\N,\N,\N,\N,\N,12
18454,763,462,167,40,18,11,11,11,0,68,\N,\N,\N,\N,\N,\N,14
18455,763,483,170,10,12,12,12,12,0,68,\N,\N,\N,\N,\N,\N,14
18456,763,541,66,4,15,13,13,13,0,67,\N,\N,\N,\N,\N,\N,15
18457,763,437,167,42,16,14,14,14,0,67,\N,\N,\N,\N,\N,\N,15
18458,763,543,105,28,21,15,15,15,0,64,\N,\N,\N,\N,\N,\N,18
18459,763,456,117,24,17,\N,R,16,0,44,\N,\N,\N,\N,\N,\N,5
18460,763,360,170,8,9,\N,R,17,0,22,\N,\N,\N,\N,\N,\N,5
18461,763,486,167,22,12,\N,R,18,0,18,\N,\N,\N,\N,\N,\N,5
18462,763,404,32,20,14,\N,R,19,0,14,\N,\N,\N,\N,\N,\N,23
18463,763,289,32,18,10,\N,R,20,0,1,\N,\N,\N,\N,\N,\N,8
18464,763,479,6,30,2,\N,R,21,0,0,\N,\N,\N,\N,\N,\N,8
18465,764,360,170,9,10,1,1,1,8,42,2:12:35.7,7955700,\N,\N,\N,\N,1
18466,764,427,170,6,5,2,2,2,7,42,+0.6,7956300,\N,\N,\N,\N,1
18467,764,479,6,2,4,3,3,3,4,42,+3:00.9,8136600,\N,\N,\N,\N,1
18468,764,356,170,8,2,4,4,4,3,42,+4:57.3,8253000,\N,\N,\N,\N,1
18469,764,404,32,10,9,5,5,5,2,39,\N,\N,\N,\N,\N,\N,13
18470,764,476,6,4,6,6,6,6,0,38,\N,\N,\N,\N,\N,\N,5
18471,764,572,95,17,16,7,7,7,0,38,\N,\N,\N,\N,\N,\N,14
18472,764,477,6,3,11,\N,R,8,0,23,\N,\N,\N,\N,\N,\N,7
18473,764,456,167,12,11,\N,R,9,0,23,\N,\N,\N,\N,\N,\N,7
18474,764,449,113,1,19,\N,R,10,0,20,\N,\N,\N,\N,\N,\N,8
18475,764,573,168,14,14,\N,R,11,0,13,\N,\N,\N,\N,\N,\N,23
18476,764,403,6,5,8,\N,R,12,0,8,\N,\N,\N,\N,\N,\N,8
18477,764,567,124,15,17,\N,R,13,0,6,\N,\N,\N,\N,\N,\N,44
18478,764,475,170,7,1,\N,R,14,0,5,\N,\N,\N,\N,\N,\N,7
18479,764,501,170,19,3,\N,R,15,0,5,\N,\N,\N,\N,\N,\N,8
18480,764,574,169,16,15,\N,R,16,0,5,\N,\N,\N,\N,\N,\N,25
18481,764,502,32,11,12,\N,R,17,0,2,\N,\N,\N,\N,\N,\N,8
18482,764,575,125,18,13,\N,R,18,0,0,\N,\N,\N,\N,\N,\N,3
18483,764,576,105,22,0,\N,W,19,0,0,\N,\N,\N,\N,\N,\N,54
18484,765,475,87,14,7,1,1,1,8,80,2:19:33.7,8373700,\N,\N,\N,\N,1
18485,765,577,6,16,5,2,2,2,6,80,+2.7,8376400,\N,\N,\N,\N,1
18486,765,578,6,20,2,3,3,3,4,80,+12.6,8386300,\N,\N,\N,\N,1
18487,765,579,105,2,1,4,4,4,4,80,+53.0,8426700,\N,\N,\N,\N,1
18488,765,554,105,4,4,5,5,5,2,78,\N,\N,\N,\N,\N,\N,12
18489,765,501,105,8,8,6,6,6,0,77,\N,\N,\N,\N,\N,\N,13
18490,765,496,105,6,6,7,7,7,0,76,\N,\N,\N,\N,\N,\N,14
18491,765,580,105,10,9,8,8,8,0,75,\N,\N,\N,\N,\N,\N,15
18492,765,547,105,12,10,9,9,9,0,71,\N,\N,\N,\N,\N,\N,19
18493,765,581,6,18,3,\N,R,10,0,0,\N,\N,\N,\N,\N,\N,86
18494,766,427,87,20,5,1,1,1,8,100,2:52:27.9,10347900,\N,\N,\N,\N,1
18495,766,577,6,34,10,2,2,2,6,100,+20.2,10368100,\N,\N,\N,\N,1
18496,766,581,6,36,9,3,3,3,4,100,+38.8,10386700,\N,\N,\N,\N,1
18497,766,356,87,16,3,4,4,4,3,97,\N,\N,\N,\N,\N,\N,13
18498,766,501,66,8,12,5,5,5,2,91,\N,\N,\N,\N,\N,\N,19
18499,766,477,32,24,13,6,6,6,0,87,\N,\N,\N,\N,\N,\N,53
18500,766,476,6,40,11,\N,R,7,0,91,\N,\N,\N,\N,\N,\N,5
18501,766,347,105,58,16,\N,R,8,0,71,\N,\N,\N,\N,\N,\N,3
18502,766,289,32,26,15,\N,R,9,0,69,\N,\N,\N,\N,\N,\N,86
18503,766,456,87,18,4,\N,R,10,0,56,\N,\N,\N,\N,\N,\N,6
18504,766,578,6,38,6,\N,R,11,1,47,\N,\N,\N,\N,\N,\N,48
18505,766,475,118,28,8,\N,R,12,0,38,\N,\N,\N,\N,\N,\N,5
18506,766,554,66,6,2,\N,R,13,0,29,\N,\N,\N,\N,\N,\N,23
18507,766,483,105,46,14,\N,R,14,0,28,\N,\N,\N,\N,\N,\N,5
18508,766,479,118,30,1,\N,R,15,0,22,\N,\N,\N,\N,\N,\N,5
18509,766,590,118,32,7,\N,R,16,0,11,\N,\N,\N,\N,\N,\N,25
18510,766,541,87,22,0,\N,F,17,0,0,\N,\N,\N,\N,\N,\N,81
18511,766,582,105,50,0,\N,F,18,0,0,\N,\N,\N,\N,\N,\N,81
18512,766,583,105,48,0,\N,F,19,0,0,\N,\N,\N,\N,\N,\N,81
18513,766,584,125,12,0,\N,F,20,0,0,\N,\N,\N,\N,\N,\N,81
18514,766,585,125,14,0,\N,F,21,0,0,\N,\N,\N,\N,\N,\N,81
18515,766,551,105,44,0,\N,F,22,0,0,\N,\N,\N,\N,\N,\N,81
18516,766,553,105,56,0,\N,F,23,0,0,\N,\N,\N,\N,\N,\N,81
18517,766,543,127,52,0,\N,F,24,0,0,\N,\N,\N,\N,\N,\N,81
18518,766,586,127,54,0,\N,F,25,0,0,\N,\N,\N,\N,\N,\N,81
18519,766,547,105,42,0,\N,F,26,0,0,\N,\N,\N,\N,\N,\N,81
18520,766,541,66,10,0,\N,F,27,0,0,\N,\N,\N,\N,\N,\N,81
18521,766,587,125,12,0,\N,F,28,0,0,\N,\N,\N,\N,\N,\N,81
18522,766,588,105,50,0,\N,F,29,0,0,\N,\N,\N,\N,\N,\N,81
18523,766,589,105,56,0,\N,F,30,0,0,\N,\N,\N,\N,\N,\N,81
18524,766,580,105,4,0,\N,F,31,0,0,\N,\N,\N,\N,\N,\N,81
18525,767,475,118,1,2,1,1,1,9,75,2:04:49.2,7489200,\N,\N,\N,\N,1
18526,767,501,66,15,7,2,2,2,6,75,+47.9,7537100,\N,\N,\N,\N,1
18527,767,554,66,14,4,3,3,3,4,75,+1:42.3,7591500,\N,\N,\N,\N,1
18528,767,456,87,7,9,4,4,4,3,74,\N,\N,\N,\N,\N,\N,11
18529,767,578,6,5,6,5,5,5,2,74,\N,\N,\N,\N,\N,\N,11
18530,767,477,32,17,11,6,6,6,0,73,\N,\N,\N,\N,\N,\N,12
18531,767,577,6,6,12,7,7,7,0,73,\N,\N,\N,\N,\N,\N,12
18532,767,356,87,8,5,8,8,8,0,73,\N,\N,\N,\N,\N,\N,12
18533,767,427,87,9,8,9,9,9,0,72,\N,\N,\N,\N,\N,\N,13
18534,767,347,105,11,15,10,10,10,0,71,\N,\N,\N,\N,\N,\N,14
18535,767,430,95,18,17,11,11,11,0,69,\N,\N,\N,\N,\N,\N,16
18536,767,483,105,10,16,\N,R,12,0,52,\N,\N,\N,\N,\N,\N,86
18537,767,590,118,3,1,\N,R,13,0,46,\N,\N,\N,\N,\N,\N,5
18538,767,289,32,16,13,\N,R,14,0,40,\N,\N,\N,\N,\N,\N,25
18539,767,581,6,4,10,\N,R,15,0,32,\N,\N,\N,\N,\N,\N,6
18540,767,418,105,12,14,\N,R,16,0,16,\N,\N,\N,\N,\N,\N,48
18541,767,479,118,2,3,\N,R,17,0,13,\N,\N,\N,\N,\N,\N,86
18542,767,547,105,12,0,\N,W,18,0,0,\N,\N,\N,\N,\N,\N,54
18543,768,525,108,1,7,1,1,1,8,200,3:44:13.80,13453800,\N,\N,\N,\N,1
18544,768,591,108,99,25,2,2,2,6,200,+27.63,13481430,\N,\N,\N,\N,1
18545,768,533,113,9,8,3,3,3,4,200,+1:09.67,13523470,\N,\N,\N,\N,1
18546,768,529,108,33,9,4,4,4,4,200,+1:34.81,13548610,\N,\N,\N,\N,1
18547,768,509,108,2,20,5,5,5,2,200,+1:35.62,13549420,\N,\N,\N,\N,1
18548,768,592,107,16,3,6,6,6,0,200,+2:16.95,13590750,\N,\N,\N,\N,1
18549,768,528,109,26,13,7,7,7,0,200,+2:21.06,13594860,\N,\N,\N,\N,1
18550,768,564,107,44,19,8,8,8,0,200,+5:34.02,13787820,\N,\N,\N,\N,1
18551,768,513,113,61,26,9,9,9,0,200,+6:15.76,13829560,\N,\N,\N,\N,1
18552,768,560,113,54,33,10,10,10,0,200,+8:03.59,13937390,\N,\N,\N,\N,1
18553,768,558,113,52,21,11,11,11,0,200,+9:14.20,14008000,\N,\N,\N,\N,1
18554,768,593,113,45,6,12,12,12,0,200,+9:40.85,14034650,\N,\N,\N,\N,1
18555,768,594,114,19,30,13,13,13,0,200,+9:52.24,14046040,\N,\N,\N,\N,1
18556,768,516,113,65,17,\N,R,14,0,189,\N,\N,\N,\N,\N,\N,20
18557,768,539,114,59,32,\N,R,15,0,151,\N,\N,\N,\N,\N,\N,42
18558,768,531,114,29,12,\N,R,16,0,148,\N,\N,\N,\N,\N,\N,20
18559,768,565,113,77,31,\N,D,17,0,136,\N,\N,\N,\N,\N,\N,2
18560,768,555,113,15,14,\N,R,18,0,122,\N,\N,\N,\N,\N,\N,37
18561,768,523,113,83,23,\N,R,19,0,116,\N,\N,\N,\N,\N,\N,23
18562,768,449,110,8,11,\N,R,20,0,93,\N,\N,\N,\N,\N,\N,121
18563,768,595,113,43,15,\N,R,21,0,80,\N,\N,\N,\N,\N,\N,121
18564,768,527,114,88,18,\N,R,22,0,68,\N,\N,\N,\N,\N,\N,7
18565,768,512,113,7,22,\N,R,23,0,52,\N,\N,\N,\N,\N,\N,38
18566,768,563,120,89,29,\N,R,24,0,38,\N,\N,\N,\N,\N,\N,3
18567,768,562,110,25,10,\N,R,25,0,21,\N,\N,\N,\N,\N,\N,48
18568,768,514,113,14,4,\N,R,26,0,1,\N,\N,\N,\N,\N,\N,3
18569,768,537,107,97,1,\N,R,27,0,0,\N,\N,\N,\N,\N,\N,3
18570,768,596,107,5,2,\N,R,28,0,0,\N,\N,\N,\N,\N,\N,3
18571,768,597,113,4,5,\N,R,29,0,0,\N,\N,\N,\N,\N,\N,3
18572,768,510,113,31,16,\N,R,30,0,0,\N,\N,\N,\N,\N,\N,3
18573,768,598,113,92,24,\N,R,31,0,0,\N,\N,\N,\N,\N,\N,3
18574,768,536,113,68,27,\N,R,32,0,0,\N,\N,\N,\N,\N,\N,3
18575,768,599,114,57,28,\N,R,33,0,0,\N,\N,\N,\N,\N,\N,3
18576,769,479,118,4,5,1,1,1,8,24,1:37:06.3,5826300,\N,\N,\N,\N,1
18577,769,578,6,16,1,2,2,2,7,24,+20.7,5847000,\N,\N,\N,\N,1
18578,769,590,118,6,11,3,3,3,4,24,+3:00.9,6007200,\N,\N,\N,\N,1
18579,769,477,32,40,12,4,4,4,3,24,+4:15.5,6081800,\N,\N,\N,\N,1
18580,769,501,66,10,7,5,5,5,2,23,\N,\N,\N,\N,\N,\N,11
18581,769,482,6,20,6,6,6,6,0,23,\N,\N,\N,\N,\N,\N,11
18582,769,427,105,28,16,7,7,7,0,23,\N,\N,\N,\N,\N,\N,11
18583,769,456,87,24,13,8,8,8,0,23,\N,\N,\N,\N,\N,\N,11
18584,769,347,105,36,14,9,9,9,0,22,\N,\N,\N,\N,\N,\N,12
18585,769,551,105,26,19,10,10,10,0,22,\N,\N,\N,\N,\N,\N,12
18586,769,580,105,38,18,\N,R,11,0,22,\N,\N,\N,\N,\N,\N,5
18587,769,356,87,22,8,\N,R,12,0,16,\N,\N,\N,\N,\N,\N,25
18588,769,289,32,42,15,\N,R,13,0,12,\N,\N,\N,\N,\N,\N,5
18589,769,577,6,18,2,\N,R,14,0,5,\N,\N,\N,\N,\N,\N,3
18590,769,581,6,14,4,\N,R,15,0,5,\N,\N,\N,\N,\N,\N,25
18591,769,554,66,8,10,\N,R,16,0,5,\N,\N,\N,\N,\N,\N,51
18592,769,455,105,32,17,\N,R,17,0,4,\N,\N,\N,\N,\N,\N,86
18593,769,475,118,2,9,\N,R,18,0,0,\N,\N,\N,\N,\N,\N,5
18594,769,418,105,30,3,\N,R,19,0,0,\N,\N,\N,\N,\N,\N,5
18595,770,578,6,4,1,1,1,1,9,50,2:03:21.3,7401300,\N,\N,\N,\N,1
18596,770,475,118,8,6,2,2,2,6,50,+24.6,7425900,\N,\N,\N,\N,1
18597,770,476,6,6,21,3,3,3,4,50,+59.7,7461000,\N,\N,\N,\N,1
18598,770,579,105,34,8,4,4,4,3,50,+2:30.6,7551900,\N,\N,\N,\N,1
18599,770,581,6,42,4,5,5,5,2,50,+5:24.9,7726200,\N,\N,\N,\N,1
18600,770,356,87,22,12,6,6,6,0,49,\N,\N,\N,\N,\N,\N,11
18601,770,403,105,36,13,7,7,7,0,49,\N,\N,\N,\N,\N,\N,11
18602,770,347,105,38,16,8,8,8,0,48,\N,\N,\N,\N,\N,\N,12
18603,770,583,105,32,15,9,9,9,0,47,\N,\N,\N,\N,\N,\N,13
18604,770,526,105,30,18,10,10,10,0,45,\N,\N,\N,\N,\N,\N,15
18605,770,456,87,20,14,11,11,11,0,37,\N,\N,\N,\N,\N,\N,53
18606,770,501,66,16,3,\N,R,12,0,41,\N,\N,\N,\N,\N,\N,25
18607,770,554,66,14,9,\N,R,13,0,41,\N,\N,\N,\N,\N,\N,48
18608,770,590,118,12,10,\N,R,14,0,35,\N,\N,\N,\N,\N,\N,5
18609,770,289,32,24,19,\N,R,15,0,33,\N,\N,\N,\N,\N,\N,25
18610,770,580,105,40,11,\N,R,16,0,28,\N,\N,\N,\N,\N,\N,3
18611,770,427,66,18,7,\N,R,17,0,23,\N,\N,\N,\N,\N,\N,48
18612,770,479,118,10,5,\N,R,18,0,16,\N,\N,\N,\N,\N,\N,5
18613,770,577,6,2,2,\N,R,19,0,9,\N,\N,\N,\N,\N,\N,3
18614,770,566,105,28,17,\N,R,20,0,9,\N,\N,\N,\N,\N,\N,5
18615,770,477,32,26,20,\N,R,21,0,6,\N,\N,\N,\N,\N,\N,5
18616,771,581,6,1,6,1,1,1,8,75,2:09:04.2,7744200,\N,\N,\N,\N,1
18617,771,578,6,2,4,2,2,2,7,75,+24.2,7768400,\N,\N,\N,\N,1
18618,771,456,87,10,3,3,3,3,4,75,+50.6,7794800,\N,\N,\N,\N,1
18619,771,590,118,9,7,4,4,4,3,75,+50.8,7795000,\N,\N,\N,\N,1
18620,771,501,66,20,2,5,5,5,2,75,+1:14.8,7819000,\N,\N,\N,\N,1
18621,771,356,87,11,10,6,6,6,0,75,+1:23.2,7827400,\N,\N,\N,\N,1
18622,771,479,118,8,9,7,7,7,0,74,\N,\N,\N,\N,\N,\N,11
18623,771,427,87,4,12,8,8,8,0,73,\N,\N,\N,\N,\N,\N,12
18624,771,566,105,5,15,9,9,9,0,72,\N,\N,\N,\N,\N,\N,13
18625,771,476,6,3,11,\N,R,10,0,59,\N,\N,\N,\N,\N,\N,5
18626,771,347,105,22,13,\N,R,11,0,49,\N,\N,\N,\N,\N,\N,6
18627,771,583,105,6,18,\N,R,12,0,44,\N,\N,\N,\N,\N,\N,6
18628,771,437,87,12,16,\N,R,13,0,40,\N,\N,\N,\N,\N,\N,8
18629,771,475,118,7,1,\N,R,14,0,25,\N,\N,\N,\N,\N,\N,5
18630,771,477,32,17,5,\N,R,15,0,21,\N,\N,\N,\N,\N,\N,5
18631,771,554,66,19,8,\N,R,16,0,19,\N,\N,\N,\N,\N,\N,22
18632,771,549,125,15,17,\N,R,17,0,19,\N,\N,\N,\N,\N,\N,6
18633,771,502,32,18,20,\N,R,18,0,19,\N,\N,\N,\N,\N,\N,25
18634,771,289,32,16,14,\N,R,19,0,17,\N,\N,\N,\N,\N,\N,25
18635,771,486,125,14,19,\N,R,20,0,7,\N,\N,\N,\N,\N,\N,80
18636,772,479,118,8,2,1,1,1,8,15,2:21:15.0,8475000,\N,\N,\N,\N,1
18637,772,456,87,10,6,2,2,2,6,15,+3:29.7,8684700,\N,\N,\N,\N,1
18638,772,427,87,11,7,3,3,3,4,15,+5:11.2,8786200,\N,\N,\N,\N,1
18639,772,476,6,4,5,4,4,4,3,15,+6:16.3,8851300,\N,\N,\N,\N,1
18640,772,360,87,20,12,5,5,5,0,15,+6:26.3,8861300,\N,\N,\N,\N,1
18641,772,431,95,21,13,6,6,6,0,15,+6:32.4,8867400,\N,\N,\N,\N,1
18642,772,437,87,26,11,7,7,7,0,15,+6:59.3,8894300,\N,\N,\N,\N,1
18643,772,459,87,30,14,8,8,8,0,15,+7:09.9,8904900,\N,\N,\N,\N,1
18644,772,403,6,23,10,9,9,9,0,15,+7:45.5,8940500,\N,\N,\N,\N,1
18645,772,477,32,12,24,10,10,10,0,13,\N,\N,\N,\N,\N,\N,12
18646,772,549,32,28,16,11,11,11,0,13,\N,\N,\N,\N,\N,\N,12
18647,772,578,6,3,1,\N,R,12,0,11,\N,\N,\N,\N,\N,\N,8
18648,772,581,6,2,4,\N,R,13,0,10,\N,\N,\N,\N,\N,\N,3
18649,772,455,87,22,17,\N,R,14,0,9,\N,\N,\N,\N,\N,\N,22
18650,772,501,66,6,8,\N,R,15,0,9,\N,\N,\N,\N,\N,\N,23
18651,772,600,87,27,23,\N,R,16,0,4,\N,\N,\N,\N,\N,\N,48
18652,772,289,32,25,22,\N,R,17,0,4,\N,\N,\N,\N,\N,\N,108
18653,772,554,66,5,9,\N,R,18,0,4,\N,\N,\N,\N,\N,\N,22
18654,772,430,95,18,15,\N,R,19,0,3,\N,\N,\N,\N,\N,\N,5
18655,772,478,105,17,20,\N,R,20,0,3,\N,\N,\N,\N,\N,\N,5
18656,772,475,118,7,3,\N,R,21,1,3,\N,\N,\N,\N,\N,\N,121
18657,772,601,87,19,18,\N,R,22,0,2,\N,\N,\N,\N,\N,\N,5
18658,772,484,87,29,25,\N,R,23,0,1,\N,\N,\N,\N,\N,\N,48
18659,772,356,87,24,19,\N,R,24,0,1,\N,\N,\N,\N,\N,\N,4
18660,772,347,105,16,21,\N,R,25,0,1,\N,\N,\N,\N,\N,\N,3
18661,772,526,105,14,0,\N,W,26,0,0,\N,\N,\N,\N,\N,\N,5
18662,773,475,118,2,1,1,1,1,8,50,2:11:27.80,7887800,\N,\N,\N,\N,1
18663,773,578,6,24,2,2,2,2,7,50,+5:12.75,8200550,\N,\N,\N,\N,1
18664,773,590,118,6,3,3,3,3,4,49,\N,\N,\N,\N,\N,\N,11
18665,773,554,66,8,4,4,4,4,3,49,\N,\N,\N,\N,\N,\N,11
18666,773,476,6,22,6,5,5,5,2,49,\N,\N,\N,\N,\N,\N,11
18667,773,501,66,10,7,6,6,6,0,49,\N,\N,\N,\N,\N,\N,11
18668,773,356,87,14,8,7,7,7,0,48,\N,\N,\N,\N,\N,\N,12
18669,773,427,87,12,9,8,8,8,0,48,\N,\N,\N,\N,\N,\N,12
18670,773,456,87,16,11,9,9,9,0,46,\N,\N,\N,\N,\N,\N,14
18671,773,566,105,28,10,\N,R,10,0,47,\N,\N,\N,\N,\N,\N,23
18672,773,479,118,4,5,\N,R,11,0,37,\N,\N,\N,\N,\N,\N,20
18673,773,289,32,20,12,\N,R,12,0,25,\N,\N,\N,\N,\N,\N,20
18674,773,477,105,18,13,\N,R,13,0,15,\N,\N,\N,\N,\N,\N,5
18675,773,347,105,32,14,\N,R,14,0,9,\N,\N,\N,\N,\N,\N,68
18676,773,551,105,30,15,\N,R,15,0,6,\N,\N,\N,\N,\N,\N,5
18677,774,479,118,28,2,1,1,1,8,70,2:03:47.8,7427800,\N,\N,\N,\N,1
18678,774,578,6,14,3,2,2,2,6,70,+24.2,7452000,\N,\N,\N,\N,1
18679,774,403,6,18,7,3,3,3,5,70,+28.3,7456100,\N,\N,\N,\N,1
18680,774,418,105,32,11,4,4,4,0,69,\N,\N,\N,\N,\N,\N,11
18681,774,456,87,6,14,5,5,5,2,62,\N,\N,\N,\N,\N,\N,18
18682,774,289,32,38,12,6,6,6,0,62,\N,\N,\N,\N,\N,\N,18
18683,774,477,32,36,16,7,7,7,0,61,\N,\N,\N,\N,\N,\N,19
18684,774,551,105,42,21,\N,R,8,0,57,\N,\N,\N,\N,\N,\N,5
18685,774,543,105,22,20,\N,R,9,0,51,\N,\N,\N,\N,\N,\N,5
18686,774,554,66,8,8,\N,R,10,0,42,\N,\N,\N,\N,\N,\N,8
18687,774,478,105,24,18,\N,R,11,0,32,\N,\N,\N,\N,\N,\N,5
18688,774,590,118,30,4,\N,R,12,0,30,\N,\N,\N,\N,\N,\N,25
18689,774,427,87,2,13,\N,R,13,0,24,\N,\N,\N,\N,\N,\N,6
18690,774,475,118,26,1,\N,R,14,0,17,\N,\N,\N,\N,\N,\N,6
18691,774,347,66,12,10,\N,R,15,0,14,\N,\N,\N,\N,\N,\N,7
18692,774,482,6,20,5,\N,R,16,0,4,\N,\N,\N,\N,\N,\N,22
18693,774,583,105,40,19,\N,R,17,0,2,\N,\N,\N,\N,\N,\N,3
18694,774,566,105,34,17,\N,R,18,0,1,\N,\N,\N,\N,\N,\N,64
18695,774,476,6,16,6,\N,R,19,0,0,\N,\N,\N,\N,\N,\N,3
18696,774,501,66,10,9,\N,R,20,0,0,\N,\N,\N,\N,\N,\N,3
18697,774,356,87,4,15,\N,R,21,0,0,\N,\N,\N,\N,\N,\N,22
18698,775,475,118,8,2,1,1,1,9,53,2:09:15.1,7755100,\N,\N,\N,\N,1
18699,775,578,6,6,1,2,2,2,6,53,+1:24.7,7839800,\N,\N,\N,\N,1
18700,775,403,6,4,5,3,3,3,4,53,+1:25.5,7840600,\N,\N,\N,\N,1
18701,775,347,66,18,8,4,4,4,3,53,+1:46.7,7861800,\N,\N,\N,\N,1
18702,775,501,66,16,10,5,5,5,2,53,+2:33.7,7908800,\N,\N,\N,\N,1
18703,775,418,105,22,13,6,6,6,0,52,\N,\N,\N,\N,\N,\N,11
18704,775,456,87,28,14,7,7,7,0,51,\N,\N,\N,\N,\N,\N,12
18705,775,486,87,30,11,8,8,8,0,50,\N,\N,\N,\N,\N,\N,13
18706,775,478,105,38,18,9,9,9,0,50,\N,\N,\N,\N,\N,\N,13
18707,775,477,32,34,16,10,10,10,0,49,\N,\N,\N,\N,\N,\N,14
18708,775,356,87,50,19,11,11,11,0,49,\N,\N,\N,\N,\N,\N,14
18709,775,583,105,26,17,12,12,12,0,48,\N,\N,\N,\N,\N,\N,15
18710,775,360,87,52,21,13,13,13,0,48,\N,\N,\N,\N,\N,\N,15
18711,775,602,87,58,23,14,14,14,0,48,\N,\N,\N,\N,\N,\N,15
18712,775,603,87,48,25,15,15,15,0,48,\N,\N,\N,\N,\N,\N,15
18713,775,289,32,32,12,16,16,16,0,45,\N,\N,\N,\N,\N,\N,17
18714,775,590,118,12,3,\N,R,17,0,41,\N,\N,\N,\N,\N,\N,3
18715,775,604,87,54,24,\N,R,18,0,31,\N,\N,\N,\N,\N,\N,3
18716,775,605,87,56,22,\N,R,19,0,30,\N,\N,\N,\N,\N,\N,3
18717,775,479,118,10,7,\N,R,20,0,29,\N,\N,\N,\N,\N,\N,5
18718,775,482,6,2,6,\N,R,21,0,29,\N,\N,\N,\N,\N,\N,3
18719,775,554,66,14,4,\N,R,22,0,26,\N,\N,\N,\N,\N,\N,5
18720,775,455,87,24,20,\N,R,23,0,15,\N,\N,\N,\N,\N,\N,3
18721,775,541,66,20,15,\N,R,24,0,15,\N,\N,\N,\N,\N,\N,5
18722,775,427,87,36,9,\N,R,25,0,9,\N,\N,\N,\N,\N,\N,5
18723,776,579,105,2,2,1,1,1,8,100,3:00:55.9,10855900,\N,\N,\N,\N,1
18724,776,554,105,6,3,2,2,2,6,100,+18.3,10874200,\N,\N,\N,\N,1
18725,776,496,105,8,8,3,3,3,4,99,\N,\N,\N,\N,\N,\N,11
18726,776,501,105,22,9,4,4,4,3,98,\N,\N,\N,\N,\N,\N,12
18727,776,606,6,20,10,5,5,5,1,98,\N,\N,\N,\N,\N,\N,12
18728,776,607,6,18,11,6,6,6,0,98,\N,\N,\N,\N,\N,\N,12
18729,776,347,105,24,13,7,7,7,0,95,\N,\N,\N,\N,\N,\N,15
18730,776,475,105,4,1,8,8,8,1,93,\N,\N,\N,\N,\N,\N,17
18731,776,573,6,26,12,9,9,9,0,91,\N,\N,\N,\N,\N,\N,19
18732,776,586,105,28,14,10,10,10,0,90,\N,\N,\N,\N,\N,\N,88
18733,776,608,6,14,4,\N,R,11,0,75,\N,\N,\N,\N,\N,\N,36
18734,776,578,6,16,7,\N,R,12,0,35,\N,\N,\N,\N,\N,\N,8
18735,776,577,6,12,6,\N,R,13,0,31,\N,\N,\N,\N,\N,\N,8
18736,776,581,6,10,5,\N,R,14,0,26,\N,\N,\N,\N,\N,\N,8
18737,777,579,105,32,1,1,1,1,9,105,3:10:12.8,11412800,\N,\N,\N,\N,1
18738,777,479,118,20,4,2,2,2,6,105,+25.2,11438000,\N,\N,\N,\N,1
18739,777,418,105,2,10,3,3,3,4,103,\N,\N,\N,\N,\N,\N,12
18740,777,590,125,10,13,4,4,4,3,102,\N,\N,\N,\N,\N,\N,13
18741,777,427,6,30,6,5,5,5,2,100,\N,\N,\N,\N,\N,\N,15
18742,777,356,87,14,15,6,6,6,0,100,\N,\N,\N,\N,\N,\N,15
18743,777,476,6,24,9,\N,R,7,0,95,\N,\N,\N,\N,\N,\N,5
18744,777,483,105,34,14,\N,R,8,0,64,\N,\N,\N,\N,\N,\N,44
18745,777,541,66,6,11,\N,R,9,0,60,\N,\N,\N,\N,\N,\N,5
18746,777,496,105,36,7,\N,R,10,0,51,\N,\N,\N,\N,\N,\N,20
18747,777,549,125,12,16,\N,R,11,0,47,\N,\N,\N,\N,\N,\N,95
18748,777,501,105,38,8,\N,R,12,0,23,\N,\N,\N,\N,\N,\N,22
18749,777,547,105,22,12,\N,R,13,0,10,\N,\N,\N,\N,\N,\N,3
18750,777,581,6,26,2,\N,R,14,0,4,\N,\N,\N,\N,\N,\N,3
18751,777,475,118,18,3,\N,R,15,0,4,\N,\N,\N,\N,\N,\N,3
18752,777,578,6,28,5,\N,R,16,0,4,\N,\N,\N,\N,\N,\N,3
18753,777,456,66,8,0,\N,F,17,0,0,\N,\N,\N,\N,\N,\N,81
18754,777,478,105,40,0,\N,F,18,0,0,\N,\N,\N,\N,\N,\N,81
18755,777,609,105,4,0,\N,F,19,0,0,\N,\N,\N,\N,\N,\N,81
18756,777,586,105,42,0,\N,F,20,0,0,\N,\N,\N,\N,\N,\N,81
18757,777,610,87,16,0,\N,F,21,0,0,\N,\N,\N,\N,\N,\N,81
18758,778,611,108,9,13,1,1,1,8,200,3:41:14.25,13274250,\N,\N,\N,\N,1
18759,778,509,108,26,32,2,2,2,7,200,+21.46,13295710,\N,\N,\N,\N,1
18760,778,525,114,1,15,3,3,3,4,200,+2:13.97,13408220,\N,\N,\N,\N,1
18761,778,555,113,54,10,4,4,4,3,200,+2:56.86,13451110,\N,\N,\N,\N,1
18762,778,612,113,73,12,5,5,5,2,200,+3:14.27,13468520,\N,\N,\N,\N,1
18763,778,533,113,6,5,6,6,6,0,200,+4:35.27,13549520,\N,\N,\N,\N,1
18764,778,613,113,48,28,7,7,7,0,200,+4:45.58,13559830,\N,\N,\N,\N,1
18765,778,597,113,12,1,8,8,8,0,200,+5:33.15,13607400,\N,\N,\N,\N,1
18766,778,514,109,7,16,9,9,9,0,200,+6:17.11,13651360,\N,\N,\N,\N,1
18767,778,520,110,22,14,10,10,10,0,200,+7:10.12,13704370,\N,\N,\N,\N,1
18768,778,562,113,19,19,11,11,11,0,200,+7:56.07,13750320,\N,\N,\N,\N,1
18769,778,512,114,10,11,12,12,12,0,199,\N,\N,\N,\N,\N,\N,11
18770,778,516,113,95,33,13,13,13,0,197,\N,\N,\N,\N,\N,\N,13
18771,778,563,114,82,25,14,14,14,0,196,\N,\N,\N,\N,\N,\N,14
18772,778,529,113,27,22,15,15,15,0,195,\N,\N,\N,\N,\N,\N,15
18773,778,593,113,18,17,16,16,16,0,195,\N,\N,\N,\N,\N,\N,15
18774,778,528,113,3,21,17,17,17,0,192,\N,\N,\N,\N,\N,\N,18
18775,778,592,113,5,6,\N,R,18,0,182,\N,\N,\N,\N,\N,\N,37
18776,778,614,113,92,27,\N,R,19,0,170,\N,\N,\N,\N,\N,\N,20
18777,778,594,113,28,31,\N,R,20,0,138,\N,\N,\N,\N,\N,\N,8
18778,778,538,120,89,30,\N,R,21,0,111,\N,\N,\N,\N,\N,\N,3
18779,778,615,113,14,4,\N,R,22,0,107,\N,\N,\N,\N,\N,\N,95
18780,778,527,114,88,2,\N,R,23,0,105,\N,\N,\N,\N,\N,\N,95
18781,778,565,113,77,18,\N,R,24,0,101,\N,\N,\N,\N,\N,\N,3
18782,778,513,113,43,20,\N,R,25,0,93,\N,\N,\N,\N,\N,\N,67
18783,778,560,113,31,23,\N,R,26,0,81,\N,\N,\N,\N,\N,\N,95
18784,778,558,113,16,8,\N,R,27,0,75,\N,\N,\N,\N,\N,\N,3
18785,778,556,113,57,29,\N,R,28,0,53,\N,\N,\N,\N,\N,\N,3
18786,778,596,113,83,7,\N,R,29,0,51,\N,\N,\N,\N,\N,\N,31
18787,778,449,110,8,24,\N,R,30,0,27,\N,\N,\N,\N,\N,\N,101
18788,778,526,107,52,3,\N,R,31,0,13,\N,\N,\N,\N,\N,\N,5
18789,778,532,113,55,26,\N,R,32,0,0,\N,\N,\N,\N,\N,\N,3
18790,778,616,113,23,9,\N,R,33,0,0,\N,\N,\N,\N,\N,\N,3
18791,779,579,105,2,1,1,1,1,8,77,3:07:46.4,11266400,\N,\N,\N,\N,1
18792,779,577,6,10,3,2,2,2,7,77,+50.8,11317200,\N,\N,\N,\N,1
18793,779,581,6,12,5,3,3,3,4,77,+2:06.0,11392400,\N,\N,\N,\N,1
18794,779,578,6,14,7,4,4,4,3,76,\N,\N,\N,\N,\N,\N,11
18795,779,501,105,6,4,5,5,5,2,70,\N,\N,\N,\N,\N,\N,17
18796,779,554,105,4,2,6,6,6,0,69,\N,\N,\N,\N,\N,\N,18
18797,779,617,87,24,15,7,7,7,0,68,\N,\N,\N,\N,\N,\N,19
18798,779,496,105,8,9,\N,R,8,0,30,\N,\N,\N,\N,\N,\N,5
18799,779,590,118,18,10,\N,R,9,0,30,\N,\N,\N,\N,\N,\N,38
18800,779,456,118,20,6,\N,R,10,0,25,\N,\N,\N,\N,\N,\N,5
18801,779,618,66,28,12,\N,R,11,0,24,\N,\N,\N,\N,\N,\N,7
18802,779,427,6,16,8,\N,R,12,0,23,\N,\N,\N,\N,\N,\N,10
18803,779,356,87,22,13,\N,R,13,0,4,\N,\N,\N,\N,\N,\N,3
18804,779,547,105,30,14,\N,R,14,0,4,\N,\N,\N,\N,\N,\N,86
18805,779,541,66,26,11,\N,R,15,0,2,\N,\N,\N,\N,\N,\N,3
18806,780,479,118,20,3,1,1,1,4,90,3:06:37.8,11197800,\N,\N,\N,\N,1
18807,780,577,6,14,10,2,2,2,6,90,+25.6,11223400,\N,\N,\N,\N,1
18808,780,578,6,10,5,3,3,3,4,90,+42.8,11240600,\N,\N,\N,\N,1
18809,780,427,6,16,9,4,4,4,3,88,\N,\N,\N,\N,\N,\N,12
18810,780,456,87,36,15,5,5,5,2,85,\N,\N,\N,\N,\N,\N,15
18811,780,619,87,38,18,6,6,6,0,82,\N,\N,\N,\N,\N,\N,18
18812,780,590,118,22,6,7,7,7,0,82,\N,\N,\N,\N,\N,\N,18
18813,780,549,105,32,19,8,8,8,0,71,\N,\N,\N,\N,\N,\N,124
18814,780,356,87,34,13,\N,R,9,0,74,\N,\N,\N,\N,\N,\N,8
18815,780,554,105,4,2,\N,R,10,0,69,\N,\N,\N,\N,\N,\N,8
18816,780,581,6,12,8,\N,R,11,0,53,\N,\N,\N,\N,\N,\N,47
18817,780,475,118,18,1,\N,R,12,0,51,\N,\N,\N,\N,\N,\N,5
18818,780,579,105,2,4,\N,R,13,0,49,\N,\N,\N,\N,\N,\N,5
18819,780,486,66,24,16,\N,R,14,0,46,\N,\N,\N,\N,\N,\N,5
18820,780,610,66,26,12,\N,R,15,0,44,\N,\N,\N,\N,\N,\N,5
18821,780,501,105,6,7,\N,R,16,0,39,\N,\N,\N,\N,\N,\N,103
18822,780,496,105,8,11,\N,R,17,0,35,\N,\N,\N,\N,\N,\N,7
18823,780,347,105,28,17,\N,R,18,0,18,\N,\N,\N,\N,\N,\N,6
18824,780,547,105,30,14,\N,W,19,0,0,\N,\N,\N,\N,\N,\N,3
18825,781,579,105,1,1,1,1,1,9,22,3:30:38.3,12638300,\N,\N,\N,\N,1
18826,781,578,6,8,2,2,2,2,6,22,+3.6,12641900,\N,\N,\N,\N,1
18827,781,581,6,7,4,3,3,3,4,22,+35.6,12673900,\N,\N,\N,\N,1
18828,781,577,6,6,8,4,4,4,3,22,+3:37.6,12855900,\N,\N,\N,\N,1
18829,781,475,118,10,7,5,5,5,2,22,+4:37.2,12915500,\N,\N,\N,\N,1
18830,781,554,105,2,3,6,6,6,0,22,+4:38.5,12916800,\N,\N,\N,\N,1
18831,781,501,105,3,6,7,7,7,0,22,+6:47.5,13045800,\N,\N,\N,\N,1
18832,781,418,105,16,10,8,8,8,0,21,\N,\N,\N,\N,\N,\N,11
18833,781,479,118,11,5,9,9,9,0,21,\N,\N,\N,\N,\N,\N,11
18834,781,483,105,4,13,10,10,10,0,21,\N,\N,\N,\N,\N,\N,11
18835,781,506,105,15,16,11,11,11,0,21,\N,\N,\N,\N,\N,\N,11
18836,781,431,95,21,12,12,12,12,0,21,\N,\N,\N,\N,\N,\N,11
18837,781,484,87,28,17,13,13,13,0,20,\N,\N,\N,\N,\N,\N,12
18838,781,430,95,27,20,14,14,14,0,20,\N,\N,\N,\N,\N,\N,12
18839,781,459,87,25,22,15,15,15,0,17,\N,\N,\N,\N,\N,\N,15
18840,781,478,105,17,11,\N,R,16,0,14,\N,\N,\N,\N,\N,\N,83
18841,781,620,95,20,15,\N,R,17,0,13,\N,\N,\N,\N,\N,\N,5
18842,781,456,87,23,14,\N,R,18,0,11,\N,\N,\N,\N,\N,\N,22
18843,781,580,105,18,21,\N,R,19,0,11,\N,\N,\N,\N,\N,\N,38
18844,781,590,118,12,9,\N,R,20,0,10,\N,\N,\N,\N,\N,\N,6
18845,781,356,87,24,18,\N,R,21,0,6,\N,\N,\N,\N,\N,\N,7
18846,781,621,87,26,23,\N,R,22,0,4,\N,\N,\N,\N,\N,\N,99
18847,781,601,87,29,24,\N,R,23,0,3,\N,\N,\N,\N,\N,\N,38
18848,781,547,105,19,19,\N,R,24,0,2,\N,\N,\N,\N,\N,\N,109
18849,782,475,118,26,2,1,1,1,9,18,2:59:22.7,10762700,\N,\N,\N,\N,1
18850,782,579,105,2,1,2,2,2,6,18,+3:13.9,10956600,\N,\N,\N,\N,1
18851,782,501,105,6,5,3,3,3,4,18,+6:46.8,11169500,\N,\N,\N,\N,1
18852,782,418,105,14,7,4,4,4,3,18,+8:16.5,11259200,\N,\N,\N,\N,1
18853,782,590,118,30,8,5,5,5,2,17,\N,\N,\N,\N,\N,\N,11
18854,782,483,105,8,10,6,6,6,0,17,\N,\N,\N,\N,\N,\N,11
18855,782,356,87,24,16,7,7,7,0,15,\N,\N,\N,\N,\N,\N,13
18856,782,577,6,34,3,\N,R,8,0,9,\N,\N,\N,\N,\N,\N,44
18857,782,580,105,10,12,\N,R,9,0,9,\N,\N,\N,\N,\N,\N,5
18858,782,506,105,20,14,\N,R,10,0,9,\N,\N,\N,\N,\N,\N,7
18859,782,347,105,16,9,\N,R,11,0,7,\N,\N,\N,\N,\N,\N,25
18860,782,554,105,4,4,\N,R,12,0,3,\N,\N,\N,\N,\N,\N,44
18861,782,456,87,22,15,\N,R,13,0,3,\N,\N,\N,\N,\N,\N,3
18862,782,479,118,28,6,\N,R,14,0,1,\N,\N,\N,\N,\N,\N,5
18863,782,547,105,18,11,\N,R,15,0,0,\N,\N,\N,\N,\N,\N,3
18864,782,586,105,12,13,\N,R,16,0,0,\N,\N,\N,\N,\N,\N,5
18865,783,475,118,18,2,1,1,1,8,87,2:35:03.9,9303900,\N,\N,\N,\N,1
18866,783,579,105,2,4,2,2,2,6,87,+41.2,9345100,\N,\N,\N,\N,1
18867,783,476,6,36,8,3,3,3,4,85,\N,\N,\N,\N,\N,\N,12
18868,783,418,105,26,11,4,4,4,3,84,\N,\N,\N,\N,\N,\N,13
18869,783,483,105,8,12,5,5,5,1,84,\N,\N,\N,\N,\N,\N,13
18870,783,578,6,34,10,6,6,6,0,83,\N,\N,\N,\N,\N,\N,14
18871,783,479,118,22,3,7,7,7,1,82,\N,\N,\N,\N,\N,\N,15
18872,783,577,6,32,9,8,8,8,0,82,\N,\N,\N,\N,\N,\N,15
18873,783,580,105,10,15,9,9,9,0,81,\N,\N,\N,\N,\N,\N,16
18874,783,547,105,14,18,10,10,10,0,78,\N,\N,\N,\N,\N,\N,19
18875,783,609,105,28,16,11,11,11,0,72,\N,\N,\N,\N,\N,\N,112
18876,783,581,6,30,7,\N,R,12,0,62,\N,\N,\N,\N,\N,\N,5
18877,783,590,118,20,1,\N,R,13,0,49,\N,\N,\N,\N,\N,\N,5
18878,783,554,105,6,5,\N,R,14,0,49,\N,\N,\N,\N,\N,\N,25
18879,783,506,105,16,14,\N,R,15,0,47,\N,\N,\N,\N,\N,\N,5
18880,783,501,105,4,6,\N,R,16,0,34,\N,\N,\N,\N,\N,\N,44
18881,783,347,105,24,13,\N,R,17,0,31,\N,\N,\N,\N,\N,\N,25
18882,783,586,105,12,17,\N,R,18,0,3,\N,\N,\N,\N,\N,\N,5
18883,784,577,6,34,3,1,1,1,4,98,3:00:03.7,10803700,\N,\N,\N,\N,1
18884,784,554,105,4,4,2,2,2,6,98,+24.4,10828100,\N,\N,\N,\N,1
18885,784,578,105,14,8,3,3,3,4,96,\N,\N,\N,\N,\N,\N,12
18886,784,622,105,10,11,4,4,4,1.5,92,\N,\N,\N,\N,\N,\N,16
18887,784,482,6,38,10,5,5,5,2,91,\N,\N,\N,\N,\N,\N,17
18888,784,623,105,16,13,6,6,6,0,88,\N,\N,\N,\N,\N,\N,88
18889,784,475,105,2,7,\N,R,7,0,81,\N,\N,\N,\N,\N,\N,5
18890,784,581,6,36,9,\N,R,8,0,58,\N,\N,\N,\N,\N,\N,3
18891,784,586,105,8,12,\N,R,9,0,57,\N,\N,\N,\N,\N,\N,3
18892,784,496,105,6,6,\N,R,10,0,42,\N,\N,\N,\N,\N,\N,86
18893,784,608,6,32,2,\N,R,11,0,40,\N,\N,\N,\N,\N,\N,6
18894,784,498,105,12,5,\N,R,12,0,24,\N,\N,\N,\N,\N,\N,5
18895,784,579,6,30,1,\N,R,13,0,22,\N,\N,\N,\N,\N,\N,48
18896,785,475,105,28,2,1,1,1,8,100,3:00:32.9,10832900,\N,\N,\N,\N,1
18897,785,581,6,26,9,2,2,2,3,100,+6.1,10839000,\N,\N,\N,\N,1
18898,785,554,105,30,4,3,3,3,4,99,\N,\N,\N,\N,\N,\N,11
18899,785,579,6,20,1,4,4,4,1.5,99,\N,\N,\N,\N,\N,\N,11
18900,785,624,128,6,14,5,5,5,2,93,\N,\N,\N,\N,\N,\N,17
18901,785,625,128,4,11,6,6,6,0,88,\N,\N,\N,\N,\N,\N,55
18902,785,607,105,32,7,7,7,7,0,86,\N,\N,\N,\N,\N,\N,111
18903,785,547,105,18,16,8,8,8,0,85,\N,\N,\N,\N,\N,\N,112
18904,785,626,128,2,12,\N,R,9,0,90,\N,\N,\N,\N,\N,\N,3
18905,785,627,105,8,15,\N,R,10,0,72,\N,\N,\N,\N,\N,\N,5
18906,785,608,6,22,3,\N,R,11,0,14,\N,\N,\N,\N,\N,\N,8
18907,785,427,118,14,6,\N,R,12,0,13,\N,\N,\N,\N,\N,\N,25
18908,785,501,118,16,5,\N,R,13,0,2,\N,\N,\N,\N,\N,\N,3
18909,785,577,6,24,8,\N,R,14,0,2,\N,\N,\N,\N,\N,\N,3
18910,785,483,6,36,0,\N,F,15,0,0,\N,\N,\N,\N,\N,\N,81
18911,785,578,66,10,0,\N,W,16,0,0,\N,\N,\N,\N,\N,\N,5
18912,785,479,66,12,0,\N,W,17,0,0,\N,\N,\N,\N,\N,\N,5
18913,785,589,105,34,0,\N,W,18,0,0,\N,\N,\N,\N,\N,\N,5
18914,786,559,107,8,1,1,1,1,8,200,3:53:28.84,14008840,\N,\N,\N,\N,1
18915,786,611,113,4,13,2,2,2,6,200,+0:20.45,14029290,\N,\N,\N,\N,1
18916,786,528,109,16,26,3,3,3,4,200,+1:30.23,14099070,\N,\N,\N,\N,1
18917,786,593,113,98,6,4,4,4,3,200,+3:25.69,14214530,\N,\N,\N,\N,1
18918,786,537,113,73,4,5,5,5,2,200,+4:21.81,14270650,\N,\N,\N,\N,1
18919,786,628,114,1,10,6,6,6,0,200,+5:35.05,14343890,\N,\N,\N,\N,1
18920,786,514,113,14,23,7,7,7,0,200,+6:25.63,14394470,\N,\N,\N,\N,1
18921,786,449,113,19,15,8,8,8,0,200,+6:32.31,14401150,\N,\N,\N,\N,1
18922,786,592,110,26,21,9,9,9,0,200,+6:38.31,14407150,\N,\N,\N,\N,1
18923,786,629,129,27,30,10,10,10,0,199,\N,\N,\N,\N,\N,\N,11
18924,786,520,114,82,22,11,11,11,0,196,\N,\N,\N,\N,\N,\N,14
18925,786,615,113,42,7,12,12,12,0,196,\N,\N,\N,\N,\N,\N,14
18926,786,516,113,57,25,13,13,13,0,196,\N,\N,\N,\N,\N,\N,14
18927,786,558,113,55,28,14,14,14,0,195,\N,\N,\N,\N,\N,\N,15
18928,786,513,114,81,32,15,15,15,0,195,\N,\N,\N,\N,\N,\N,15
18929,786,595,114,41,29,16,16,16,0,194,\N,\N,\N,\N,\N,\N,16
18930,786,630,113,64,33,17,17,17,0,191,\N,\N,\N,\N,\N,\N,19
18931,786,597,113,7,3,18,18,18,0,187,\N,\N,\N,\N,\N,\N,53
18932,786,525,114,2,19,19,19,19,0,185,\N,\N,\N,\N,\N,\N,112
18933,786,509,113,24,2,\N,R,20,0,175,\N,\N,\N,\N,\N,\N,5
18934,786,594,113,34,31,\N,R,21,0,173,\N,\N,\N,\N,\N,\N,5
18935,786,529,113,99,5,\N,R,22,0,160,\N,\N,\N,\N,\N,\N,3
18936,786,596,113,10,14,\N,R,23,0,160,\N,\N,\N,\N,\N,\N,23
18937,786,556,113,48,16,\N,R,24,0,134,\N,\N,\N,\N,\N,\N,3
18938,786,562,113,54,24,\N,R,25,0,131,\N,\N,\N,\N,\N,\N,5
18939,786,631,113,89,20,\N,R,26,0,94,\N,\N,\N,\N,\N,\N,7
18940,786,612,113,5,9,\N,R,27,0,90,\N,\N,\N,\N,\N,\N,44
18941,786,538,113,12,27,\N,R,28,0,74,\N,\N,\N,\N,\N,\N,3
18942,786,561,113,49,17,\N,R,29,0,49,\N,\N,\N,\N,\N,\N,3
18943,786,533,113,15,12,\N,R,30,0,35,\N,\N,\N,\N,\N,\N,44
18944,786,526,113,53,11,\N,R,31,0,22,\N,\N,\N,\N,\N,\N,20
18945,786,512,114,88,18,\N,R,32,0,22,\N,\N,\N,\N,\N,\N,20
18946,786,555,113,29,8,\N,R,33,1,21,\N,\N,\N,\N,\N,\N,3
18947,787,581,6,8,3,1,1,1,8,36,2:40:00.3,9600300,\N,\N,\N,\N,1
18948,787,632,6,6,8,2,2,2,6,36,+1:51.3,9711600,\N,\N,\N,\N,1
18949,787,607,105,34,9,3,3,3,2,36,+3:16.6,9796900,\N,\N,\N,\N,1
18950,787,501,118,10,6,4,4,4,3,35,\N,\N,\N,\N,\N,\N,11
18951,787,633,105,22,11,5,5,5,2,34,\N,\N,\N,\N,\N,\N,12
18952,787,429,6,20,16,6,6,6,0,33,\N,\N,\N,\N,\N,\N,13
18953,787,554,105,32,4,7,7,7,0,33,\N,\N,\N,\N,\N,\N,13
18954,787,627,105,24,10,8,8,8,0,33,\N,\N,\N,\N,\N,\N,13
18955,787,579,6,2,1,\N,R,9,0,23,\N,\N,\N,\N,\N,\N,7
18956,787,427,118,12,7,\N,R,10,0,11,\N,\N,\N,\N,\N,\N,69
18957,787,475,105,30,2,\N,R,11,0,10,\N,\N,\N,\N,\N,\N,36
18958,787,608,6,4,5,\N,R,12,0,10,\N,\N,\N,\N,\N,\N,7
18959,787,634,125,28,12,\N,R,13,0,10,\N,\N,\N,\N,\N,\N,5
18960,787,547,105,26,15,\N,R,14,0,2,\N,\N,\N,\N,\N,\N,6
18961,787,580,105,36,13,\N,R,15,0,0,\N,\N,\N,\N,\N,\N,3
18962,788,581,6,14,3,1,1,1,8,61,2:34:23.4,9263400,\N,\N,\N,\N,1
18963,788,608,6,12,2,2,2,2,6,61,+0.3,9263700,\N,\N,\N,\N,1
18964,788,554,105,4,7,3,3,3,4,61,+1:29.9,9353300,\N,\N,\N,\N,1
18965,788,579,6,10,1,4,4,4,4,61,+1:35.1,9358500,\N,\N,\N,\N,1
18966,788,607,105,6,13,5,5,5,1,59,\N,\N,\N,\N,\N,\N,12
18967,788,627,105,36,12,6,6,6,0,58,\N,\N,\N,\N,\N,\N,13
18968,788,580,105,40,17,7,7,7,0,57,\N,\N,\N,\N,\N,\N,14
18969,788,624,128,32,14,8,8,8,0,57,\N,\N,\N,\N,\N,\N,14
18970,788,626,128,30,15,9,9,9,0,56,\N,\N,\N,\N,\N,\N,15
18971,788,578,118,24,6,10,10,10,0,56,\N,\N,\N,\N,\N,\N,15
18972,788,429,128,34,19,11,11,11,0,55,\N,\N,\N,\N,\N,\N,16
18973,788,609,105,42,20,\N,R,12,0,41,\N,\N,\N,\N,\N,\N,5
18974,788,624,105,8,16,\N,R,13,0,40,\N,\N,\N,\N,\N,\N,5
18975,788,482,6,44,11,\N,R,14,0,38,\N,\N,\N,\N,\N,\N,8
18976,788,633,105,38,10,\N,R,15,0,23,\N,\N,\N,\N,\N,\N,23
18977,788,606,6,16,9,\N,R,16,0,20,\N,\N,\N,\N,\N,\N,6
18978,788,427,130,28,18,\N,R,17,0,18,\N,\N,\N,\N,\N,\N,37
18979,788,475,105,2,8,\N,R,18,0,12,\N,\N,\N,\N,\N,\N,6
18980,788,501,118,22,4,\N,R,19,0,5,\N,\N,\N,\N,\N,\N,5
18981,788,635,118,26,5,\N,W,20,0,0,\N,\N,\N,\N,\N,\N,3
18982,789,579,6,1,2,1,1,1,8,101,2:59:47.0,10787000,\N,\N,\N,\N,1
18983,789,606,6,4,12,2,2,2,3,100,\N,\N,\N,\N,\N,\N,11
18984,789,554,105,8,13,3,3,3,4,99,\N,\N,\N,\N,\N,\N,12
18985,789,486,125,21,21,4,4,4,3,98,\N,\N,\N,\N,\N,\N,13
18986,789,547,105,31,14,5,5,5,2,97,\N,\N,\N,\N,\N,\N,14
18987,789,633,105,11,19,6,6,6,0,96,\N,\N,\N,\N,\N,\N,15
18988,789,607,105,9,15,7,7,7,0,95,\N,\N,\N,\N,\N,\N,16
18989,789,580,105,10,25,8,8,8,0,94,\N,\N,\N,\N,\N,\N,17
18990,789,626,128,15,18,9,9,9,0,94,\N,\N,\N,\N,\N,\N,17
18991,789,608,6,3,8,10,10,10,0,92,\N,\N,\N,\N,\N,\N,19
18992,789,619,87,26,22,11,11,11,0,88,\N,\N,\N,\N,\N,\N,53
18993,789,475,105,7,1,\N,R,12,1,94,\N,\N,\N,\N,\N,\N,109
18994,789,501,118,16,5,\N,R,13,0,87,\N,\N,\N,\N,\N,\N,69
18995,789,636,125,20,11,\N,R,14,0,74,\N,\N,\N,\N,\N,\N,5
18996,789,427,118,17,16,\N,R,15,0,74,\N,\N,\N,\N,\N,\N,69
18997,789,624,128,14,26,\N,R,16,0,71,\N,\N,\N,\N,\N,\N,109
18998,789,581,6,2,4,\N,R,17,0,64,\N,\N,\N,\N,\N,\N,51
18999,789,456,105,28,7,\N,R,18,0,59,\N,\N,\N,\N,\N,\N,69
19000,789,479,66,24,9,\N,R,19,0,39,\N,\N,\N,\N,\N,\N,3
19001,789,578,66,23,3,\N,R,20,0,24,\N,\N,\N,\N,\N,\N,7
19002,789,627,105,27,27,\N,R,21,0,23,\N,\N,\N,\N,\N,\N,10
19003,789,506,105,29,20,\N,R,22,0,22,\N,\N,\N,\N,\N,\N,5
19004,789,620,105,12,24,\N,R,23,0,21,\N,\N,\N,\N,\N,\N,6
19005,789,637,125,19,10,\N,R,24,0,16,\N,\N,\N,\N,\N,\N,7
19006,789,585,99,32,23,\N,R,25,0,12,\N,\N,\N,\N,\N,\N,80
19007,789,356,105,30,28,\N,R,26,0,3,\N,\N,\N,\N,\N,\N,5
19008,789,541,66,25,17,\N,R,27,0,2,\N,\N,\N,\N,\N,\N,5
19009,789,498,118,18,6,\N,R,28,0,0,\N,\N,\N,\N,\N,\N,7
19010,790,579,6,1,1,1,1,1,9,22,3:38:43.7,13123700,\N,\N,\N,\N,1
19011,790,475,105,7,4,2,2,2,6,22,+46.4,13170100,\N,\N,\N,\N,1
19012,790,554,105,6,8,3,3,3,4,22,+7:38.3,13582000,\N,\N,\N,\N,1
19013,790,580,105,20,16,4,4,4,3,20,\N,\N,\N,\N,\N,\N,12
19014,790,627,105,15,14,5,5,5,2,19,\N,\N,\N,\N,\N,\N,13
19015,790,506,105,21,11,\N,D,6,0,20,\N,\N,\N,\N,\N,\N,2
19016,790,638,105,22,19,\N,N,7,0,16,\N,\N,\N,\N,\N,\N,16
19017,790,639,128,11,21,\N,R,8,0,15,\N,\N,\N,\N,\N,\N,5
19018,790,606,6,5,10,\N,R,9,0,14,\N,\N,\N,\N,\N,\N,3
19019,790,501,105,12,12,\N,R,10,0,13,\N,\N,\N,\N,\N,\N,25
19020,790,633,105,18,20,\N,R,11,0,13,\N,\N,\N,\N,\N,\N,5
19021,790,577,6,4,5,\N,R,12,0,11,\N,\N,\N,\N,\N,\N,3
19022,790,581,6,2,2,\N,R,13,0,8,\N,\N,\N,\N,\N,\N,95
19023,790,608,6,3,3,\N,R,14,0,5,\N,\N,\N,\N,\N,\N,10
19024,790,620,105,8,7,\N,R,15,0,3,\N,\N,\N,\N,\N,\N,38
19025,790,547,105,19,13,\N,R,16,0,3,\N,\N,\N,\N,\N,\N,51
19026,790,456,105,16,9,\N,R,17,0,2,\N,\N,\N,\N,\N,\N,22
19027,790,626,128,10,15,\N,R,18,0,0,\N,\N,\N,\N,\N,\N,22
19028,790,483,6,14,17,\N,R,19,0,0,\N,\N,\N,\N,\N,\N,5
19029,790,607,105,8,0,\N,W,20,0,0,\N,\N,\N,\N,\N,\N,54
19030,790,429,128,11,0,\N,W,21,0,0,\N,\N,\N,\N,\N,\N,54
19031,790,586,105,18,0,\N,W,22,0,0,\N,\N,\N,\N,\N,\N,54
19032,791,475,105,36,6,1,1,1,9,50,2:23:41.3,8621300,\N,\N,\N,\N,1
19033,791,581,6,26,7,2,2,2,3,50,+5.7,8627000,\N,\N,\N,\N,1
19034,791,541,125,4,26,3,3,3,4,49,\N,\N,\N,\N,\N,\N,11
19035,791,580,105,38,18,4,4,4,3,49,\N,\N,\N,\N,\N,\N,11
19036,791,486,125,6,16,5,5,5,2,47,\N,\N,\N,\N,\N,\N,13
19037,791,586,105,40,15,6,6,6,0,47,\N,\N,\N,\N,\N,\N,13
19038,791,640,105,14,19,7,7,7,0,46,\N,\N,\N,\N,\N,\N,14
19039,791,579,6,22,1,8,8,8,0,46,\N,\N,\N,\N,\N,\N,14
19040,791,609,128,12,25,9,9,9,0,45,\N,\N,\N,\N,\N,\N,15
19041,791,583,105,42,17,10,10,10,0,42,\N,\N,\N,\N,\N,\N,18
19042,791,456,105,44,14,11,11,11,0,41,\N,\N,\N,\N,\N,\N,19
19043,791,577,6,28,3,\N,R,12,0,47,\N,\N,\N,\N,\N,\N,38
19044,791,620,105,46,13,\N,R,13,0,42,\N,\N,\N,\N,\N,\N,38
19045,791,501,118,18,10,\N,R,14,0,32,\N,\N,\N,\N,\N,\N,7
19046,791,554,105,32,5,\N,R,15,0,23,\N,\N,\N,\N,\N,\N,121
19047,791,506,105,48,22,\N,R,16,0,16,\N,\N,\N,\N,\N,\N,5
19048,791,427,118,20,11,\N,R,17,0,13,\N,\N,\N,\N,\N,\N,7
19049,791,641,118,16,4,\N,R,18,0,12,\N,\N,\N,\N,\N,\N,44
19050,791,608,6,24,2,\N,R,19,0,9,\N,\N,\N,\N,\N,\N,27
19051,791,633,105,34,8,\N,R,20,0,7,\N,\N,\N,\N,\N,\N,5
19052,791,626,128,10,23,\N,R,21,0,7,\N,\N,\N,\N,\N,\N,83
19053,791,606,6,30,9,\N,R,22,0,6,\N,\N,\N,\N,\N,\N,27
19054,791,610,125,2,20,\N,R,23,0,6,\N,\N,\N,\N,\N,\N,22
19055,791,624,128,8,21,\N,R,24,0,3,\N,\N,\N,\N,\N,\N,5
19056,791,476,6,50,0,\N,W,25,0,0,\N,\N,\N,\N,\N,\N,54
19057,792,579,131,2,3,1,1,1,9,96,3:00:38.6,10838600,\N,\N,\N,\N,1
19058,792,498,6,12,1,2,2,2,2,96,+1:29.6,10928200,\N,\N,\N,\N,1
19059,792,642,6,10,5,3,3,3,1.33,94,\N,\N,\N,\N,\N,\N,12
19060,792,478,131,8,10,4,4,4,1,94,\N,\N,\N,\N,\N,\N,12
19061,792,643,105,18,16,5,5,5,2,91,\N,\N,\N,\N,\N,\N,15
19062,792,501,105,28,7,6,6,6,0,88,\N,\N,\N,\N,\N,\N,18
19063,792,577,105,22,18,7,7,7,0,83,\N,\N,\N,\N,\N,\N,53
19064,792,644,105,20,19,\N,R,8,0,54,\N,\N,\N,\N,\N,\N,5
19065,792,645,105,26,20,\N,R,9,0,54,\N,\N,\N,\N,\N,\N,32
19066,792,646,128,42,17,\N,R,10,0,38,\N,\N,\N,\N,\N,\N,7
19067,792,427,6,14,14,\N,R,11,0,36,\N,\N,\N,\N,\N,\N,5
19068,792,608,132,36,12,\N,R,12,0,35,\N,\N,\N,\N,\N,\N,3
19069,792,475,131,6,8,\N,R,13,0,29,\N,\N,\N,\N,\N,\N,69
19070,792,623,105,30,21,\N,R,14,0,22,\N,\N,\N,\N,\N,\N,60
19071,792,647,132,32,2,\N,R,15,0,21,\N,\N,\N,\N,\N,\N,3
19072,792,625,128,38,15,\N,R,16,0,7,\N,\N,\N,\N,\N,\N,7
19073,792,554,105,16,4,\N,R,17,0,2,\N,\N,\N,\N,\N,\N,3
19074,792,648,131,4,6,\N,R,18,0,2,\N,\N,\N,\N,\N,\N,3
19075,792,633,132,34,11,\N,R,19,0,2,\N,\N,\N,\N,\N,\N,95
19076,792,649,128,40,9,\N,R,20,0,1,\N,\N,\N,\N,\N,\N,3
19077,792,496,105,24,13,\N,R,21,0,1,\N,\N,\N,\N,\N,\N,3
19078,793,427,6,44,9,1,1,1,8,100,2:58:09.8,10689800,\N,\N,\N,\N,1
19079,793,608,132,30,4,2,2,2,6,100,+20.2,10710000,\N,\N,\N,\N,1
19080,793,554,105,34,5,3,3,3,2,99,\N,\N,\N,\N,\N,\N,11
19081,793,642,6,42,14,4,4,4,3,99,\N,\N,\N,\N,\N,\N,11
19082,793,633,132,28,7,5,5,5,2,99,\N,\N,\N,\N,\N,\N,11
19083,793,589,132,32,19,6,6,6,0,95,\N,\N,\N,\N,\N,\N,15
19084,793,650,128,10,20,7,7,7,0,91,\N,\N,\N,\N,\N,\N,19
19085,793,641,6,48,15,8,8,8,0,86,\N,\N,\N,\N,\N,\N,111
19086,793,475,131,16,3,9,9,9,0,81,\N,\N,\N,\N,\N,\N,124
19087,793,607,105,40,11,\N,R,10,0,86,\N,\N,\N,\N,\N,\N,20
19088,793,647,132,26,2,\N,R,11,0,80,\N,\N,\N,\N,\N,\N,3
19089,793,501,6,46,18,\N,R,12,0,68,\N,\N,\N,\N,\N,\N,5
19090,793,643,105,36,6,\N,R,13,0,64,\N,\N,\N,\N,\N,\N,7
19091,793,625,128,12,16,\N,R,14,0,63,\N,\N,\N,\N,\N,\N,7
19092,793,579,131,2,1,\N,R,15,1,49,\N,\N,\N,\N,\N,\N,7
19093,793,626,128,8,13,\N,R,16,0,38,\N,\N,\N,\N,\N,\N,6
19094,793,609,131,4,10,\N,R,17,0,24,\N,\N,\N,\N,\N,\N,5
19095,793,578,118,18,12,\N,R,18,0,22,\N,\N,\N,\N,\N,\N,37
19096,793,627,105,14,17,\N,R,19,0,8,\N,\N,\N,\N,\N,\N,95
19097,793,577,105,38,8,\N,R,20,0,7,\N,\N,\N,\N,\N,\N,7
19098,793,651,105,22,0,\N,F,21,0,0,\N,\N,\N,\N,\N,\N,81
19099,793,652,133,24,0,\N,F,22,0,0,\N,\N,\N,\N,\N,\N,81
19100,793,478,131,4,0,\N,F,23,0,0,\N,\N,\N,\N,\N,\N,81
19101,794,628,113,6,14,1,1,1,8,200,3:53:59.53,14039530,\N,\N,\N,\N,1
19102,794,529,113,10,2,2,2,2,3,200,+2:43.56,14203090,\N,\N,\N,\N,1
19103,794,653,113,15,10,3,3,3,4,200,+3:32.36,14251890,\N,\N,\N,\N,1
19104,794,512,114,44,33,4,4,4,3,200,+3:38.91,14258440,\N,\N,\N,\N,1
19105,794,654,113,77,7,5,5,5,1,200,+5:17.17,14356700,\N,\N,\N,\N,1
19106,794,612,113,19,8,6,6,6,0,200,+5:57.94,14397470,\N,\N,\N,\N,1
19107,794,538,113,71,16,7,7,7,0,200,+6:24.24,14423770,\N,\N,\N,\N,1
19108,794,597,113,29,19,8,8,8,0,200,+6:41.60,14441130,\N,\N,\N,\N,1
19109,794,556,113,48,17,9,9,9,0,200,+7:09.81,14469340,\N,\N,\N,\N,1
19110,794,559,113,89,12,10,10,10,0,200,+7:46.54,14506070,\N,\N,\N,\N,1
19111,794,518,114,98,18,11,11,11,0,197,\N,\N,\N,\N,\N,\N,13
19112,794,563,113,41,25,12,12,12,0,196,\N,\N,\N,\N,\N,\N,14
19113,794,513,111,83,32,13,13,13,0,196,\N,\N,\N,\N,\N,\N,14
19114,794,509,108,33,20,14,14,14,0,191,\N,\N,\N,\N,\N,\N,19
19115,794,528,109,12,21,\N,R,15,0,178,\N,\N,\N,\N,\N,\N,7
19116,794,655,113,22,9,\N,R,16,0,170,\N,\N,\N,\N,\N,\N,3
19117,794,656,113,99,24,\N,R,17,0,168,\N,\N,\N,\N,\N,\N,5
19118,794,523,111,81,31,\N,R,18,0,142,\N,\N,\N,\N,\N,\N,7
19119,794,611,113,8,6,\N,R,19,0,134,\N,\N,\N,\N,\N,\N,7
19120,794,631,134,31,28,\N,R,20,0,120,\N,\N,\N,\N,\N,\N,48
19121,794,593,113,16,27,\N,R,21,0,119,\N,\N,\N,\N,\N,\N,121
19122,794,532,135,37,13,\N,R,22,0,112,\N,\N,\N,\N,\N,\N,80
19123,794,561,113,49,23,\N,R,23,0,111,\N,\N,\N,\N,\N,\N,5
19124,794,525,114,1,11,\N,R,24,0,90,\N,\N,\N,\N,\N,\N,48
19125,794,657,113,4,5,\N,R,25,1,56,\N,\N,\N,\N,\N,\N,3
19126,794,658,113,3,3,\N,R,26,0,54,\N,\N,\N,\N,\N,\N,121
19127,794,558,113,42,22,\N,R,27,0,54,\N,\N,\N,\N,\N,\N,3
19128,794,449,114,27,30,\N,R,28,0,53,\N,\N,\N,\N,\N,\N,3
19129,794,533,113,39,26,\N,R,29,0,53,\N,\N,\N,\N,\N,\N,3
19130,794,596,113,68,29,\N,R,30,0,53,\N,\N,\N,\N,\N,\N,31
19131,794,659,129,23,1,\N,R,31,0,40,\N,\N,\N,\N,\N,\N,44
19132,794,615,113,14,4,\N,R,32,0,39,\N,\N,\N,\N,\N,\N,20
19133,794,592,136,5,15,\N,R,33,0,10,\N,\N,\N,\N,\N,\N,5
19134,795,579,131,10,2,1,1,1,9,36,2:39:29.0,9569000,\N,\N,\N,\N,1
19135,795,475,131,14,3,2,2,2,6,36,+8.1,9577100,\N,\N,\N,\N,1
19136,795,642,6,2,4,3,3,3,4,36,+1:40.5,9669500,\N,\N,\N,\N,1
19137,795,632,6,6,8,4,4,4,3,36,+3:25.5,9774500,\N,\N,\N,\N,1
19138,795,643,105,24,13,5,5,5,1,35,\N,\N,\N,\N,\N,\N,11
19139,795,427,6,4,10,6,6,6,0,35,\N,\N,\N,\N,\N,\N,11
19140,795,577,105,22,7,7,7,7,0,34,\N,\N,\N,\N,\N,\N,12
19141,795,607,105,26,11,8,8,8,0,33,\N,\N,\N,\N,\N,\N,13
19142,795,627,105,28,12,9,9,9,0,33,\N,\N,\N,\N,\N,\N,13
19143,795,648,131,12,6,\N,R,10,0,21,\N,\N,\N,\N,\N,\N,44
19144,795,608,132,30,1,\N,R,11,0,16,\N,\N,\N,\N,\N,\N,6
19145,795,578,118,40,9,\N,R,12,0,8,\N,\N,\N,\N,\N,\N,6
19146,795,554,105,20,5,\N,R,13,0,3,\N,\N,\N,\N,\N,\N,20
19147,795,660,105,38,0,\N,W,14,0,0,\N,\N,\N,\N,\N,\N,54
19148,795,641,6,48,0,\N,W,15,0,0,\N,\N,\N,\N,\N,\N,54
19149,795,501,6,4,0,\N,W,16,0,0,\N,\N,\N,\N,\N,\N,54
19150,796,579,131,8,1,1,1,1,8,100,2:54:23.8,10463800,\N,\N,\N,\N,1
19151,796,475,131,10,2,2,2,2,6,100,+0.3,10464100,\N,\N,\N,\N,1
19152,796,577,105,18,4,3,3,3,4,100,+57.1,10520900,\N,\N,\N,\N,1
19153,796,643,105,16,7,4,4,4,4,99,\N,\N,\N,\N,\N,\N,11
19154,796,608,6,6,9,5,5,5,2,97,\N,\N,\N,\N,\N,\N,13
19155,796,554,105,14,6,6,6,6,0,97,\N,\N,\N,\N,\N,\N,13
19156,796,578,6,2,5,7,7,7,0,95,\N,\N,\N,\N,\N,\N,15
19157,796,624,128,22,14,8,8,8,0,92,\N,\N,\N,\N,\N,\N,18
19158,796,627,105,28,13,9,9,9,0,92,\N,\N,\N,\N,\N,\N,18
19159,796,650,128,24,12,10,10,10,0,90,\N,\N,\N,\N,\N,\N,88
19160,796,660,6,30,16,11,11,11,0,88,\N,\N,\N,\N,\N,\N,55
19161,796,427,6,4,8,\N,R,12,0,65,\N,\N,\N,\N,\N,\N,6
19162,796,626,128,20,11,\N,R,13,0,44,\N,\N,\N,\N,\N,\N,7
19163,796,547,105,32,15,\N,R,14,0,23,\N,\N,\N,\N,\N,\N,20
19164,796,648,131,12,3,\N,R,15,0,21,\N,\N,\N,\N,\N,\N,20
19165,796,661,105,26,10,\N,R,16,0,2,\N,\N,\N,\N,\N,\N,67
19166,797,475,131,12,1,1,1,1,9,90,3:07:21.2,11241200,\N,\N,\N,\N,1
19167,797,579,131,10,2,2,2,2,6,90,+0.2,11241400,\N,\N,\N,\N,1
19168,797,648,131,14,4,3,3,3,4,90,+1:11.8,11313000,\N,\N,\N,\N,1
19169,797,641,131,50,5,4,4,4,3,89,\N,\N,\N,\N,\N,\N,11
19170,797,577,105,4,9,5,5,5,2,89,\N,\N,\N,\N,\N,\N,11
19171,797,578,6,16,12,6,6,6,0,87,\N,\N,\N,\N,\N,\N,13
19172,797,662,128,26,23,7,7,7,0,81,\N,\N,\N,\N,\N,\N,19
19173,797,651,105,46,16,8,8,8,0,79,\N,\N,\N,\N,\N,\N,45
19174,797,663,118,28,15,9,9,9,0,72,\N,\N,\N,\N,\N,\N,114
19175,797,427,6,18,13,\N,R,10,0,59,\N,\N,\N,\N,\N,\N,25
19176,797,643,105,6,6,\N,R,11,0,47,\N,\N,\N,\N,\N,\N,5
19177,797,356,87,40,25,\N,R,12,0,30,\N,\N,\N,\N,\N,\N,5
19178,797,664,125,32,17,\N,R,13,0,30,\N,\N,\N,\N,\N,\N,51
19179,797,581,105,42,24,\N,R,14,0,28,\N,\N,\N,\N,\N,\N,8
19180,797,624,128,24,18,\N,R,15,0,26,\N,\N,\N,\N,\N,\N,51
19181,797,456,105,44,20,\N,R,16,0,23,\N,\N,\N,\N,\N,\N,6
19182,797,547,105,48,22,\N,R,17,0,22,\N,\N,\N,\N,\N,\N,23
19183,797,501,118,30,7,\N,R,18,0,20,\N,\N,\N,\N,\N,\N,37
19184,797,666,125,36,14,\N,R,19,0,19,\N,\N,\N,\N,\N,\N,7
19185,797,665,125,38,19,\N,R,20,0,18,\N,\N,\N,\N,\N,\N,23
19186,797,608,6,20,10,\N,R,21,0,16,\N,\N,\N,\N,\N,\N,7
19187,797,609,105,8,8,\N,R,22,0,9,\N,\N,\N,\N,\N,\N,6
19188,797,554,105,2,3,\N,R,23,0,9,\N,\N,\N,\N,\N,\N,44
19189,797,626,128,22,11,\N,R,24,0,4,\N,\N,\N,\N,\N,\N,7
19190,797,486,125,34,21,\N,W,25,0,0,\N,\N,\N,\N,\N,\N,5
19191,798,579,131,18,1,1,1,1,8,50,2:25:04.4,8704400,\N,\N,\N,\N,1
19192,798,641,131,14,9,2,2,2,6,50,+0.7,8705100,\N,\N,\N,\N,1
19193,798,608,6,4,4,3,3,3,4,50,+46.2,8750600,\N,\N,\N,\N,1
19194,798,554,105,36,6,4,4,4,3,50,+3:57.5,8941900,\N,\N,\N,\N,1
19195,798,496,105,34,16,5,5,5,2,49,\N,\N,\N,\N,\N,\N,11
19196,798,620,6,12,12,6,6,6,0,49,\N,\N,\N,\N,\N,\N,11
19197,798,643,105,28,7,7,7,7,0,48,\N,\N,\N,\N,\N,\N,12
19198,798,427,6,8,15,8,8,8,0,47,\N,\N,\N,\N,\N,\N,13
19199,798,667,105,40,20,9,9,9,0,46,\N,\N,\N,\N,\N,\N,14
19200,798,578,6,6,14,10,10,10,0,38,\N,\N,\N,\N,\N,\N,6
19201,798,648,131,20,3,\N,R,11,0,32,\N,\N,\N,\N,\N,\N,6
19202,798,577,105,30,10,\N,R,12,0,31,\N,\N,\N,\N,\N,\N,6
19203,798,547,105,38,21,\N,R,13,0,31,\N,\N,\N,\N,\N,\N,22
19204,798,475,131,16,2,\N,R,14,1,27,\N,\N,\N,\N,\N,\N,5
19205,798,650,128,26,19,\N,R,15,0,26,\N,\N,\N,\N,\N,\N,5
19206,798,624,128,22,18,\N,R,16,0,23,\N,\N,\N,\N,\N,\N,69
19207,798,581,105,32,11,\N,R,17,0,22,\N,\N,\N,\N,\N,\N,22
19208,798,501,118,42,13,\N,R,18,0,7,\N,\N,\N,\N,\N,\N,22
19209,798,668,128,24,22,\N,R,19,0,7,\N,\N,\N,\N,\N,\N,5
19210,798,663,118,44,17,\N,R,20,0,0,\N,\N,\N,\N,\N,\N,98
19211,798,642,6,2,5,\N,W,21,0,0,\N,\N,\N,\N,\N,\N,54
19212,798,633,6,10,8,\N,W,22,0,0,\N,\N,\N,\N,\N,\N,54
19213,798,586,137,46,0,\N,W,23,0,0,\N,\N,\N,\N,\N,\N,54
19214,799,579,105,2,3,1,1,1,8,87,3:00:55.8,10855800,\N,\N,\N,\N,1
19215,799,642,6,10,1,2,2,2,6,87,+1:19.0,10934800,\N,\N,\N,\N,1
19216,799,498,6,12,2,3,3,3,5,87,+2:01.0,10976800,\N,\N,\N,\N,1
19217,799,427,6,26,5,4,4,4,3,86,\N,\N,\N,\N,\N,\N,11
19218,799,625,128,20,15,5,5,5,2,85,\N,\N,\N,\N,\N,\N,12
19219,799,501,105,28,11,6,6,6,0,84,\N,\N,\N,\N,\N,\N,13
19220,799,669,105,8,10,7,7,7,0,83,\N,\N,\N,\N,\N,\N,14
19221,799,640,105,30,13,8,8,8,0,83,\N,\N,\N,\N,\N,\N,14
19222,799,620,6,16,12,9,9,9,0,82,\N,\N,\N,\N,\N,\N,15
19223,799,554,128,18,17,\N,D,10,0,61,\N,\N,\N,\N,\N,\N,2
19224,799,578,6,14,4,\N,D,11,0,52,\N,\N,\N,\N,\N,\N,2
19225,799,670,105,4,6,\N,R,12,0,48,\N,\N,\N,\N,\N,\N,5
19226,799,643,105,32,8,\N,R,13,0,37,\N,\N,\N,\N,\N,\N,44
19227,799,671,128,22,16,\N,R,14,0,19,\N,\N,\N,\N,\N,\N,51
19228,799,672,105,34,18,\N,R,15,0,19,\N,\N,\N,\N,\N,\N,6
19229,799,627,6,24,14,\N,R,16,0,1,\N,\N,\N,\N,\N,\N,3
19230,799,577,105,6,7,\N,W,17,0,0,\N,\N,\N,\N,\N,\N,54
19231,799,496,105,36,9,\N,W,18,0,0,\N,\N,\N,\N,\N,\N,54
19232,800,657,113,14,19,1,1,1,8,200,3:49:17.27,13757270,\N,\N,\N,\N,1
19233,800,525,114,9,3,2,2,2,6,200,+1:09.95,13827220,\N,\N,\N,\N,1
19234,800,658,113,2,1,3,3,3,5,200,+1:19.73,13837000,\N,\N,\N,\N,1
19235,800,526,113,34,11,4,4,4,1.5,200,+2:52.68,13929950,\N,\N,\N,\N,1
19236,800,673,113,73,14,5,5,5,2,200,+3:24.55,13961820,\N,\N,\N,\N,1
19237,800,615,113,77,24,6,6,6,0,200,+3:47.55,13984820,\N,\N,\N,\N,1
19238,800,528,109,7,6,7,7,7,0,200,+4:13.35,14010620,\N,\N,\N,\N,1
19239,800,555,113,5,32,8,8,8,0,200,+5:01.17,14058440,\N,\N,\N,\N,1
19240,800,674,113,28,25,9,9,9,0,200,+7:07.24,14184510,\N,\N,\N,\N,1
19241,800,655,129,24,13,10,10,10,0,200,+7:07.69,14184960,\N,\N,\N,\N,1
19242,800,656,113,45,27,11,11,11,0,200,+8:22.19,14259460,\N,\N,\N,\N,1
19243,800,521,114,98,5,12,12,12,0,199,\N,\N,\N,\N,\N,\N,11
19244,800,675,114,88,22,13,13,13,0,197,\N,\N,\N,\N,\N,\N,13
19245,800,628,113,17,9,14,14,14,0,197,\N,\N,\N,\N,\N,\N,13
19246,800,518,113,16,8,15,15,15,0,196,\N,\N,\N,\N,\N,\N,14
19247,800,679,113,32,20,16,16,16,0,194,\N,\N,\N,\N,\N,\N,16
19248,800,592,136,25,7,17,17,17,0,194,\N,\N,\N,\N,\N,\N,16
19249,800,596,129,27,31,18,18,18,0,193,\N,\N,\N,\N,\N,\N,17
19250,800,676,113,71,33,19,19,19,0,193,\N,\N,\N,\N,\N,\N,17
19251,800,611,113,1,10,\N,R,20,0,191,\N,\N,\N,\N,\N,\N,20
19252,800,597,113,35,12,\N,R,21,0,181,\N,\N,\N,\N,\N,\N,20
19253,800,449,135,12,16,\N,R,22,0,172,\N,\N,\N,\N,\N,\N,31
19254,800,520,113,31,17,23,23,23,0,168,\N,\N,\N,\N,\N,\N,8
19255,800,512,138,43,4,\N,R,24,0,165,\N,\N,\N,\N,\N,\N,31
19256,800,612,134,74,23,\N,R,25,0,165,\N,\N,\N,\N,\N,\N,22
19257,800,659,113,99,30,\N,R,26,0,130,\N,\N,\N,\N,\N,\N,5
19258,800,556,113,19,2,\N,R,27,0,111,\N,\N,\N,\N,\N,\N,3
19259,800,509,113,38,28,\N,R,28,0,110,\N,\N,\N,\N,\N,\N,3
19260,800,529,113,10,21,\N,R,29,0,105,\N,\N,\N,\N,\N,\N,67
19261,800,677,139,65,29,\N,R,30,0,104,\N,\N,\N,\N,\N,\N,48
19262,800,678,134,33,26,\N,R,31,0,101,\N,\N,\N,\N,\N,\N,23
19263,800,593,113,15,15,\N,R,32,0,79,\N,\N,\N,\N,\N,\N,5
19264,800,519,113,51,18,\N,R,33,0,74,\N,\N,\N,\N,\N,\N,3
19265,801,579,105,26,1,1,1,1,9,36,2:44:42.4,9882400,\N,\N,\N,\N,1
19266,801,427,6,8,6,2,2,2,6,36,+24.2,9906600,\N,\N,\N,\N,1
19267,801,475,105,22,9,3,3,3,4,35,\N,\N,\N,\N,\N,\N,11
19268,801,498,6,10,5,4,4,4,1.5,35,\N,\N,\N,\N,\N,\N,11
19269,801,429,128,18,8,5,5,5,2,35,\N,\N,\N,\N,\N,\N,11
19270,801,669,105,20,13,6,6,6,0,35,\N,\N,\N,\N,\N,\N,11
19271,801,644,105,30,11,7,7,7,0,34,\N,\N,\N,\N,\N,\N,12
19272,801,642,6,4,3,\N,R,8,0,14,\N,\N,\N,\N,\N,\N,80
19273,801,632,128,16,10,\N,R,9,0,14,\N,\N,\N,\N,\N,\N,5
19274,801,554,128,12,7,\N,R,10,0,12,\N,\N,\N,\N,\N,\N,22
19275,801,670,105,28,4,\N,R,11,0,3,\N,\N,\N,\N,\N,\N,5
19276,801,498,6,6,2,\N,R,12,0,1,\N,\N,\N,\N,\N,\N,5
19277,801,680,6,2,14,\N,R,13,0,1,\N,\N,\N,\N,\N,\N,5
19278,801,643,105,24,12,\N,R,14,0,0,\N,\N,\N,\N,\N,\N,42
19279,802,579,131,18,1,1,1,1,8,61,2:42:47.9,9767900,\N,\N,\N,\N,1
19280,802,648,131,20,2,2,2,2,6,61,+0.1,9768000,\N,\N,\N,\N,1
19281,802,626,6,34,12,3,3,3,4,60,\N,\N,\N,\N,\N,\N,11
19282,802,669,105,46,6,4,4,4,3,60,\N,\N,\N,\N,\N,\N,11
19283,802,633,105,14,14,5,5,5,2,58,\N,\N,\N,\N,\N,\N,13
19284,802,554,128,24,17,6,6,6,0,56,\N,\N,\N,\N,\N,\N,15
19285,802,632,128,28,19,\N,R,7,0,50,\N,\N,\N,\N,\N,\N,109
19286,802,427,6,4,9,\N,R,8,0,36,\N,\N,\N,\N,\N,\N,5
19287,802,627,6,36,13,\N,R,9,0,27,\N,\N,\N,\N,\N,\N,5
19288,802,670,105,12,5,\N,R,10,0,27,\N,\N,\N,\N,\N,\N,6
19289,802,643,105,16,11,\N,R,11,0,24,\N,\N,\N,\N,\N,\N,5
19290,802,663,105,42,16,\N,R,12,0,19,\N,\N,\N,\N,\N,\N,7
19291,802,501,105,48,21,\N,R,13,0,19,\N,\N,\N,\N,\N,\N,48
19292,802,478,131,22,7,\N,R,14,1,16,\N,\N,\N,\N,\N,\N,5
19293,802,456,105,44,10,\N,R,15,0,15,\N,\N,\N,\N,\N,\N,86
19294,802,498,6,2,4,\N,R,16,0,13,\N,\N,\N,\N,\N,\N,5
19295,802,651,133,32,15,\N,R,17,0,10,\N,\N,\N,\N,\N,\N,5
19296,802,681,128,30,20,\N,R,18,0,9,\N,\N,\N,\N,\N,\N,5
19297,802,578,6,6,8,\N,R,19,0,9,\N,\N,\N,\N,\N,\N,5
19298,802,650,128,26,18,\N,R,20,0,8,\N,\N,\N,\N,\N,\N,5
19299,802,647,105,10,3,\N,R,21,0,1,\N,\N,\N,\N,\N,\N,7
19300,802,644,105,40,0,\N,W,22,0,0,\N,\N,\N,\N,\N,\N,54
19301,803,498,6,9,2,1,1,1,8.14,90,2:56:14.0,10574000,\N,\N,\N,\N,1
19302,803,578,6,11,3,2,2,2,6.14,90,+1:10,10644000,\N,\N,\N,\N,1
19303,803,670,105,33,28,3,3,3,4.14,89,\N,\N,\N,\N,\N,\N,11
19304,803,579,131,1,1,4,4,4,3.14,89,\N,\N,\N,\N,\N,\N,11
19305,803,427,6,10,8,5,5,5,2,87,\N,\N,\N,\N,\N,\N,13
19306,803,643,105,4,32,6,6,6,0,87,\N,\N,\N,\N,\N,\N,13
19307,803,648,131,2,6,7,7,7,0,87,\N,\N,\N,\N,\N,\N,13
19308,803,663,105,8,9,8,8,8,0,86,\N,\N,\N,\N,\N,\N,14
19309,803,429,128,19,12,9,9,9,0,86,\N,\N,\N,\N,\N,\N,14
19310,803,619,87,29,18,10,10,10,0,85,\N,\N,\N,\N,\N,\N,15
19311,803,682,125,25,17,11,11,11,0,84,\N,\N,\N,\N,\N,\N,16
19312,803,501,105,3,16,12,12,12,0,83,\N,\N,\N,\N,\N,\N,17
19313,803,665,125,23,22,13,13,13,0,82,\N,\N,\N,\N,\N,\N,18
19314,803,683,125,26,23,14,14,14,0,78,\N,\N,\N,\N,\N,\N,55
19315,803,547,87,28,20,15,15,15,0,44,\N,\N,\N,\N,\N,\N,125
19316,803,475,105,7,4,\N,R,16,0,80,\N,\N,\N,\N,\N,\N,109
19317,803,684,125,22,19,\N,R,17,0,63,\N,\N,\N,\N,\N,\N,69
19318,803,554,128,17,5,\N,R,18,0,54,\N,\N,\N,\N,\N,\N,22
19319,803,456,105,5,7,\N,R,19,0,53,\N,\N,\N,\N,\N,\N,7
19320,803,669,105,6,10,\N,R,20,0,44,\N,\N,\N,\N,\N,\N,3
19321,803,633,105,32,27,\N,R,21,0,40,\N,\N,\N,\N,\N,\N,5
19322,803,685,125,24,21,\N,R,22,0,40,\N,\N,\N,\N,\N,\N,3
19323,803,686,6,12,14,\N,R,23,0,25,\N,\N,\N,\N,\N,\N,5
19324,803,647,105,31,30,\N,R,24,0,21,\N,\N,\N,\N,\N,\N,5
19325,803,645,128,18,13,\N,R,25,0,18,\N,\N,\N,\N,\N,\N,3
19326,803,581,118,20,11,\N,R,26,0,16,\N,\N,\N,\N,\N,\N,5
19327,803,626,6,14,15,\N,R,27,0,16,\N,\N,\N,\N,\N,\N,5
19328,803,687,87,21,24,\N,R,28,0,4,\N,\N,\N,\N,\N,\N,44
19329,803,688,87,30,25,\N,R,29,0,2,\N,\N,\N,\N,\N,\N,5
19330,803,627,6,15,31,\N,R,30,0,2,\N,\N,\N,\N,\N,\N,5
19331,803,689,87,27,26,\N,W,31,0,0,\N,\N,\N,\N,\N,\N,54
19332,803,690,87,30,29,\N,W,32,0,0,\N,\N,\N,\N,\N,\N,54
19333,804,579,131,18,1,1,1,1,8,22,3:45:45.8,13545800,\N,\N,\N,\N,1
19334,804,498,6,1,5,2,2,2,3,22,+1:36.5,13642300,\N,\N,\N,\N,1
19335,804,427,6,2,7,3,3,3,4,22,+5:08.6,13854400,\N,\N,\N,\N,1
19336,804,648,131,19,23,4,4,4,4,22,+6:06.5,13912300,\N,\N,\N,\N,1
19337,804,644,105,7,15,5,5,5,2,22,+8:50.5,14076300,\N,\N,\N,\N,1
19338,804,641,6,4,13,6,6,6,0,21,\N,\N,\N,\N,\N,\N,11
19339,804,501,105,15,14,7,7,7,0,21,\N,\N,\N,\N,\N,\N,11
19340,804,627,6,25,11,8,8,8,0,21,\N,\N,\N,\N,\N,\N,11
19341,804,626,6,24,12,9,9,9,0,20,\N,\N,\N,\N,\N,\N,12
19342,804,554,128,9,9,10,10,10,0,20,\N,\N,\N,\N,\N,\N,12
19343,804,669,105,14,19,\N,R,11,0,18,\N,\N,\N,\N,\N,\N,38
19344,804,691,131,21,13,\N,R,12,0,10,\N,\N,\N,\N,\N,\N,20
19345,804,645,128,11,16,\N,R,13,0,8,\N,\N,\N,\N,\N,\N,36
19346,804,692,140,22,21,\N,R,14,0,8,\N,\N,\N,\N,\N,\N,5
19347,804,478,131,20,4,\N,R,15,0,7,\N,\N,\N,\N,\N,\N,95
19348,804,632,128,10,4,\N,R,16,0,4,\N,\N,\N,\N,\N,\N,36
19349,804,578,6,3,3,\N,R,17,0,3,\N,\N,\N,\N,\N,\N,7
19350,804,643,105,8,17,\N,R,18,0,2,\N,\N,\N,\N,\N,\N,95
19351,804,475,105,16,3,\N,R,19,0,1,\N,\N,\N,\N,\N,\N,67
19352,804,429,128,12,20,\N,R,20,0,0,\N,\N,\N,\N,\N,\N,22
19353,804,670,105,6,8,\N,W,21,0,0,\N,\N,\N,\N,\N,\N,3
19354,804,633,105,5,10,\N,W,22,0,0,\N,\N,\N,\N,\N,\N,54
19355,804,663,105,17,22,\N,W,23,0,0,\N,\N,\N,\N,\N,\N,54
19356,805,579,131,4,2,1,1,1,9,66,3:00:34.5,10834500,\N,\N,\N,\N,1
19357,805,498,6,20,1,2,2,2,6,66,+57.8,10892300,\N,\N,\N,\N,1
19358,805,478,131,6,7,3,3,3,4,65,\N,\N,\N,\N,\N,\N,11
19359,805,643,105,30,12,4,4,4,3,64,\N,\N,\N,\N,\N,\N,12
19360,805,644,105,28,9,5,5,5,2,64,\N,\N,\N,\N,\N,\N,12
19361,805,663,105,18,8,6,6,6,0,64,\N,\N,\N,\N,\N,\N,12
19362,805,620,6,24,11,7,7,7,0,61,\N,\N,\N,\N,\N,\N,15
19363,805,680,6,2,16,8,8,8,0,58,\N,\N,\N,\N,\N,\N,18
19364,805,648,131,8,5,\N,R,9,0,38,\N,\N,\N,\N,\N,\N,69
19365,805,427,6,26,4,\N,R,10,0,33,\N,\N,\N,\N,\N,\N,5
19366,805,578,6,22,6,\N,R,11,0,30,\N,\N,\N,\N,\N,\N,44
19367,805,501,105,34,13,\N,R,12,0,23,\N,\N,\N,\N,\N,\N,94
19368,805,475,105,32,3,\N,R,13,0,21,\N,\N,\N,\N,\N,\N,94
19369,805,693,128,14,15,\N,R,14,0,10,\N,\N,\N,\N,\N,\N,7
19370,805,554,128,10,14,\N,R,15,0,8,\N,\N,\N,\N,\N,\N,8
19371,805,645,128,12,10,\N,R,16,0,0,\N,\N,\N,\N,\N,\N,48
19372,805,626,6,24,0,\N,W,17,0,0,\N,\N,\N,\N,\N,\N,3
19373,806,579,131,16,1,1,1,1,8,80,2:47:47.9,10067900,\N,\N,\N,\N,1
19374,806,578,6,40,7,2,2,2,6,79,\N,\N,\N,\N,\N,\N,11
19375,806,620,6,38,13,3,3,3,2,78,\N,\N,\N,\N,\N,\N,12
19376,806,478,131,12,8,4,4,4,3,77,\N,\N,\N,\N,\N,\N,13
19377,806,427,6,30,11,5,5,5,2,75,\N,\N,\N,\N,\N,\N,15
19378,806,693,128,42,18,6,6,6,0,75,\N,\N,\N,\N,\N,\N,15
19379,806,581,118,10,16,7,7,7,0,75,\N,\N,\N,\N,\N,\N,15
19380,806,627,105,26,20,8,8,8,0,74,\N,\N,\N,\N,\N,\N,16
19381,806,644,105,18,9,9,9,9,0,74,\N,\N,\N,\N,\N,\N,16
19382,806,475,105,28,3,10,10,10,0,71,\N,\N,\N,\N,\N,\N,19
19383,806,672,105,8,19,11,11,11,0,70,\N,\N,\N,\N,\N,\N,88
19384,806,647,6,34,2,\N,R,12,0,48,\N,\N,\N,\N,\N,\N,5
19385,806,633,105,22,6,\N,R,13,0,42,\N,\N,\N,\N,\N,\N,8
19386,806,648,131,14,4,\N,R,14,0,36,\N,\N,\N,\N,\N,\N,3
19387,806,643,105,24,10,\N,R,15,0,34,\N,\N,\N,\N,\N,\N,22
19388,806,577,105,20,14,\N,R,16,0,32,\N,\N,\N,\N,\N,\N,7
19389,806,498,6,32,5,\N,R,17,0,16,\N,\N,\N,\N,\N,\N,6
19390,806,626,6,6,15,\N,R,18,0,16,\N,\N,\N,\N,\N,\N,5
19391,806,645,128,46,17,\N,R,19,0,13,\N,\N,\N,\N,\N,\N,7
19392,806,554,128,44,12,\N,R,20,0,2,\N,\N,\N,\N,\N,\N,5
19393,806,694,105,20,21,\N,F,21,0,0,\N,\N,\N,\N,\N,\N,81
19394,807,578,6,38,3,1,1,1,8,80,3:13:52.1,11632100,\N,\N,\N,\N,1
19395,807,577,105,14,7,2,2,2,6,80,+1:13.2,11705300,\N,\N,\N,\N,1
19396,807,579,131,2,2,3,3,3,4,79,\N,\N,\N,\N,\N,\N,11
19397,807,643,105,10,11,4,4,4,3,79,\N,\N,\N,\N,\N,\N,11
19398,807,648,131,4,12,5,5,5,2,79,\N,\N,\N,\N,\N,\N,14
19399,807,580,105,16,13,6,6,6,0,76,\N,\N,\N,\N,\N,\N,14
19400,807,627,105,26,20,7,7,7,0,74,\N,\N,\N,\N,\N,\N,16
19401,807,663,105,28,14,8,8,8,0,74,\N,\N,\N,\N,\N,\N,16
19402,807,669,105,18,15,9,9,9,0,68,\N,\N,\N,\N,\N,\N,55
19403,807,644,105,12,10,\N,R,10,0,58,\N,\N,\N,\N,\N,\N,23
19404,807,640,105,22,21,\N,R,11,0,57,\N,\N,\N,\N,\N,\N,5
19405,807,478,131,6,9,\N,R,12,0,50,\N,\N,\N,\N,\N,\N,98
19406,807,427,6,40,8,\N,R,13,0,47,\N,\N,\N,\N,\N,\N,6
19407,807,650,128,48,16,\N,R,14,0,37,\N,\N,\N,\N,\N,\N,5
19408,807,501,105,24,4,\N,R,15,0,29,\N,\N,\N,\N,\N,\N,7
19409,807,475,105,8,6,\N,R,16,0,20,\N,\N,\N,\N,\N,\N,94
19410,807,554,128,46,18,\N,R,17,0,17,\N,\N,\N,\N,\N,\N,23
19411,807,680,6,30,19,\N,R,18,0,16,\N,\N,\N,\N,\N,\N,5
19412,807,647,132,34,1,\N,R,19,1,10,\N,\N,\N,\N,\N,\N,8
19413,807,633,132,36,5,\N,R,20,0,2,\N,\N,\N,\N,\N,\N,23
19414,807,626,6,20,17,\N,R,21,0,2,\N,\N,\N,\N,\N,\N,5
19415,807,581,118,42,0,\N,W,22,0,0,\N,\N,\N,\N,\N,\N,3
19416,808,647,6,10,1,1,1,1,9,97,3:01:04.6,10864600,\N,\N,\N,\N,1
19417,808,633,6,14,3,2,2,2,6,96,\N,\N,\N,\N,\N,\N,11
19418,808,498,105,4,5,3,3,3,4,96,\N,\N,\N,\N,\N,\N,11
19419,808,578,6,16,6,4,4,4,3,96,\N,\N,\N,\N,\N,\N,11
19420,808,695,105,8,9,5,5,5,2,96,\N,\N,\N,\N,\N,\N,11
19421,808,554,128,30,11,6,6,6,0,94,\N,\N,\N,\N,\N,\N,13
19422,808,427,128,28,7,7,7,7,0,91,\N,\N,\N,\N,\N,\N,16
19423,808,696,87,22,16,8,8,8,0,90,\N,\N,\N,\N,\N,\N,17
19424,808,689,87,20,12,9,9,9,0,87,\N,\N,\N,\N,\N,\N,88
19425,808,626,128,26,8,\N,R,10,0,67,\N,\N,\N,\N,\N,\N,36
19426,808,579,105,2,2,\N,R,11,0,36,\N,\N,\N,\N,\N,\N,7
19427,808,697,105,6,15,\N,R,12,0,32,\N,\N,\N,\N,\N,\N,7
19428,808,642,6,12,4,\N,R,13,0,31,\N,\N,\N,\N,\N,\N,3
19429,808,496,128,32,10,\N,R,14,0,24,\N,\N,\N,\N,\N,\N,6
19430,808,649,141,34,14,\N,R,15,0,21,\N,\N,\N,\N,\N,\N,24
19431,808,698,87,24,13,\N,R,16,0,20,\N,\N,\N,\N,\N,\N,36
19432,809,657,113,14,1,1,1,1,9,200,3:53:01.69,13981690,\N,\N,\N,\N,1
19433,809,656,113,16,12,2,2,2,6,200,+3:30.87,14192560,\N,\N,\N,\N,1
19434,809,611,113,3,9,3,3,3,2,200,+4:11.50,14233190,\N,\N,\N,\N,1
19435,809,615,113,59,2,4,4,4,1.5,200,+4:39.24,14260930,\N,\N,\N,\N,1
19436,809,658,113,5,3,5,5,5,2,200,+7:49.64,14451330,\N,\N,\N,\N,1
19437,809,556,113,48,21,6,6,6,0,200,+8:10.21,14471900,\N,\N,\N,\N,1
19438,809,509,113,2,25,7,7,7,0,200,+8:46.02,14507710,\N,\N,\N,\N,1
19439,809,679,129,12,20,8,8,8,0,200,+10:04.55,14586240,\N,\N,\N,\N,1
19440,809,529,114,98,6,9,9,9,0,196,\N,\N,\N,\N,\N,\N,3
19441,809,653,113,53,32,10,10,10,0,193,\N,\N,\N,\N,\N,\N,17
19442,809,699,113,9,26,11,11,11,0,191,\N,\N,\N,\N,\N,\N,3
19443,809,700,113,73,19,12,12,12,0,190,\N,\N,\N,\N,\N,\N,88
19444,809,675,114,88,4,13,13,13,0,184,\N,\N,\N,\N,\N,\N,5
19445,809,525,134,8,31,14,14,14,0,183,\N,\N,\N,\N,\N,\N,50
19446,809,701,113,49,28,15,15,15,0,177,\N,\N,\N,\N,\N,\N,121
19447,809,449,113,92,10,16,16,16,0,177,\N,\N,\N,\N,\N,\N,109
19448,809,654,113,23,14,17,17,17,0,176,\N,\N,\N,\N,\N,\N,117
19449,809,613,113,22,22,\N,R,18,0,169,\N,\N,\N,\N,\N,\N,44
19450,809,677,113,62,18,\N,R,19,0,166,\N,\N,\N,\N,\N,\N,44
19451,809,628,114,51,29,\N,R,20,0,151,\N,\N,\N,\N,\N,\N,22
19452,809,673,142,83,23,\N,R,21,0,146,\N,\N,\N,\N,\N,\N,7
19453,809,559,114,77,24,\N,R,22,0,115,\N,\N,\N,\N,\N,\N,3
19454,809,659,113,55,7,\N,R,23,0,107,\N,\N,\N,\N,\N,\N,25
19455,809,518,110,4,27,\N,R,24,0,94,\N,\N,\N,\N,\N,\N,80
19456,809,555,113,7,17,\N,R,25,0,89,\N,\N,\N,\N,\N,\N,121
19457,809,593,113,21,8,\N,R,26,0,86,\N,\N,\N,\N,\N,\N,5
19458,809,528,107,38,15,\N,R,27,0,76,\N,\N,\N,\N,\N,\N,3
19459,809,520,113,41,13,\N,R,28,0,53,\N,\N,\N,\N,\N,\N,3
19460,809,521,114,97,16,\N,R,29,0,42,\N,\N,\N,\N,\N,\N,95
19461,809,655,113,99,30,\N,R,30,0,30,\N,\N,\N,\N,\N,\N,121
19462,809,702,139,29,11,\N,R,31,0,14,\N,\N,\N,\N,\N,\N,44
19463,809,512,143,56,33,\N,R,32,0,6,\N,\N,\N,\N,\N,\N,80
19464,809,612,129,32,5,\N,R,33,0,3,\N,\N,\N,\N,\N,\N,3
19465,810,647,6,2,1,1,1,1,8,90,2:53:35.8,10415800,\N,\N,\N,\N,1
19466,810,642,6,6,3,2,2,2,6,90,+10.4,10426200,\N,\N,\N,\N,1
19467,810,697,105,16,13,3,3,3,2,89,\N,\N,\N,\N,\N,\N,11
19468,810,578,6,8,6,4,4,4,3,89,\N,\N,\N,\N,\N,\N,11
19469,810,640,105,18,7,5,5,5,2,88,\N,\N,\N,\N,\N,\N,12
19470,810,427,128,24,12,6,6,6,0,87,\N,\N,\N,\N,\N,\N,13
19471,810,627,6,10,8,7,7,7,0,86,\N,\N,\N,\N,\N,\N,14
19472,810,581,133,36,16,8,8,8,0,84,\N,\N,\N,\N,\N,\N,16
19473,810,475,125,34,9,9,9,9,0,83,\N,\N,\N,\N,\N,\N,17
19474,810,633,6,4,4,\N,R,10,1,67,\N,\N,\N,\N,\N,\N,37
19475,810,664,125,28,14,\N,R,11,0,63,\N,\N,\N,\N,\N,\N,5
19476,810,501,128,20,10,\N,R,12,0,59,\N,\N,\N,\N,\N,\N,7
19477,810,660,125,30,17,\N,N,13,0,52,\N,\N,\N,\N,\N,\N,62
19478,810,579,105,12,2,\N,R,14,0,36,\N,\N,\N,\N,\N,\N,109
19479,810,643,128,22,19,\N,R,15,0,28,\N,\N,\N,\N,\N,\N,7
19480,810,498,105,14,5,\N,R,16,0,22,\N,\N,\N,\N,\N,\N,109
19481,810,663,87,32,18,\N,R,17,0,19,\N,\N,\N,\N,\N,\N,68
19482,810,456,125,26,11,\N,R,18,0,14,\N,\N,\N,\N,\N,\N,5
19483,810,651,133,38,15,\N,R,19,0,7,\N,\N,\N,\N,\N,\N,37
19484,811,647,6,10,2,1,1,1,8,36,2:48:30.3,10110300,\N,\N,\N,\N,1
19485,811,633,6,8,5,2,2,2,6,36,+2:48.2,10278500,\N,\N,\N,\N,1
19486,811,670,105,28,16,3,3,3,4,35,\N,\N,\N,\N,\N,\N,11
19487,811,640,105,30,9,4,4,4,3,35,\N,\N,\N,\N,\N,\N,11
19488,811,427,128,18,8,5,5,5,2,35,\N,\N,\N,\N,\N,\N,11
19489,811,578,6,14,7,6,6,6,0,35,\N,\N,\N,\N,\N,\N,11
19490,811,501,128,20,12,7,7,7,0,33,\N,\N,\N,\N,\N,\N,13
19491,811,627,6,32,13,8,8,8,0,33,\N,\N,\N,\N,\N,\N,13
19492,811,693,128,38,15,9,9,9,0,32,\N,\N,\N,\N,\N,\N,14
19493,811,632,133,24,11,10,10,10,0,30,\N,\N,\N,\N,\N,\N,16
19494,811,429,125,40,18,11,11,11,0,29,\N,\N,\N,\N,\N,\N,17
19495,811,660,105,6,10,\N,R,12,0,35,\N,\N,\N,\N,\N,\N,3
19496,811,651,133,22,17,\N,R,13,0,19,\N,\N,\N,\N,\N,\N,5
19497,811,642,6,12,4,\N,R,14,0,16,\N,\N,\N,\N,\N,\N,5
19498,811,579,105,4,1,\N,R,15,0,13,\N,\N,\N,\N,\N,\N,5
19499,811,498,105,2,3,\N,R,16,1,11,\N,\N,\N,\N,\N,\N,37
19500,811,554,128,16,14,\N,R,17,0,9,\N,\N,\N,\N,\N,\N,5
19501,811,581,133,26,16,\N,R,18,0,4,\N,\N,\N,\N,\N,\N,8
19502,811,681,141,34,20,\N,R,19,0,3,\N,\N,\N,\N,\N,\N,5
19503,811,703,144,36,19,\N,R,20,0,0,\N,\N,\N,\N,\N,\N,7
19504,812,578,6,16,7,1,1,1,8,60,2:44:18.6,9858600,\N,\N,\N,\N,1
19505,812,579,105,18,4,2,2,2,7,60,+1.0,9859600,\N,\N,\N,\N,1
19506,812,498,105,20,5,3,3,3,4,60,+1.4,9860000,\N,\N,\N,\N,1
19507,812,647,6,10,1,4,4,4,3,60,+4.6,9863200,\N,\N,\N,\N,1
19508,812,642,6,14,6,5,5,5,2,60,+1:07.6,9926200,\N,\N,\N,\N,1
19509,812,633,6,12,3,6,6,6,0,60,+1:15.9,9934500,\N,\N,\N,\N,1
19510,812,640,105,46,9,7,7,7,0,58,\N,\N,\N,\N,\N,\N,12
19511,812,627,6,44,10,8,8,8,0,56,\N,\N,\N,\N,\N,\N,14
19512,812,670,105,22,8,9,9,9,0,55,\N,\N,\N,\N,\N,\N,15
19513,812,554,128,2,22,10,10,10,0,55,\N,\N,\N,\N,\N,\N,15
19514,812,619,87,38,12,11,11,11,0,55,\N,\N,\N,\N,\N,\N,15
19515,812,660,125,48,21,12,12,12,0,53,\N,\N,\N,\N,\N,\N,17
19516,812,581,133,28,17,13,13,13,0,52,\N,\N,\N,\N,\N,\N,18
19517,812,704,133,30,18,14,14,14,0,50,\N,\N,\N,\N,\N,\N,88
19518,812,589,127,32,25,15,15,15,0,43,\N,\N,\N,\N,\N,\N,50
19519,812,697,105,24,2,\N,R,16,0,42,\N,\N,\N,\N,\N,\N,5
19520,812,475,87,36,13,\N,R,17,0,38,\N,\N,\N,\N,\N,\N,8
19521,812,669,125,42,11,\N,R,18,0,29,\N,\N,\N,\N,\N,\N,24
19522,812,625,127,34,15,\N,R,19,0,18,\N,\N,\N,\N,\N,\N,5
19523,812,663,87,40,14,\N,R,20,0,17,\N,\N,\N,\N,\N,\N,67
19524,812,427,128,4,23,\N,R,21,0,14,\N,\N,\N,\N,\N,\N,7
19525,812,651,133,26,16,\N,R,22,0,9,\N,\N,\N,\N,\N,\N,8
19526,812,501,128,6,20,\N,R,23,0,4,\N,\N,\N,\N,\N,\N,5
19527,812,643,128,8,24,\N,R,24,0,4,\N,\N,\N,\N,\N,\N,109
19528,812,456,125,50,19,\N,R,25,0,2,\N,\N,\N,\N,\N,\N,80
19529,813,647,6,5,1,1,1,1,8.5,90,2:50:00.0,10200000,\N,\N,\N,\N,1
19530,813,579,105,23,4,2,2,2,6,90,+1:00.0,10260000,\N,\N,\N,\N,1
19531,813,642,6,6,5,3,3,3,4,88,\N,\N,\N,\N,\N,\N,12
19532,813,498,105,24,2,4,4,4,3.5,88,\N,\N,\N,\N,\N,\N,12
19533,813,578,6,8,3,5,5,5,2,87,\N,\N,\N,\N,\N,\N,13
19534,813,697,105,25,16,6,6,6,0,82,\N,\N,\N,\N,\N,\N,18
19535,813,669,125,10,19,7,7,7,0,82,\N,\N,\N,\N,\N,\N,18
19536,813,663,87,16,11,8,8,8,0,80,\N,\N,\N,\N,\N,\N,88
19537,813,687,87,20,14,9,9,9,0,79,\N,\N,\N,\N,\N,\N,45
19538,813,627,6,9,24,10,10,10,0,78,\N,\N,\N,\N,\N,\N,55
19539,813,706,87,18,15,\N,R,11,0,79,\N,\N,\N,\N,\N,\N,20
19540,813,666,125,14,10,\N,R,12,0,70,\N,\N,\N,\N,\N,\N,86
19541,813,633,6,7,6,\N,R,13,0,65,\N,\N,\N,\N,\N,\N,109
19542,813,670,105,26,7,\N,R,14,0,65,\N,\N,\N,\N,\N,\N,5
19543,813,689,87,19,21,\N,R,15,0,56,\N,\N,\N,\N,\N,\N,25
19544,813,581,133,2,23,\N,R,16,0,56,\N,\N,\N,\N,\N,\N,20
19545,813,486,133,4,27,\N,R,17,0,54,\N,\N,\N,\N,\N,\N,8
19546,813,456,125,12,28,\N,R,18,0,50,\N,\N,\N,\N,\N,\N,36
19547,813,640,105,31,26,\N,R,19,0,34,\N,\N,\N,\N,\N,\N,8
19548,813,651,133,1,12,\N,R,20,0,31,\N,\N,\N,\N,\N,\N,8
19549,813,554,128,30,22,\N,R,21,0,30,\N,\N,\N,\N,\N,\N,48
19550,813,707,125,15,20,\N,R,22,0,24,\N,\N,\N,\N,\N,\N,80
19551,813,427,128,29,8,\N,R,23,0,14,\N,\N,\N,\N,\N,\N,109
19552,813,708,133,3,17,\N,R,24,0,14,\N,\N,\N,\N,\N,\N,8
19553,813,501,128,28,9,\N,R,25,0,5,\N,\N,\N,\N,\N,\N,10
19554,813,664,125,11,13,\N,R,26,0,0,\N,\N,\N,\N,\N,\N,31
19555,813,705,87,22,25,\N,R,27,0,0,\N,\N,\N,\N,\N,\N,69
19556,814,642,6,12,3,1,1,1,8,18,3:02:25.0,10945000,\N,\N,\N,\N,1
19557,814,579,105,5,2,2,2,2,6,18,+1:04.0,11009000,\N,\N,\N,\N,1
19558,814,578,6,3,4,3,3,3,4,18,+1:43.6,11048600,\N,\N,\N,\N,1
19559,814,697,105,7,7,4,4,4,3,18,+8:48.6,11473600,\N,\N,\N,\N,1
19560,814,640,105,17,11,5,5,5,2,17,\N,\N,\N,\N,\N,\N,11
19561,814,475,87,19,12,6,6,6,0,17,\N,\N,\N,\N,\N,\N,11
19562,814,680,6,18,19,7,7,7,0,17,\N,\N,\N,\N,\N,\N,11
19563,814,647,6,1,1,8,8,8,0,17,\N,\N,\N,\N,\N,\N,11
19564,814,478,144,31,14,9,9,9,0,17,\N,\N,\N,\N,\N,\N,11
19565,814,627,6,20,22,10,10,10,0,17,\N,\N,\N,\N,\N,\N,11
19566,814,690,87,40,20,11,11,11,0,16,\N,\N,\N,\N,\N,\N,12
19567,814,692,144,24,28,12,12,12,0,16,\N,\N,\N,\N,\N,\N,12
19568,814,664,125,16,16,13,13,13,0,16,\N,\N,\N,\N,\N,\N,12
19569,814,710,145,36,26,14,14,14,0,16,\N,\N,\N,\N,\N,\N,12
19570,814,709,145,37,32,15,15,15,0,15,\N,\N,\N,\N,\N,\N,13
19571,814,455,144,22,29,16,16,16,0,14,\N,\N,\N,\N,\N,\N,14
19572,814,633,6,4,6,\N,R,17,0,15,\N,\N,\N,\N,\N,\N,5
19573,814,689,87,38,17,\N,R,18,0,15,\N,\N,\N,\N,\N,\N,5
19574,814,670,105,8,8,\N,R,19,0,13,\N,\N,\N,\N,\N,\N,22
19575,814,431,146,35,24,\N,R,20,0,12,\N,\N,\N,\N,\N,\N,43
19576,814,660,125,12,25,\N,R,21,0,12,\N,\N,\N,\N,\N,\N,31
19577,814,711,144,26,34,\N,R,22,0,10,\N,\N,\N,\N,\N,\N,31
19578,814,712,144,23,18,\N,R,23,0,8,\N,\N,\N,\N,\N,\N,31
19579,814,554,128,9,9,\N,R,24,0,7,\N,\N,\N,\N,\N,\N,6
19580,814,501,128,11,10,\N,R,25,0,6,\N,\N,\N,\N,\N,\N,5
19581,814,669,125,14,15,\N,R,26,0,6,\N,\N,\N,\N,\N,\N,22
19582,814,713,147,28,21,\N,R,27,0,3,\N,\N,\N,\N,\N,\N,31
19583,814,714,6,34,27,\N,R,28,0,3,\N,\N,\N,\N,\N,\N,31
19584,814,715,147,41,30,\N,R,29,0,2,\N,\N,\N,\N,\N,\N,31
19585,814,427,128,10,5,\N,R,30,0,1,\N,\N,\N,\N,\N,\N,24
19586,814,456,125,15,13,\N,R,31,0,1,\N,\N,\N,\N,\N,\N,5
19587,814,716,144,32,33,\N,R,32,0,1,\N,\N,\N,\N,\N,\N,31
19588,814,717,147,21,23,\N,R,33,0,0,\N,\N,\N,\N,\N,\N,31
19589,814,718,144,30,31,\N,R,34,0,0,\N,\N,\N,\N,\N,\N,48
19590,815,647,6,46,2,1,1,1,9,65,3:01:34.40,10894400,\N,\N,\N,\N,1
19591,815,642,6,24,3,2,2,2,6,65,+1:12.93,10967330,\N,\N,\N,\N,1
19592,815,578,6,26,7,3,3,3,4,65,+1:35.96,10990360,\N,\N,\N,\N,1
19593,815,579,105,32,1,4,4,4,1.5,64,\N,\N,\N,\N,\N,\N,11
19594,815,691,105,34,11,5,5,5,2,62,\N,\N,\N,\N,\N,\N,13
19595,815,633,6,28,6,6,6,6,0,62,\N,\N,\N,\N,\N,\N,13
19596,815,663,87,20,9,7,7,7,0,62,\N,\N,\N,\N,\N,\N,13
19597,815,720,6,40,19,8,8,8,0,51,\N,\N,\N,\N,\N,\N,111
19598,815,719,133,18,18,9,9,9,0,49,\N,\N,\N,\N,\N,\N,116
19599,815,622,105,4,20,\N,R,10,0,54,\N,\N,\N,\N,\N,\N,6
19600,815,640,105,42,8,\N,R,11,0,49,\N,\N,\N,\N,\N,\N,7
19601,815,670,105,36,5,\N,R,12,0,46,\N,\N,\N,\N,\N,\N,5
19602,815,427,128,8,4,\N,R,13,0,43,\N,\N,\N,\N,\N,\N,109
19603,815,554,128,6,12,\N,R,14,0,37,\N,\N,\N,\N,\N,\N,51
19604,815,697,105,30,10,\N,R,15,0,29,\N,\N,\N,\N,\N,\N,5
19605,815,651,133,16,15,\N,R,16,0,29,\N,\N,\N,\N,\N,\N,5
19606,815,721,6,38,17,\N,R,17,0,17,\N,\N,\N,\N,\N,\N,5
19607,815,632,133,14,16,\N,R,18,0,1,\N,\N,\N,\N,\N,\N,5
19608,815,680,6,2,13,\N,R,19,0,0,\N,\N,\N,\N,\N,\N,20
19609,815,627,6,10,14,\N,R,20,0,0,\N,\N,\N,\N,\N,\N,20
19610,816,579,105,50,2,1,1,1,9,80,2:49:45.9,10185900,\N,\N,\N,\N,1
19611,816,642,6,6,3,2,2,2,6,80,+1.4,10187300,\N,\N,\N,\N,1
19612,816,633,6,2,5,3,3,3,4,79,\N,\N,\N,\N,\N,\N,11
19613,816,578,6,8,6,4,4,4,3,79,\N,\N,\N,\N,\N,\N,11
19614,816,427,128,36,8,5,5,5,2,79,\N,\N,\N,\N,\N,\N,11
19615,816,643,128,40,16,6,6,6,0,77,\N,\N,\N,\N,\N,\N,13
19616,816,644,105,56,12,7,7,7,0,76,\N,\N,\N,\N,\N,\N,14
19617,816,620,6,10,11,8,8,8,0,75,\N,\N,\N,\N,\N,\N,15
19618,816,501,128,38,15,9,9,9,0,75,\N,\N,\N,\N,\N,\N,15
19619,816,589,127,32,25,10,10,10,0,72,\N,\N,\N,\N,\N,\N,18
19620,816,669,105,44,23,11,11,11,0,72,\N,\N,\N,\N,\N,\N,18
19621,816,689,87,46,24,12,12,12,0,70,\N,\N,\N,\N,\N,\N,88
19622,816,475,87,28,10,13,13,13,0,70,\N,\N,\N,\N,\N,\N,88
19623,816,717,147,48,29,14,14,14,0,67,\N,\N,\N,\N,\N,\N,53
19624,816,704,133,16,28,15,15,15,0,67,\N,\N,\N,\N,\N,\N,53
19625,816,627,6,64,17,16,16,16,0,65,\N,\N,\N,\N,\N,\N,112
19626,816,647,6,4,1,\N,R,17,0,79,\N,\N,\N,\N,\N,\N,3
19627,816,697,105,52,7,\N,R,18,0,77,\N,\N,\N,\N,\N,\N,60
19628,816,670,105,54,4,\N,R,19,0,75,\N,\N,\N,\N,\N,\N,3
19629,816,640,105,58,9,\N,R,20,0,70,\N,\N,\N,\N,\N,\N,5
19630,816,486,125,20,22,\N,N,21,0,61,\N,\N,\N,\N,\N,\N,62
19631,816,663,87,30,19,\N,N,22,0,57,\N,\N,\N,\N,\N,\N,62
19632,816,664,125,24,18,\N,N,23,0,56,\N,\N,\N,\N,\N,\N,62
19633,816,722,6,12,20,\N,R,24,0,40,\N,\N,\N,\N,\N,\N,5
19634,816,456,125,22,14,\N,R,25,0,33,\N,\N,\N,\N,\N,\N,37
19635,816,622,105,2,21,\N,R,26,0,18,\N,\N,\N,\N,\N,\N,5
19636,816,625,127,34,13,\N,R,27,0,17,\N,\N,\N,\N,\N,\N,5
19637,816,667,133,18,26,\N,R,28,0,14,\N,\N,\N,\N,\N,\N,5
19638,816,660,125,26,30,\N,R,29,0,7,\N,\N,\N,\N,\N,\N,69
19639,816,651,133,14,27,\N,R,30,0,6,\N,\N,\N,\N,\N,\N,5
19640,817,641,6,30,2,1,1,1,9,62,3:01:46.1,10906100,\N,\N,\N,\N,1
19641,817,723,6,42,5,2,2,2,6,62,+2:37.2,11063300,\N,\N,\N,\N,1
19642,817,554,128,6,7,3,3,3,4,61,\N,\N,\N,\N,\N,\N,11
19643,817,663,148,22,13,4,4,4,3,60,\N,\N,\N,\N,\N,\N,12
19644,817,689,87,26,15,5,5,5,2,59,\N,\N,\N,\N,\N,\N,13
19645,817,640,105,38,8,6,6,6,0,58,\N,\N,\N,\N,\N,\N,14
19646,817,721,6,44,19,7,7,7,0,56,\N,\N,\N,\N,\N,\N,16
19647,817,688,87,24,17,8,8,8,0,55,\N,\N,\N,\N,\N,\N,17
19648,817,669,141,10,11,\N,R,9,0,52,\N,\N,\N,\N,\N,\N,5
19649,817,609,6,32,4,\N,R,10,0,51,\N,\N,\N,\N,\N,\N,121
19650,817,501,105,40,18,\N,R,11,0,31,\N,\N,\N,\N,\N,\N,5
19651,817,475,133,46,9,\N,W,12,0,24,\N,\N,\N,\N,\N,\N,54
19652,817,651,133,20,12,\N,W,13,0,24,\N,\N,\N,\N,\N,\N,54
19653,817,626,128,8,3,\N,R,14,0,20,\N,\N,\N,\N,\N,\N,21
19654,817,642,6,28,1,\N,R,15,0,16,\N,\N,\N,\N,\N,\N,121
19655,817,581,133,18,6,\N,R,16,0,12,\N,\N,\N,\N,\N,\N,86
19656,817,725,133,16,10,\N,R,17,0,12,\N,\N,\N,\N,\N,\N,86
19657,817,717,147,2,14,\N,R,18,0,4,\N,\N,\N,\N,\N,\N,5
19658,817,724,144,4,16,\N,R,19,0,4,\N,\N,\N,\N,\N,\N,95
19659,817,627,6,12,20,\N,R,20,0,2,\N,\N,\N,\N,\N,\N,3
19660,817,720,141,50,21,\N,R,21,0,1,\N,\N,\N,\N,\N,\N,121
19661,818,526,114,98,7,1,1,1,8,200,3:52:41.88,13961880,\N,\N,\N,\N,1
19662,818,509,113,59,10,2,2,2,6,200,+4:02.33,14204210,\N,\N,\N,\N,1
19663,818,611,113,18,5,3,3,3,4,200,+6:11.61,14333490,\N,\N,\N,\N,1
19664,818,518,110,1,6,4,4,4,3,200,+6:48.34,14370220,\N,\N,\N,\N,1
19665,818,656,113,33,20,5,5,5,2,200,+8:40.15,14482030,\N,\N,\N,\N,1
19666,818,525,113,77,21,6,6,6,0,200,+9:24.32,14526200,\N,\N,\N,\N,1
19667,818,592,113,37,23,7,7,7,0,200,+10:35.24,14597120,\N,\N,\N,\N,1
19668,818,726,113,54,14,8,8,8,0,200,+12:00.61,14682490,\N,\N,\N,\N,1
19669,818,629,113,22,9,9,9,9,0,200,+12:23.76,14705640,\N,\N,\N,\N,1
19670,818,593,113,5,31,10,10,10,0,200,+13:37.78,14779660,\N,\N,\N,\N,1
19671,818,658,113,4,3,11,11,11,0,200,+14:21.72,14823600,\N,\N,\N,\N,1
19672,818,727,107,29,26,12,12,12,0,200,+16:05.10,14926980,\N,\N,\N,\N,1
19673,818,728,113,14,16,13,13,13,0,200,+16:55.65,14977530,\N,\N,\N,\N,1
19674,818,729,129,7,15,14,14,14,0,200,+18:48.66,15090540,\N,\N,\N,\N,1
19675,818,730,149,65,13,15,15,15,0,197,\N,\N,\N,\N,\N,\N,13
19676,818,513,111,81,24,16,16,16,0,193,\N,\N,\N,\N,\N,\N,17
19677,818,657,113,26,8,17,17,17,1,191,\N,\N,\N,\N,\N,\N,38
19678,818,521,113,16,11,18,18,18,0,187,\N,\N,\N,\N,\N,\N,53
19679,818,731,110,2,12,19,19,19,0,184,\N,\N,\N,\N,\N,\N,116
19680,818,675,110,8,28,20,20,20,0,184,\N,\N,\N,\N,\N,\N,116
19681,818,732,113,31,33,21,21,21,0,182,\N,\N,\N,\N,\N,\N,114
19682,818,677,139,48,29,\N,R,22,0,162,\N,\N,\N,\N,\N,\N,44
19683,818,449,113,34,22,\N,R,23,0,130,\N,\N,\N,\N,\N,\N,51
19684,818,529,150,27,30,\N,R,24,0,93,\N,\N,\N,\N,\N,\N,51
19685,818,699,113,36,4,\N,R,25,0,84,\N,\N,\N,\N,\N,\N,126
19686,818,628,113,73,32,\N,R,26,0,77,\N,\N,\N,\N,\N,\N,24
19687,818,615,113,28,1,\N,R,27,0,71,\N,\N,\N,\N,\N,\N,101
19688,818,520,113,67,18,\N,R,28,0,65,\N,\N,\N,\N,\N,\N,43
19689,818,702,113,93,25,\N,R,29,0,49,\N,\N,\N,\N,\N,\N,7
19690,818,733,113,21,27,\N,R,30,0,41,\N,\N,\N,\N,\N,\N,126
19691,818,647,6,12,19,\N,R,31,0,40,\N,\N,\N,\N,\N,\N,36
19692,818,734,129,55,17,\N,R,32,0,34,\N,\N,\N,\N,\N,\N,6
19693,818,612,113,9,2,\N,R,33,0,20,\N,\N,\N,\N,\N,\N,94
19694,819,647,6,4,1,1,1,1,9,36,3:03:46.3,11026300,\N,\N,\N,\N,1
19695,819,642,6,2,2,2,2,2,6,36,+1:55.2,11141500,\N,\N,\N,\N,1
19696,819,626,128,14,4,3,3,3,4,36,+4:28.4,11294700,\N,\N,\N,\N,1
19697,819,578,87,8,6,4,4,4,3,35,\N,\N,\N,\N,\N,\N,11
19698,819,632,133,28,8,5,5,5,2,34,\N,\N,\N,\N,\N,\N,12
19699,819,689,87,10,9,6,6,6,0,34,\N,\N,\N,\N,\N,\N,12
19700,819,735,6,34,13,7,7,7,0,33,\N,\N,\N,\N,\N,\N,13
19701,819,660,128,18,19,8,8,8,0,33,\N,\N,\N,\N,\N,\N,13
19702,819,688,87,12,12,9,9,9,0,33,\N,\N,\N,\N,\N,\N,13
19703,819,669,141,20,18,10,10,10,0,32,\N,\N,\N,\N,\N,\N,14
19704,819,651,133,24,14,11,11,11,0,32,\N,\N,\N,\N,\N,\N,14
19705,819,736,133,30,20,12,12,12,0,32,\N,\N,\N,\N,\N,\N,14
19706,819,703,144,38,21,13,13,13,0,31,\N,\N,\N,\N,\N,\N,15
19707,819,737,141,44,22,14,14,14,0,30,\N,\N,\N,\N,\N,\N,16
19708,819,738,133,42,16,15,15,15,0,30,\N,\N,\N,\N,\N,\N,16
19709,819,739,152,40,15,\N,R,16,0,17,\N,\N,\N,\N,\N,\N,5
19710,819,641,6,6,3,\N,R,17,0,13,\N,\N,\N,\N,\N,\N,3
19711,819,554,128,16,5,\N,R,18,0,13,\N,\N,\N,\N,\N,\N,3
19712,819,663,148,36,7,\N,R,19,0,10,\N,\N,\N,\N,\N,\N,20
19713,819,627,6,22,17,\N,R,20,0,6,\N,\N,\N,\N,\N,\N,7
19714,819,581,133,26,11,\N,R,21,0,3,\N,\N,\N,\N,\N,\N,86
19715,819,475,151,32,10,\N,R,22,0,0,\N,\N,\N,\N,\N,\N,5
19716,820,647,6,8,1,1,1,1,9,77,3:00:00.0,10800000,\N,\N,\N,\N,1
19717,820,642,6,10,2,2,2,2,6,76,\N,\N,\N,\N,\N,\N,11
19718,820,641,6,12,3,3,3,3,4,75,\N,\N,\N,\N,\N,\N,12
19719,820,626,128,2,5,4,4,4,3,74,\N,\N,\N,\N,\N,\N,13
19720,820,427,141,44,6,5,5,5,2,72,\N,\N,\N,\N,\N,\N,15
19721,820,581,133,22,8,6,6,6,0,70,\N,\N,\N,\N,\N,\N,17
19722,820,554,128,4,4,7,7,7,0,70,\N,\N,\N,\N,\N,\N,17
19723,820,741,105,28,18,8,8,8,0,70,\N,\N,\N,\N,\N,\N,17
19724,820,651,133,20,14,9,9,9,0,70,\N,\N,\N,\N,\N,\N,17
19725,820,704,133,24,10,10,10,10,0,68,\N,\N,\N,\N,\N,\N,19
19726,820,723,6,34,17,11,11,11,0,66,\N,\N,\N,\N,\N,\N,45
19727,820,740,6,38,16,12,12,12,0,63,\N,\N,\N,\N,\N,\N,111
19728,820,669,128,6,7,\N,R,13,0,56,\N,\N,\N,\N,\N,\N,109
19729,820,578,87,42,15,\N,R,14,0,51,\N,\N,\N,\N,\N,\N,80
19730,820,640,105,16,12,\N,R,15,0,34,\N,\N,\N,\N,\N,\N,23
19731,820,687,126,26,13,\N,R,16,0,17,\N,\N,\N,\N,\N,\N,8
19732,820,627,6,14,9,\N,R,17,0,17,\N,\N,\N,\N,\N,\N,5
19733,820,660,141,32,20,\N,R,18,0,15,\N,\N,\N,\N,\N,\N,5
19734,820,501,105,18,11,\N,R,19,0,7,\N,\N,\N,\N,\N,\N,6
19735,820,722,6,40,19,\N,R,20,0,2,\N,\N,\N,\N,\N,\N,5
19736,821,647,6,15,2,1,1,1,9,85,2:46:11.0,9971000,\N,\N,\N,\N,1
19737,821,641,6,17,3,2,2,2,6,84,\N,\N,\N,\N,\N,\N,11
19738,821,578,87,9,7,3,3,3,4,83,\N,\N,\N,\N,\N,\N,12
19739,821,742,125,6,8,4,4,4,3,83,\N,\N,\N,\N,\N,\N,12
19740,821,743,125,5,9,5,5,5,2,82,\N,\N,\N,\N,\N,\N,13
19741,821,642,6,16,1,6,6,6,0,82,\N,\N,\N,\N,\N,\N,13
19742,821,686,87,8,6,7,7,7,0,82,\N,\N,\N,\N,\N,\N,13
19743,821,456,6,14,19,8,8,8,0,82,\N,\N,\N,\N,\N,\N,13
19744,821,744,125,4,5,9,9,9,0,82,\N,\N,\N,\N,\N,\N,13
19745,821,687,6,21,20,10,10,10,0,81,\N,\N,\N,\N,\N,\N,14
19746,821,669,128,26,10,11,11,11,0,81,\N,\N,\N,\N,\N,\N,14
19747,821,745,126,1,12,12,12,12,0,80,\N,\N,\N,\N,\N,\N,15
19748,821,723,6,19,15,13,13,13,0,80,\N,\N,\N,\N,\N,\N,15
19749,821,660,141,27,23,14,14,14,0,79,\N,\N,\N,\N,\N,\N,16
19750,821,651,133,31,29,15,15,15,0,79,\N,\N,\N,\N,\N,\N,16
19751,821,664,125,3,17,16,16,16,0,79,\N,\N,\N,\N,\N,\N,16
19752,821,501,105,33,32,17,17,17,0,78,\N,\N,\N,\N,\N,\N,17
19753,821,746,105,34,28,18,18,18,0,77,\N,\N,\N,\N,\N,\N,18
19754,821,640,105,32,31,19,19,19,0,76,\N,\N,\N,\N,\N,\N,19
19755,821,688,87,10,18,20,20,20,0,76,\N,\N,\N,\N,\N,\N,19
19756,821,705,148,23,25,21,21,21,0,75,\N,\N,\N,\N,\N,\N,88
19757,821,689,87,11,13,22,22,22,0,69,\N,\N,\N,\N,\N,\N,116
19758,821,581,133,29,14,\N,R,23,0,73,\N,\N,\N,\N,\N,\N,80
19759,821,708,133,30,11,\N,R,24,0,44,\N,\N,\N,\N,\N,\N,5
19760,821,475,151,12,16,\N,R,25,0,36,\N,\N,\N,\N,\N,\N,5
19761,821,427,128,25,21,\N,R,26,0,21,\N,\N,\N,\N,\N,\N,6
19762,821,738,133,28,26,\N,R,27,0,19,\N,\N,\N,\N,\N,\N,5
19763,821,747,87,7,22,\N,R,28,0,14,\N,\N,\N,\N,\N,\N,5
19764,821,626,128,24,4,\N,R,29,0,9,\N,\N,\N,\N,\N,\N,8
19765,821,721,6,20,24,\N,R,30,0,3,\N,\N,\N,\N,\N,\N,23
19766,821,748,105,35,27,\N,R,31,0,0,\N,\N,\N,\N,\N,\N,23
19767,821,749,152,2,0,\N,W,32,0,0,\N,\N,\N,\N,\N,\N,54
19768,822,647,6,101,1,1,1,1,9,18,3:06:13.3,11173300,\N,\N,\N,\N,1
19769,822,642,6,102,2,2,2,2,6,18,+14.1,11187400,\N,\N,\N,\N,1
19770,822,723,6,117,6,3,3,3,4,18,+7:10.1,11603400,\N,\N,\N,\N,1
19771,822,641,6,103,5,4,4,4,3,17,\N,\N,\N,\N,\N,\N,11
19772,822,554,128,108,11,5,5,5,2,17,\N,\N,\N,\N,\N,\N,11
19773,822,736,6,119,17,6,6,6,0,16,\N,\N,\N,\N,\N,\N,12
19774,822,751,144,121,12,7,7,7,0,16,\N,\N,\N,\N,\N,\N,12
19775,822,724,144,125,15,8,8,8,0,16,\N,\N,\N,\N,\N,\N,12
19776,822,752,147,124,22,9,9,9,0,15,\N,\N,\N,\N,\N,\N,13
19777,822,660,133,113,32,10,10,10,0,15,\N,\N,\N,\N,\N,\N,13
19778,822,753,144,128,8,11,11,11,0,14,\N,\N,\N,\N,\N,\N,14
19779,822,709,145,135,29,12,12,12,0,14,\N,\N,\N,\N,\N,\N,14
19780,822,626,128,107,4,\N,R,13,0,8,\N,\N,\N,\N,\N,\N,3
19781,822,712,147,123,9,\N,R,14,0,7,\N,\N,\N,\N,\N,\N,31
19782,822,738,133,120,14,\N,R,15,0,6,\N,\N,\N,\N,\N,\N,6
19783,822,750,144,126,19,\N,R,16,0,5,\N,\N,\N,\N,\N,\N,5
19784,822,754,145,110,25,\N,R,17,0,5,\N,\N,\N,\N,\N,\N,31
19785,822,715,145,130,30,\N,R,18,0,5,\N,\N,\N,\N,\N,\N,80
19786,822,748,105,116,26,\N,R,19,0,4,\N,\N,\N,\N,\N,\N,109
19787,822,710,145,136,23,\N,R,20,0,3,\N,\N,\N,\N,\N,\N,31
19788,822,755,6,118,24,\N,R,21,0,3,\N,\N,\N,\N,\N,\N,22
19789,822,749,152,114,21,\N,R,22,0,2,\N,\N,\N,\N,\N,\N,51
19790,822,427,128,109,3,\N,R,23,0,1,\N,\N,\N,\N,\N,\N,3
19791,822,756,144,127,7,\N,R,24,0,1,\N,\N,\N,\N,\N,\N,6
19792,822,697,105,105,10,\N,D,25,0,1,\N,\N,\N,\N,\N,\N,2
19793,822,632,133,112,13,\N,R,26,0,1,\N,\N,\N,\N,\N,\N,6
19794,822,692,144,122,18,\N,R,27,0,1,\N,\N,\N,\N,\N,\N,31
19795,822,757,144,129,20,\N,R,28,0,1,\N,\N,\N,\N,\N,\N,31
19796,822,722,6,104,27,\N,R,29,0,1,\N,\N,\N,\N,\N,\N,23
19797,822,746,105,115,16,\N,R,30,0,0,\N,\N,\N,\N,\N,\N,31
19798,823,647,6,2,1,1,1,1,9,90,2:53:28.5,10408500,\N,\N,\N,\N,1
19799,823,642,6,4,2,2,2,2,6,90,+40.1,10448600,\N,\N,\N,\N,1
19800,823,633,6,6,4,3,3,3,4,90,+1:34.4,10502900,\N,\N,\N,\N,1
19801,823,578,87,32,3,4,4,4,3,88,\N,\N,\N,\N,\N,\N,12
19802,823,626,128,10,6,5,5,5,2,87,\N,\N,\N,\N,\N,\N,13
19803,823,427,128,12,5,6,6,6,0,87,\N,\N,\N,\N,\N,\N,13
19804,823,708,133,28,10,7,7,7,0,85,\N,\N,\N,\N,\N,\N,15
19805,823,651,133,26,9,8,8,8,0,84,\N,\N,\N,\N,\N,\N,16
19806,823,622,105,16,16,9,9,9,0,83,\N,\N,\N,\N,\N,\N,17
19807,823,663,148,34,7,\N,R,10,0,76,\N,\N,\N,\N,\N,\N,67
19808,823,475,151,36,18,\N,R,11,0,73,\N,\N,\N,\N,\N,\N,5
19809,823,758,133,30,14,\N,N,12,0,70,\N,\N,\N,\N,\N,\N,62
19810,823,744,125,22,13,\N,R,13,0,27,\N,\N,\N,\N,\N,\N,51
19811,823,735,6,24,17,\N,R,14,0,19,\N,\N,\N,\N,\N,\N,5
19812,823,632,141,14,11,\N,R,15,0,15,\N,\N,\N,\N,\N,\N,8
19813,823,554,128,8,6,\N,R,16,0,10,\N,\N,\N,\N,\N,\N,10
19814,823,759,105,20,15,\N,R,17,0,7,\N,\N,\N,\N,\N,\N,24
19815,823,746,105,18,12,\N,R,18,0,4,\N,\N,\N,\N,\N,\N,109
19816,824,647,6,12,1,1,1,1,8.5,80,2:50:45.6,10245600,\N,\N,\N,\N,1
19817,824,498,105,26,5,2,2,2,6.5,80,+1:01.8,10307400,\N,\N,\N,\N,1
19818,824,633,6,16,2,3,3,3,4,80,+2:04.2,10369800,\N,\N,\N,\N,1
19819,824,642,6,10,3,4,4,4,3,80,+2:11.4,10377000,\N,\N,\N,\N,1
19820,824,697,105,22,13,5,5,5,2,79,\N,\N,\N,\N,\N,\N,11
19821,824,609,6,8,8,6,6,6,0,79,\N,\N,\N,\N,\N,\N,11
19822,824,641,6,14,6,7,7,7,0,77,\N,\N,\N,\N,\N,\N,13
19823,824,622,105,48,18,8,8,8,0,76,\N,\N,\N,\N,\N,\N,14
19824,824,663,87,40,15,9,9,9,0,76,\N,\N,\N,\N,\N,\N,14
19825,824,627,6,62,17,10,10,10,0,75,\N,\N,\N,\N,\N,\N,15
19826,824,748,105,50,23,11,11,11,0,75,\N,\N,\N,\N,\N,\N,15
19827,824,742,125,30,19,12,12,12,0,74,\N,\N,\N,\N,\N,\N,16
19828,824,688,87,36,20,13,13,13,0,73,\N,\N,\N,\N,\N,\N,17
19829,824,626,128,2,7,14,14,14,0,71,\N,\N,\N,\N,\N,\N,19
19830,824,689,87,38,12,15,15,15,0,68,\N,\N,\N,\N,\N,\N,55
19831,824,475,125,32,1,\N,R,16,0,60,\N,\N,\N,\N,\N,\N,22
19832,824,746,105,46,25,\N,R,17,0,46,\N,\N,\N,\N,\N,\N,5
19833,824,554,128,6,11,\N,R,18,0,42,\N,\N,\N,\N,\N,\N,5
19834,824,578,87,42,12,\N,N,19,0,38,\N,\N,\N,\N,\N,\N,62
19835,824,762,105,24,16,\N,R,20,0,24,\N,\N,\N,\N,\N,\N,5
19836,824,427,128,4,4,\N,R,21,0,5,\N,\N,\N,\N,\N,\N,5
19837,824,664,125,28,2,\N,R,22,0,4,\N,\N,\N,\N,\N,\N,22
19838,824,723,6,18,16,\N,R,23,0,3,\N,\N,\N,\N,\N,\N,5
19839,824,625,127,34,10,\N,R,24,0,0,\N,\N,\N,\N,\N,\N,6
19840,824,735,6,70,0,\N,F,25,0,0,\N,\N,\N,\N,\N,\N,81
19841,824,761,105,58,0,\N,F,26,0,0,\N,\N,\N,\N,\N,\N,81
19842,824,640,105,60,0,\N,F,27,0,0,\N,\N,\N,\N,\N,\N,81
19843,824,581,133,54,0,\N,F,28,0,0,\N,\N,\N,\N,\N,\N,81
19844,824,687,6,68,0,\N,F,29,0,0,\N,\N,\N,\N,\N,\N,81
19845,824,738,133,56,0,\N,F,30,0,0,\N,\N,\N,\N,\N,\N,81
19846,824,749,152,64,0,\N,F,31,0,0,\N,\N,\N,\N,\N,\N,81
19847,824,651,133,52,0,\N,F,32,0,0,\N,\N,\N,\N,\N,\N,81
19848,824,717,6,20,0,\N,F,33,0,0,\N,\N,\N,\N,\N,\N,81
19849,824,760,153,44,0,\N,F,34,0,0,\N,\N,\N,\N,\N,\N,81
19850,824,660,141,66,0,\N,F,35,0,0,\N,\N,\N,\N,\N,\N,81
19851,825,579,51,24,1,1,1,1,9,42,2:07:53.64,7673640,\N,\N,\N,\N,1
19852,825,641,6,44,6,2,2,2,6,42,+55.24,7728880,\N,\N,\N,\N,1
19853,825,642,51,22,2,3,3,3,4,42,+1:19.31,7752950,\N,\N,\N,\N,1
19854,825,763,51,28,4,4,4,4,3,41,\N,\N,\N,\N,\N,\N,11
19855,825,640,51,26,5,5,5,5,2,40,\N,\N,\N,\N,\N,\N,12
19856,825,647,6,20,7,6,6,6,0,40,\N,\N,\N,\N,\N,\N,12
19857,825,589,105,30,19,7,7,7,0,40,\N,\N,\N,\N,\N,\N,12
19858,825,475,133,14,14,8,8,8,0,40,\N,\N,\N,\N,\N,\N,12
19859,825,627,154,8,8,9,9,9,0,39,\N,\N,\N,\N,\N,\N,13
19860,825,741,154,4,12,10,10,10,0,39,\N,\N,\N,\N,\N,\N,13
19861,825,723,6,38,10,11,11,11,0,39,\N,\N,\N,\N,\N,\N,13
19862,825,501,105,32,17,12,12,12,0,38,\N,\N,\N,\N,\N,\N,14
19863,825,660,154,2,18,13,13,13,0,35,\N,\N,\N,\N,\N,\N,17
19864,825,764,154,40,21,14,14,14,0,31,\N,\N,\N,\N,\N,\N,45
19865,825,687,6,16,9,\N,R,15,0,36,\N,\N,\N,\N,\N,\N,3
19866,825,765,154,10,11,\N,R,16,0,30,\N,\N,\N,\N,\N,\N,3
19867,825,725,133,12,20,\N,R,17,0,23,\N,\N,\N,\N,\N,\N,121
19868,825,704,154,6,15,\N,R,18,0,14,\N,\N,\N,\N,\N,\N,80
19869,825,633,6,18,3,\N,R,19,0,12,\N,\N,\N,\N,\N,\N,3
19870,825,498,154,42,13,\N,R,20,0,10,\N,\N,\N,\N,\N,\N,94
19871,825,721,144,52,16,\N,R,21,0,0,\N,\N,\N,\N,\N,\N,69
19872,826,766,113,99,2,1,1,1,9,200,3:57:38.05,14258050,\N,\N,\N,\N,1
19873,826,673,113,83,7,2,2,2,6,200,+1:47.24,14365290,\N,\N,\N,\N,1
19874,826,658,113,9,3,3,3,3,2,200,+2:51.39,14429440,\N,\N,\N,\N,1
19875,826,612,149,57,31,4,4,4,3,200,+4:40.12,14538170,\N,\N,\N,\N,1
19876,826,734,134,52,29,5,5,5,2,200,+4:52.23,14550280,\N,\N,\N,\N,1
19877,826,731,119,1,17,6,6,6,0,200,+5:40.02,14598070,\N,\N,\N,\N,1
19878,826,767,113,68,24,7,7,7,0,193,\N,\N,\N,\N,\N,\N,17
19879,826,518,150,27,4,8,8,8,0,180,\N,\N,\N,\N,\N,\N,127
19880,826,529,150,5,9,\N,R,9,0,178,\N,\N,\N,\N,\N,\N,20
19881,826,699,113,18,1,\N,R,10,0,151,\N,\N,\N,\N,\N,\N,31
19882,826,534,113,69,22,\N,R,11,0,142,\N,\N,\N,\N,\N,\N,5
19883,826,611,113,25,12,\N,R,12,0,135,\N,\N,\N,\N,\N,\N,5
19884,826,729,113,10,16,\N,R,13,0,129,\N,\N,\N,\N,\N,\N,5
19885,826,768,150,16,5,\N,R,14,0,126,\N,\N,\N,\N,\N,\N,3
19886,826,654,114,2,14,\N,R,15,0,123,\N,\N,\N,\N,\N,\N,5
19887,826,653,135,76,27,\N,R,16,0,110,\N,\N,\N,\N,\N,\N,109
19888,826,615,113,59,11,\N,R,17,0,109,\N,\N,\N,\N,\N,\N,8
19889,826,700,113,73,15,\N,R,18,0,93,\N,\N,\N,\N,\N,\N,42
19890,826,769,155,71,33,\N,R,19,0,97,\N,\N,\N,\N,\N,\N,8
19891,826,521,156,8,19,\N,R,20,0,93,\N,\N,\N,\N,\N,\N,42
19892,826,593,113,3,8,\N,R,21,0,87,\N,\N,\N,\N,\N,\N,121
19893,826,770,113,4,10,\N,R,22,0,80,\N,\N,\N,\N,\N,\N,5
19894,826,526,113,98,6,\N,R,23,0,78,\N,\N,\N,\N,\N,\N,5
19895,826,630,134,6,32,\N,R,24,0,73,\N,\N,\N,\N,\N,\N,25
19896,826,733,113,32,28,\N,R,25,0,56,\N,\N,\N,\N,\N,\N,80
19897,826,771,113,44,13,\N,R,26,0,55,\N,\N,\N,\N,\N,\N,121
19898,826,449,139,48,25,\N,R,27,0,34,\N,\N,\N,\N,\N,\N,108
19899,826,629,113,23,18,\N,R,28,0,30,\N,\N,\N,\N,\N,\N,109
19900,826,657,111,81,20,\N,R,29,0,29,\N,\N,\N,\N,\N,\N,44
19901,826,726,110,22,21,\N,R,30,0,29,\N,\N,\N,\N,\N,\N,7
19902,826,772,150,19,23,\N,R,31,0,18,\N,\N,\N,\N,\N,\N,5
19903,826,732,105,12,26,\N,R,32,0,15,\N,\N,\N,\N,\N,\N,95
19904,826,728,107,26,30,\N,R,33,0,8,\N,\N,\N,\N,\N,\N,7
19905,827,642,51,4,2,1,1,1,8,36,2:45:46.2,9946200,\N,\N,\N,\N,1
19906,827,647,6,8,4,2,2,2,6,36,+2:51.0,10117200,\N,\N,\N,\N,1
19907,827,633,6,10,3,3,3,3,4,36,+4:21.9,10208100,\N,\N,\N,\N,1
19908,827,627,154,14,7,4,4,4,3,34,\N,\N,\N,\N,\N,\N,12
19909,827,704,154,22,8,5,5,5,2,34,\N,\N,\N,\N,\N,\N,12
19910,827,429,154,24,12,6,6,6,0,33,\N,\N,\N,\N,\N,\N,13
19911,827,660,154,16,11,7,7,7,0,33,\N,\N,\N,\N,\N,\N,13
19912,827,773,154,26,13,8,8,8,0,32,\N,\N,\N,\N,\N,\N,14
19913,827,579,51,2,1,9,9,9,1,32,\N,\N,\N,\N,\N,\N,14
19914,827,589,154,18,9,\N,R,10,0,28,\N,\N,\N,\N,\N,\N,5
19915,827,763,51,6,6,\N,R,11,0,11,\N,\N,\N,\N,\N,\N,21
19916,827,641,6,12,5,\N,R,12,0,8,\N,\N,\N,\N,\N,\N,7
19917,827,741,154,20,10,\N,R,13,0,0,\N,\N,\N,\N,\N,\N,7
19918,828,786,51,8,7,1,1,1,4,77,3:22:11.0,12131000,\N,\N,\N,\N,1
19919,828,647,6,14,6,2,2,2,3,77,+58.2,12189200,\N,\N,\N,\N,1
19920,828,633,6,10,4,3,3,3,4,74,\N,\N,\N,\N,\N,\N,13
19921,828,686,6,26,9,4,4,4,3,73,\N,\N,\N,\N,\N,\N,14
19922,828,642,51,2,2,5,5,5,2,73,\N,\N,\N,\N,\N,\N,14
19923,828,589,154,42,8,6,6,6,0,71,\N,\N,\N,\N,\N,\N,16
19924,828,704,154,46,11,7,7,7,0,71,\N,\N,\N,\N,\N,\N,16
19925,828,774,154,44,14,8,8,8,0,69,\N,\N,\N,\N,\N,\N,18
19926,828,764,154,48,19,9,9,9,0,66,\N,\N,\N,\N,\N,\N,45
19927,828,763,51,6,5,10,10,10,0,58,\N,\N,\N,\N,\N,\N,124
19928,828,579,51,24,1,11,11,11,0,55,\N,\N,\N,\N,\N,\N,115
19929,828,660,154,28,12,\N,R,12,0,54,\N,\N,\N,\N,\N,\N,3
19930,828,627,154,40,13,\N,R,13,0,43,\N,\N,\N,\N,\N,\N,7
19931,828,741,154,38,10,\N,R,14,0,37,\N,\N,\N,\N,\N,\N,5
19932,828,775,141,36,17,\N,R,15,0,27,\N,\N,\N,\N,\N,\N,5
19933,828,501,105,20,22,\N,R,16,0,23,\N,\N,\N,\N,\N,\N,25
19934,828,427,141,32,18,\N,R,17,0,11,\N,\N,\N,\N,\N,\N,5
19935,828,647,6,12,3,\N,R,18,0,10,\N,\N,\N,\N,\N,\N,6
19936,828,609,141,34,21,\N,R,19,0,7,\N,\N,\N,\N,\N,\N,5
19937,828,626,141,30,23,\N,R,20,0,3,\N,\N,\N,\N,\N,\N,5
19938,828,670,105,50,15,\N,R,21,0,2,\N,\N,\N,\N,\N,\N,5
19939,828,640,105,18,16,\N,R,22,0,1,\N,\N,\N,\N,\N,\N,7
19940,828,687,6,24,20,\N,R,23,0,1,\N,\N,\N,\N,\N,\N,5
19941,829,498,6,12,1,1,1,1,8,90,2:42:18.2,9738200,\N,\N,\N,\N,1
19942,829,579,51,2,2,2,2,2,6,90,+51.0,9789200,\N,\N,\N,\N,1
19943,829,633,6,10,5,3,3,3,4,88,\N,\N,\N,\N,\N,\N,12
19944,829,697,51,4,7,4,4,4,3,87,\N,\N,\N,\N,\N,\N,13
19945,829,686,66,6,20,5,5,5,2,85,\N,\N,\N,\N,\N,\N,15
19946,829,763,51,3,6,6,6,6,0,84,\N,\N,\N,\N,\N,\N,16
19947,829,661,66,7,19,7,7,7,0,84,\N,\N,\N,\N,\N,\N,16
19948,829,778,151,9,12,8,8,8,0,84,\N,\N,\N,\N,\N,\N,16
19949,829,687,6,14,8,9,9,9,0,83,\N,\N,\N,\N,\N,\N,17
19950,829,627,154,22,9,10,10,10,0,83,\N,\N,\N,\N,\N,\N,17
19951,829,619,151,8,10,11,11,11,0,82,\N,\N,\N,\N,\N,\N,18
19952,829,708,154,18,11,12,12,12,0,81,\N,\N,\N,\N,\N,\N,19
19953,829,660,154,25,14,13,13,13,0,80,\N,\N,\N,\N,\N,\N,88
19954,829,642,51,1,3,\N,R,14,1,75,\N,\N,\N,\N,\N,\N,8
19955,829,776,126,5,18,\N,N,15,0,75,\N,\N,\N,\N,\N,\N,62
19956,829,647,6,11,4,\N,R,16,0,56,\N,\N,\N,\N,\N,\N,6
19957,829,777,105,17,16,\N,R,17,0,46,\N,\N,\N,\N,\N,\N,44
19958,829,747,105,15,15,\N,R,18,0,45,\N,\N,\N,\N,\N,\N,5
19959,829,589,154,23,13,\N,R,19,0,41,\N,\N,\N,\N,\N,\N,23
19960,829,779,105,16,17,\N,R,20,0,23,\N,\N,\N,\N,\N,\N,21
19961,830,647,6,71,1,1,1,1,8,20,3:23:03.3,12183300,\N,\N,\N,\N,1
19962,830,579,51,75,3,2,2,2,7,20,+30.5,12213800,\N,\N,\N,\N,1
19963,830,498,6,74,2,3,3,3,4,20,+4:39.0,12462300,\N,\N,\N,\N,1
19964,830,633,6,72,5,4,4,4,3,20,+5:50.2,12533500,\N,\N,\N,\N,1
19965,830,641,6,73,6,5,5,5,2,20,+7:49.1,12652400,\N,\N,\N,\N,1
19966,830,723,6,91,8,6,6,6,0,19,\N,\N,\N,\N,\N,\N,11
19967,830,626,141,82,9,7,7,7,0,19,\N,\N,\N,\N,\N,\N,11
19968,830,627,154,84,15,8,8,8,0,19,\N,\N,\N,\N,\N,\N,11
19969,830,773,154,90,19,9,9,9,0,18,\N,\N,\N,\N,\N,\N,12
19970,830,680,154,93,22,10,10,10,0,18,\N,\N,\N,\N,\N,\N,12
19971,830,660,154,94,18,11,11,11,0,17,\N,\N,\N,\N,\N,\N,13
19972,830,704,154,87,11,\N,R,12,0,17,\N,\N,\N,\N,\N,\N,3
19973,830,427,141,81,14,\N,R,13,0,13,\N,\N,\N,\N,\N,\N,5
19974,830,697,51,77,10,\N,R,14,0,12,\N,\N,\N,\N,\N,\N,121
19975,830,708,154,88,20,\N,R,15,0,12,\N,\N,\N,\N,\N,\N,51
19976,830,756,51,78,7,\N,R,16,0,11,\N,\N,\N,\N,\N,\N,3
19977,830,609,141,83,12,\N,R,17,0,11,\N,\N,\N,\N,\N,\N,5
19978,830,642,51,76,4,\N,R,18,0,8,\N,\N,\N,\N,\N,\N,25
19979,830,741,154,86,21,\N,R,19,0,4,\N,\N,\N,\N,\N,\N,6
19980,830,589,154,85,13,\N,R,20,0,3,\N,\N,\N,\N,\N,\N,80
19981,830,780,105,92,17,\N,R,21,0,3,\N,\N,\N,\N,\N,\N,5
19982,830,640,105,79,16,\N,R,22,0,2,\N,\N,\N,\N,\N,\N,5
19983,831,647,6,2,3,1,1,1,8,80,2:42:39.3,9759300,\N,\N,\N,\N,1
19984,831,498,6,6,4,2,2,2,6,80,+24.6,9783900,\N,\N,\N,\N,1
19985,831,697,51,40,7,3,3,3,2,79,\N,\N,\N,\N,\N,\N,11
19986,831,633,6,4,5,4,4,4,3,79,\N,\N,\N,\N,\N,\N,11
19987,831,641,6,8,6,5,5,5,2,78,\N,\N,\N,\N,\N,\N,12
19988,831,609,141,48,11,6,6,6,0,74,\N,\N,\N,\N,\N,\N,16
19989,831,627,154,18,15,7,7,7,0,73,\N,\N,\N,\N,\N,\N,17
19990,831,704,154,24,14,8,8,8,0,72,\N,\N,\N,\N,\N,\N,18
19991,831,762,127,44,18,9,9,9,0,67,\N,\N,\N,\N,\N,\N,53
19992,831,579,51,38,1,\N,R,10,0,39,\N,\N,\N,\N,\N,\N,5
19993,831,427,141,50,12,\N,R,11,0,29,\N,\N,\N,\N,\N,\N,5
19994,831,626,141,46,13,\N,R,12,0,29,\N,\N,\N,\N,\N,\N,5
19995,831,589,154,20,17,\N,R,13,0,23,\N,\N,\N,\N,\N,\N,80
19996,831,773,154,22,20,\N,R,14,0,9,\N,\N,\N,\N,\N,\N,5
19997,831,680,154,28,22,\N,R,15,0,7,\N,\N,\N,\N,\N,\N,25
19998,831,642,51,34,2,\N,R,16,0,6,\N,\N,\N,\N,\N,\N,5
19999,831,660,154,26,21,\N,R,17,0,4,\N,\N,\N,\N,\N,\N,94
20000,831,640,51,36,9,\N,R,18,0,1,\N,\N,\N,\N,\N,\N,126
20001,831,687,6,16,19,\N,R,19,0,1,\N,\N,\N,\N,\N,\N,121
20002,831,622,6,12,16,\N,R,20,0,0,\N,\N,\N,\N,\N,\N,7
20003,831,686,66,30,8,\N,W,21,0,0,\N,\N,\N,\N,\N,\N,54
20004,831,781,66,32,10,\N,W,22,0,0,\N,\N,\N,\N,\N,\N,54
20005,832,579,51,22,2,1,1,1,9,70,2:46:54.10,10014100,\N,\N,\N,\N,1
20006,832,498,6,6,3,2,2,2,6,70,+54.28,10068380,\N,\N,\N,\N,1
20007,832,642,51,20,4,3,3,3,4,70,+1:45.54,10119640,\N,\N,\N,\N,1
20008,832,647,6,2,1,4,4,4,3,68,\N,\N,\N,\N,\N,\N,12
20009,832,697,51,24,8,5,5,5,2,68,\N,\N,\N,\N,\N,\N,12
20010,832,640,51,26,6,6,6,6,0,66,\N,\N,\N,\N,\N,\N,14
20011,832,627,154,28,20,7,7,7,0,64,\N,\N,\N,\N,\N,\N,16
20012,832,741,154,34,13,8,8,8,0,63,\N,\N,\N,\N,\N,\N,17
20013,832,626,141,14,9,9,9,9,0,63,\N,\N,\N,\N,\N,\N,17
20014,832,580,105,44,17,10,10,10,0,60,\N,\N,\N,\N,\N,\N,88
20015,832,633,6,4,5,\N,R,11,0,48,\N,\N,\N,\N,\N,\N,80
20016,832,609,141,16,10,\N,R,12,0,48,\N,\N,\N,\N,\N,\N,5
20017,832,660,154,36,15,\N,R,13,0,37,\N,\N,\N,\N,\N,\N,3
20018,832,641,6,8,7,\N,R,14,0,30,\N,\N,\N,\N,\N,\N,36
20019,832,427,141,12,11,\N,R,15,0,25,\N,\N,\N,\N,\N,\N,5
20020,832,783,154,38,16,\N,R,16,0,23,\N,\N,\N,\N,\N,\N,5
20021,832,704,154,32,14,\N,R,17,0,7,\N,\N,\N,\N,\N,\N,3
20022,832,589,154,30,12,\N,R,18,0,4,\N,\N,\N,\N,\N,\N,80
20023,832,669,105,18,19,\N,R,19,0,1,\N,\N,\N,\N,\N,\N,5
20024,832,782,105,46,18,\N,W,20,0,0,\N,\N,\N,\N,\N,\N,5
20025,833,642,51,2,1,1,1,1,9,70,2:13:23.6,8003600,\N,\N,\N,\N,1
20026,833,786,51,3,2,2,2,2,6,70,+2.6,8006200,\N,\N,\N,\N,1
20027,833,686,51,4,4,3,3,3,4,70,+52.0,8055600,\N,\N,\N,\N,1
20028,833,704,154,14,6,4,4,4,3,68,\N,\N,\N,\N,\N,\N,12
20029,833,627,154,15,9,5,5,5,2,68,\N,\N,\N,\N,\N,\N,12
20030,833,619,151,12,13,6,6,6,0,67,\N,\N,\N,\N,\N,\N,13
20031,833,787,151,11,15,7,7,7,0,67,\N,\N,\N,\N,\N,\N,13
20032,833,741,154,16,14,8,8,8,0,65,\N,\N,\N,\N,\N,\N,15
20033,833,784,105,6,16,9,9,9,0,64,\N,\N,\N,\N,\N,\N,16
20034,833,778,105,10,20,10,10,10,0,64,\N,\N,\N,\N,\N,\N,16
20035,833,660,154,18,21,11,11,11,0,64,\N,\N,\N,\N,\N,\N,16
20036,833,579,51,1,3,\N,R,12,0,62,\N,\N,\N,\N,\N,\N,44
20037,833,776,126,23,19,\N,N,13,0,57,\N,\N,\N,\N,\N,\N,62
20038,833,669,105,21,5,\N,R,14,0,49,\N,\N,\N,\N,\N,\N,60
20039,833,747,105,5,18,\N,R,15,0,44,\N,\N,\N,\N,\N,\N,5
20040,833,785,126,24,17,\N,R,16,0,43,\N,\N,\N,\N,\N,\N,7
20041,833,640,105,20,8,\N,R,17,0,36,\N,\N,\N,\N,\N,\N,5
20042,833,589,105,19,11,\N,R,18,0,26,\N,\N,\N,\N,\N,\N,8
20043,833,789,154,17,7,\N,R,19,0,8,\N,\N,\N,\N,\N,\N,51
20044,833,661,151,9,10,\N,R,20,0,5,\N,\N,\N,\N,\N,\N,6
20045,833,790,151,8,12,\N,R,21,0,2,\N,\N,\N,\N,\N,\N,126
20046,834,579,51,34,1,1,1,1,9,100,3:13:18.7,11598700,\N,\N,\N,\N,1
20047,834,647,6,40,7,2,2,2,6,99,\N,\N,\N,\N,\N,\N,11
20048,834,589,105,48,8,3,3,3,4,98,\N,\N,\N,\N,\N,\N,12
20049,834,793,6,42,9,4,4,4,3,97,\N,\N,\N,\N,\N,\N,13
20050,834,669,105,50,15,5,5,5,2,95,\N,\N,\N,\N,\N,\N,15
20051,834,619,151,26,16,6,6,6,0,94,\N,\N,\N,\N,\N,\N,16
20052,834,660,154,6,19,7,7,7,0,94,\N,\N,\N,\N,\N,\N,16
20053,834,633,6,38,6,\N,R,8,0,63,\N,\N,\N,\N,\N,\N,109
20054,834,741,154,14,4,\N,R,9,0,38,\N,\N,\N,\N,\N,\N,44
20055,834,498,105,2,3,\N,R,10,0,1,\N,\N,\N,\N,\N,\N,3
20056,834,642,51,32,2,\N,R,11,0,0,\N,\N,\N,\N,\N,\N,3
20057,834,786,51,36,5,\N,R,12,0,0,\N,\N,\N,\N,\N,\N,3
20058,834,627,154,16,10,\N,R,13,0,0,\N,\N,\N,\N,\N,\N,3
20059,834,626,141,10,11,\N,R,14,0,0,\N,\N,\N,\N,\N,\N,3
20060,834,640,105,52,12,\N,R,15,0,0,\N,\N,\N,\N,\N,\N,3
20061,834,427,141,12,13,\N,R,16,0,0,\N,\N,\N,\N,\N,\N,3
20062,834,787,151,24,14,\N,R,17,0,0,\N,\N,\N,\N,\N,\N,3
20063,834,762,105,44,17,\N,R,18,0,0,\N,\N,\N,\N,\N,\N,3
20064,834,501,87,8,20,\N,R,19,0,0,\N,\N,\N,\N,\N,\N,4
20065,834,687,6,28,21,\N,W,20,0,0,\N,\N,\N,\N,\N,\N,5
20066,834,792,105,4,18,\N,W,21,0,0,\N,\N,\N,\N,\N,\N,3
20067,835,593,113,1,5,1,1,1,9,138,2:46:55.97,10015970,\N,\N,\N,\N,1
20068,835,701,150,3,10,2,2,2,6,137,\N,\N,\N,\N,\N,\N,11
20069,835,768,150,31,3,3,3,3,4,137,\N,\N,\N,\N,\N,\N,11
20070,835,770,113,54,12,4,4,4,3,137,\N,\N,\N,\N,\N,\N,11
20071,835,794,113,17,9,5,5,5,1,136,\N,\N,\N,\N,\N,\N,12
20072,835,766,119,8,23,6,6,6,0,136,\N,\N,\N,\N,\N,\N,12
20073,835,654,113,98,1,7,7,7,0,135,\N,\N,\N,\N,\N,\N,13
20074,835,726,110,5,4,8,8,8,0,135,\N,\N,\N,\N,\N,\N,13
20075,835,555,138,7,19,9,9,9,0,135,\N,\N,\N,\N,\N,\N,13
20076,835,559,113,59,11,10,10,10,0,135,\N,\N,\N,\N,\N,\N,13
20077,835,795,156,2,16,11,11,11,0,133,\N,\N,\N,\N,\N,\N,15
20078,835,518,129,18,13,12,12,12,0,133,\N,\N,\N,\N,\N,\N,15
20079,835,772,113,15,26,13,13,13,0,132,\N,\N,\N,\N,\N,\N,16
20080,835,658,113,49,6,14,14,14,0,131,\N,\N,\N,\N,\N,\N,20
20081,835,526,110,55,24,15,15,15,0,130,\N,\N,\N,\N,\N,\N,18
20082,835,520,157,75,31,16,16,16,0,128,\N,\N,\N,\N,\N,\N,88
20083,835,653,116,22,27,17,17,17,0,128,\N,\N,\N,\N,\N,\N,88
20084,835,732,113,62,33,18,18,18,0,128,\N,\N,\N,\N,\N,\N,88
20085,835,771,113,4,20,19,19,19,0,127,\N,\N,\N,\N,\N,\N,45
20086,835,677,105,21,14,20,20,20,0,126,\N,\N,\N,\N,\N,\N,55
20087,835,659,113,81,15,21,21,21,0,125,\N,\N,\N,\N,\N,\N,53
20088,835,796,158,27,29,22,22,22,0,123,\N,\N,\N,\N,\N,\N,112
20089,835,797,159,77,30,23,23,23,0,123,\N,\N,\N,\N,\N,\N,20
20090,835,509,160,76,28,24,24,24,0,122,\N,\N,\N,\N,\N,\N,116
20091,835,731,105,12,21,\N,R,25,0,112,\N,\N,\N,\N,\N,\N,70
20092,835,729,162,67,22,\N,R,26,0,111,\N,\N,\N,\N,\N,\N,7
20093,835,798,161,24,17,\N,R,27,0,108,\N,\N,\N,\N,\N,\N,51
20094,835,615,113,28,2,\N,R,28,0,64,\N,\N,\N,\N,\N,\N,44
20095,835,799,113,61,32,\N,R,29,0,52,\N,\N,\N,\N,\N,\N,126
20096,835,611,113,23,25,\N,R,30,0,42,\N,\N,\N,\N,\N,\N,51
20097,835,529,150,14,8,\N,R,31,0,30,\N,\N,\N,\N,\N,\N,67
20098,835,537,107,45,18,\N,R,32,0,25,\N,\N,\N,\N,\N,\N,85
20099,835,630,113,69,7,\N,R,33,0,10,\N,\N,\N,\N,\N,\N,44
20100,836,642,51,16,2,1,1,1,9,42,2:02:53.7,7373700,\N,\N,\N,\N,1
20101,836,786,51,12,3,2,2,2,6,42,+0.4,7374100,\N,\N,\N,\N,1
20102,836,627,154,10,10,3,3,3,4,41,\N,\N,\N,\N,\N,\N,11
20103,836,669,105,30,8,4,4,4,3,40,\N,\N,\N,\N,\N,\N,12
20104,836,697,105,34,12,5,5,5,2,40,\N,\N,\N,\N,\N,\N,12
20105,836,640,105,32,11,6,6,6,0,40,\N,\N,\N,\N,\N,\N,12
20106,836,800,105,2,15,7,7,7,0,39,\N,\N,\N,\N,\N,\N,13
20107,836,501,154,44,18,8,8,8,0,39,\N,\N,\N,\N,\N,\N,13
20108,836,589,105,26,16,9,9,9,0,39,\N,\N,\N,\N,\N,\N,13
20109,836,660,154,4,14,10,10,10,0,38,\N,\N,\N,\N,\N,\N,14
20110,836,780,105,40,17,11,11,11,0,35,\N,\N,\N,\N,\N,\N,17
20111,836,579,51,14,1,\N,R,12,0,32,\N,\N,\N,\N,\N,\N,5
20112,836,741,154,42,6,\N,R,13,0,25,\N,\N,\N,\N,\N,\N,6
20113,836,789,154,8,9,\N,R,14,0,19,\N,\N,\N,\N,\N,\N,3
20114,836,793,6,20,13,\N,R,15,0,19,\N,\N,\N,\N,\N,\N,22
20115,836,633,6,22,4,\N,R,16,0,9,\N,\N,\N,\N,\N,\N,5
20116,836,647,6,18,5,\N,R,17,0,4,\N,\N,\N,\N,\N,\N,94
20117,836,704,154,6,7,\N,R,18,0,0,\N,\N,\N,\N,\N,\N,3
20118,837,579,51,10,2,1,1,1,8,35,2:47:26.0,10046000,\N,\N,\N,\N,1
20119,837,786,51,12,3,2,2,2,6,35,+14.0,10060000,\N,\N,\N,\N,1
20120,837,627,154,14,8,3,3,3,4,35,+2:19.0,10185000,\N,\N,\N,\N,1
20121,837,642,51,8,1,4,4,4,4,35,+4:05.0,10291000,\N,\N,\N,\N,1
20122,837,647,6,4,7,5,5,5,2,34,\N,\N,\N,\N,\N,\N,11
20123,837,633,6,2,4,6,6,6,0,33,\N,\N,\N,\N,\N,\N,12
20124,837,773,154,22,10,7,7,7,0,33,\N,\N,\N,\N,\N,\N,12
20125,837,660,154,24,14,8,8,8,0,22,\N,\N,\N,\N,\N,\N,13
20126,837,785,126,26,12,9,9,9,0,30,\N,\N,\N,\N,\N,\N,15
20127,837,780,105,30,11,10,10,10,0,29,\N,\N,\N,\N,\N,\N,16
20128,837,774,154,20,13,\N,R,11,0,22,\N,\N,\N,\N,\N,\N,108
20129,837,793,154,6,5,\N,R,12,0,20,\N,\N,\N,\N,\N,\N,51
20130,837,741,154,16,6,\N,R,13,0,15,\N,\N,\N,\N,\N,\N,25
20131,837,704,154,18,9,\N,R,14,0,2,\N,\N,\N,\N,\N,\N,108
20132,838,579,51,6,1,1,1,1,9,64,2:57:52.8,10672800,\N,\N,\N,\N,1
20133,838,786,51,4,3,2,2,2,6,64,+25.7,10698500,\N,\N,\N,\N,1
20134,838,687,6,14,18,3,3,3,4,61,\N,\N,\N,\N,\N,\N,13
20135,838,626,141,44,12,4,4,4,3,61,\N,\N,\N,\N,\N,\N,13
20136,838,741,154,16,4,5,5,5,1,59,\N,\N,\N,\N,\N,\N,15
20137,838,801,154,26,15,6,6,6,0,56,\N,\N,\N,\N,\N,\N,18
20138,838,642,51,2,2,7,7,7,0,55,\N,\N,\N,\N,\N,\N,48
20139,838,704,154,18,5,8,8,8,0,52,\N,\N,\N,\N,\N,\N,55
20140,838,773,154,22,9,\N,R,9,0,36,\N,\N,\N,\N,\N,\N,5
20141,838,697,105,40,10,\N,R,10,0,14,\N,\N,\N,\N,\N,\N,5
20142,838,660,154,42,14,\N,R,11,0,11,\N,\N,\N,\N,\N,\N,25
20143,838,627,154,20,6,\N,R,12,0,10,\N,\N,\N,\N,\N,\N,25
20144,838,686,105,32,11,\N,R,13,0,9,\N,\N,\N,\N,\N,\N,5
20145,838,762,105,28,7,\N,R,14,0,6,\N,\N,\N,\N,\N,\N,5
20146,838,589,105,30,13,\N,R,15,0,6,\N,\N,\N,\N,\N,\N,5
20147,838,784,105,34,17,\N,R,16,0,5,\N,\N,\N,\N,\N,\N,5
20148,838,793,154,12,16,\N,R,17,0,4,\N,\N,\N,\N,\N,\N,25
20149,838,498,105,36,8,\N,R,18,0,3,\N,\N,\N,\N,\N,\N,5
20150,839,642,51,10,3,1,1,1,8,80,2:51:17.4,10277400,\N,\N,\N,\N,1
20151,839,802,6,48,6,2,2,2,3,80,+1:18.6,10356000,\N,\N,\N,\N,1
20152,839,786,51,36,5,3,3,3,4,80,+1:35.6,10373000,\N,\N,\N,\N,1
20153,839,627,154,58,13,4,4,4,3,75,\N,\N,\N,\N,\N,\N,15
20154,839,741,154,24,16,5,5,5,2,75,\N,\N,\N,\N,\N,\N,15
20155,839,640,105,38,17,6,6,6,0,72,\N,\N,\N,\N,\N,\N,18
20156,839,687,6,8,18,7,7,7,0,72,\N,\N,\N,\N,\N,\N,18
20157,839,747,105,50,24,\N,R,8,0,56,\N,\N,\N,\N,\N,\N,6
20158,839,787,151,32,21,\N,R,9,0,51,\N,\N,\N,\N,\N,\N,21
20159,839,793,154,12,8,\N,R,10,0,48,\N,\N,\N,\N,\N,\N,6
20160,839,764,154,40,11,\N,R,11,0,42,\N,\N,\N,\N,\N,\N,108
20161,839,762,105,4,9,\N,R,12,0,39,\N,\N,\N,\N,\N,\N,31
20162,839,641,51,60,7,\N,R,13,0,34,\N,\N,\N,\N,\N,\N,5
20163,839,773,154,56,20,\N,R,14,0,29,\N,\N,\N,\N,\N,\N,6
20164,839,579,51,18,1,\N,R,15,1,23,\N,\N,\N,\N,\N,\N,6
20165,839,660,154,2,22,\N,R,16,0,22,\N,\N,\N,\N,\N,\N,25
20166,839,647,6,16,2,\N,R,17,0,21,\N,\N,\N,\N,\N,\N,5
20167,839,791,6,22,25,\N,R,18,0,17,\N,\N,\N,\N,\N,\N,5
20168,839,765,154,64,16,\N,R,19,0,16,\N,\N,\N,\N,\N,\N,23
20169,839,740,105,62,26,\N,R,20,0,15,\N,\N,\N,\N,\N,\N,31
20170,839,427,141,42,12,\N,R,21,0,13,\N,\N,\N,\N,\N,\N,110
20171,839,589,105,6,19,\N,R,22,0,13,\N,\N,\N,\N,\N,\N,51
20172,839,763,51,46,4,\N,R,23,0,11,\N,\N,\N,\N,\N,\N,5
20173,839,626,141,44,10,\N,R,24,0,7,\N,\N,\N,\N,\N,\N,7
20174,839,669,105,30,15,\N,R,25,0,1,\N,\N,\N,\N,\N,\N,5
20175,839,756,105,28,27,\N,R,26,0,0,\N,\N,\N,\N,\N,\N,5
20176,839,697,163,52,23,\N,W,27,0,0,\N,\N,\N,\N,\N,\N,54
20177,833,788,105,10,20,10,10,10,0,64,\N,\N,\N,\N,\N,\N,16
20178,833,666,151,9,10,\N,R,20,0,5,\N,\N,\N,\N,\N,\N,6
20179,835,529,113,17,9,5,5,5,1,136,\N,\N,\N,\N,\N,\N,12
20180,835,803,161,24,17,\N,R,27,0,108,\N,\N,\N,\N,\N,\N,51
20181,838,774,154,16,4,5,5,5,1,59,\N,\N,\N,\N,\N,\N,15
20182,838,627,154,26,15,6,6,6,0,56,\N,\N,\N,\N,\N,\N,18
20183,839,647,6,48,6,2,2,2,3,80,\N,\N,\N,\N,\N,\N,1
20184,839,579,51,60,7,\N,R,13,0,34,\N,\N,\N,\N,\N,\N,5
20185,826,675,113,9,3,3,3,3,2,200,+2:51.39,14429440,\N,\N,\N,\N,1
20186,828,579,51,8,7,1,1,1,5,77,3:22:11.0,12131000,\N,\N,\N,\N,1
20187,828,498,6,14,6,2,2,2,3,77,+58.2,12189200,\N,\N,\N,\N,1
20188,828,786,51,24,1,11,11,11,0,55,\N,\N,\N,\N,\N,\N,115
20189,831,642,51,40,7,3,3,3,3,79,\N,\N,\N,\N,\N,\N,11
20190,817,642,6,32,4,\N,R,10,0,51,\N,\N,\N,\N,\N,\N,121
20191,820,721,6,34,17,11,11,11,0,66,\N,\N,\N,\N,\N,\N,45
20192,820,501,105,16,12,\N,R,15,0,34,\N,\N,\N,\N,\N,\N,23
20193,823,759,105,16,16,9,9,9,0,83,\N,\N,\N,\N,\N,\N,17
20194,808,501,128,28,7,7,7,7,0,91,\N,\N,\N,\N,\N,\N,16
20195,809,518,113,3,9,3,3,3,2,200,+4:11.50,14233190,\N,\N,\N,\N,1
20196,809,555,113,59,2,4,4,4,1.5,200,+4:39.24,14260930,\N,\N,\N,\N,1
20197,809,513,113,2,25,7,7,7,0,200,+8:46.02,14507710,\N,\N,\N,\N,1
20198,809,521,114,98,6,9,9,9,0,196,\N,\N,\N,\N,\N,\N,3
20199,809,520,114,98,6,9,9,9,0,196,\N,\N,\N,\N,\N,\N,3
20200,809,702,113,73,19,12,12,12,0,190,\N,\N,\N,\N,\N,\N,88
20201,809,509,113,49,28,15,15,15,0,177,\N,\N,\N,\N,\N,\N,121
20202,809,612,113,92,10,16,16,16,0,177,\N,\N,\N,\N,\N,\N,109
20203,809,630,113,92,10,16,16,16,0,177,\N,\N,\N,\N,\N,\N,109
20204,809,804,113,23,14,17,17,17,0,176,\N,\N,\N,\N,\N,\N,117
20205,809,512,113,62,18,\N,R,19,0,166,\N,\N,\N,\N,\N,\N,44
20206,809,797,113,62,18,\N,R,19,0,166,\N,\N,\N,\N,\N,\N,44
20207,809,521,113,55,7,\N,R,23,0,107,\N,\N,\N,\N,\N,\N,25
20208,809,612,113,55,7,\N,R,23,0,107,\N,\N,\N,\N,\N,\N,25
20209,810,498,105,16,13,3,3,3,2,89,\N,\N,\N,\N,\N,\N,11
20210,811,579,105,6,10,\N,R,12,0,35,\N,\N,\N,\N,\N,\N,3
20211,814,633,6,1,1,8,8,8,0,17,\N,\N,\N,\N,\N,\N,11
20212,814,647,6,4,6,\N,R,17,1,15,\N,\N,\N,\N,\N,\N,5
20213,815,697,105,32,1,4,4,4,1.5,64,\N,\N,\N,\N,\N,\N,11
20214,815,579,105,30,10,\N,R,15,0,29,\N,\N,\N,\N,\N,\N,5
20215,816,577,105,56,12,7,7,7,0,76,\N,\N,\N,\N,\N,\N,14
20216,800,518,113,34,11,4,4,4,1.5,200,+2:52.68,13929950,\N,\N,\N,\N,1
20217,800,659,113,5,32,8,8,8,0,200,+5:01.17,14058440,\N,\N,\N,\N,1
20218,800,593,113,45,27,11,11,11,0,200,+8:22.19,14259460,\N,\N,\N,\N,1
20219,800,611,113,45,27,11,11,11,0,200,+8:22.19,14259460,\N,\N,\N,\N,1
20220,800,612,113,45,27,11,11,11,0,200,+8:22.19,14259460,\N,\N,\N,\N,1
20221,800,653,113,45,27,11,11,11,0,200,+8:22.19,14259460,\N,\N,\N,\N,1
20222,800,654,114,98,5,12,12,12,0,199,\N,\N,\N,\N,\N,\N,11
20223,800,613,113,16,8,15,15,15,0,196,\N,\N,\N,\N,\N,\N,14
20224,800,799,113,16,8,15,15,15,0,196,\N,\N,\N,\N,\N,\N,14
20225,800,529,113,16,8,15,15,15,0,196,\N,\N,\N,\N,\N,\N,14
20226,800,702,129,27,31,18,18,18,0,193,\N,\N,\N,\N,\N,\N,17
20227,800,730,113,71,33,19,19,19,0,193,\N,\N,\N,\N,\N,\N,17
20228,800,653,113,1,10,\N,R,20,0,191,\N,\N,\N,\N,\N,\N,20
20229,800,509,113,1,10,\N,R,20,0,191,\N,\N,\N,\N,\N,\N,20
20230,800,513,135,12,16,\N,R,22,0,172,\N,\N,\N,\N,\N,\N,31
20231,800,613,113,31,17,\N,R,23,0,168,\N,\N,\N,\N,\N,\N,8
20232,800,612,138,43,4,\N,R,24,0,165,\N,\N,\N,\N,\N,\N,31
20233,800,556,138,43,4,\N,R,24,0,165,\N,\N,\N,\N,\N,\N,31
20234,800,702,134,74,23,\N,R,25,0,165,\N,\N,\N,\N,\N,\N,22
20235,800,559,113,38,28,\N,R,28,0,110,\N,\N,\N,\N,\N,\N,3
20236,800,805,139,65,29,\N,R,30,0,104,\N,\N,\N,\N,\N,\N,48
20237,800,730,134,33,26,\N,R,31,0,101,\N,\N,\N,\N,\N,\N,23
20238,801,578,6,10,5,4,4,4,1.5,35,\N,\N,\N,\N,\N,\N,11
20239,803,541,105,6,10,\N,R,20,0,44,\N,\N,\N,\N,\N,\N,3
20240,803,647,105,32,27,\N,R,21,0,40,\N,\N,\N,\N,\N,\N,5
20241,804,578,6,1,5,2,2,2,3,22,+1:36.5,13642300,\N,\N,\N,\N,1
20242,806,498,6,38,13,3,3,3,3,78,\N,\N,\N,\N,\N,\N,12
20243,807,638,105,22,21,\N,R,11,0,57,\N,\N,\N,\N,\N,\N,5
20244,792,642,6,12,1,2,2,2,2,96,+1:29.6,10928200,\N,\N,\N,\N,1
20245,792,427,6,12,1,2,2,2,2,96,+1:29.6,10928200,\N,\N,\N,\N,1
20246,792,427,6,10,5,3,3,3,1.33,94,\N,\N,\N,\N,\N,\N,12
20247,792,620,6,10,5,3,3,3,1.33,94,\N,\N,\N,\N,\N,\N,12
20248,792,648,131,8,10,4,4,4,1,94,\N,\N,\N,\N,\N,\N,12
20249,792,475,131,8,10,4,4,4,1,94,\N,\N,\N,\N,\N,\N,12
20250,792,554,105,28,7,6,6,6,0,88,\N,\N,\N,\N,\N,\N,18
20251,792,644,105,22,18,7,7,7,0,83,\N,\N,\N,\N,\N,\N,53
20252,792,501,105,22,18,7,7,7,0,83,\N,\N,\N,\N,\N,\N,53
20253,792,554,105,20,19,\N,R,8,0,54,\N,\N,\N,\N,\N,\N,5
20254,792,577,105,20,19,\N,R,8,0,54,\N,\N,\N,\N,\N,\N,5
20255,792,501,105,26,20,\N,R,9,0,54,\N,\N,\N,\N,\N,\N,32
20256,792,496,105,26,20,\N,R,9,0,54,\N,\N,\N,\N,\N,\N,32
20257,792,633,132,36,12,\N,R,12,0,35,\N,\N,\N,\N,\N,\N,3
20258,793,607,105,34,5,3,3,3,2,99,\N,\N,\N,\N,\N,\N,11
20259,793,632,6,48,15,8,8,8,0,86,\N,\N,\N,\N,\N,\N,111
20260,793,554,105,40,11,\N,R,10,0,86,\N,\N,\N,\N,\N,\N,20
20261,794,555,113,10,2,2,2,2,3,200,+2:43.56,14203090,\N,\N,\N,\N,1
20262,794,519,113,77,7,5,5,5,1,200,+5:17.17,14356700,\N,\N,\N,\N,1
20263,795,554,105,24,13,5,5,5,1,35,\N,\N,\N,\N,\N,\N,11
20264,797,608,6,16,12,6,6,6,0,87,\N,\N,\N,\N,\N,\N,13
20265,797,501,118,28,15,9,9,9,0,72,\N,\N,\N,\N,\N,\N,114
20266,797,661,125,36,14,\N,R,19,0,19,\N,\N,\N,\N,\N,\N,7
20267,784,579,6,34,3,1,1,1,5,98,3:00:03.7,10803700,\N,\N,\N,\N,1
20268,784,583,105,10,11,4,4,4,1.5,92,\N,\N,\N,\N,\N,\N,16
20269,784,806,105,16,13,6,6,6,0,88,\N,\N,\N,\N,\N,\N,88
20270,785,579,6,26,9,2,2,2,4,100,+6.1,10839000,\N,\N,\N,\N,1
20271,785,608,6,20,1,4,4,4,1.5,99,\N,\N,\N,\N,\N,\N,11
20272,785,429,128,4,11,6,6,6,0,88,\N,\N,\N,\N,\N,\N,55
20273,786,532,113,10,14,\N,R,23,0,160,\N,\N,\N,\N,\N,\N,23
20274,787,475,105,34,9,3,3,3,3,36,+3:16.6,9796900,\N,\N,\N,\N,1
20275,788,475,105,6,13,5,5,5,1,59,\N,\N,\N,\N,\N,\N,12
20276,788,501,118,24,6,10,10,10,0,56,\N,\N,\N,\N,\N,\N,15
20277,789,581,6,4,12,2,2,2,3,100,\N,\N,\N,\N,\N,\N,11
20278,789,606,6,3,8,10,10,10,0,92,\N,\N,\N,\N,\N,\N,19
20281,791,579,6,26,7,2,2,2,3,50,+5.7,8627000,\N,\N,\N,\N,1
20282,791,608,6,22,1,8,8,8,0,46,\N,\N,\N,\N,\N,\N,14
20283,791,554,105,46,13,\N,R,13,0,42,\N,\N,\N,\N,\N,\N,38
20284,791,347,105,34,8,\N,R,20,0,7,\N,\N,\N,\N,\N,\N,5
20285,776,498,6,20,10,5,5,5,1,98,\N,\N,\N,\N,\N,\N,12
20286,776,581,6,18,11,6,6,6,0,98,\N,\N,\N,\N,\N,\N,12
20287,776,476,6,18,11,6,6,6,0,98,\N,\N,\N,\N,\N,\N,12
20288,777,578,6,24,9,\N,R,7,0,95,\N,\N,\N,\N,\N,\N,5
20289,777,501,105,34,14,\N,R,8,0,64,\N,\N,\N,\N,\N,\N,44
20290,779,356,87,24,15,7,7,7,0,68,\N,\N,\N,\N,\N,\N,19
20291,780,475,118,20,3,1,1,1,5,90,3:06:37.8,11197800,\N,\N,\N,\N,1
20292,780,581,6,16,9,4,4,4,0,88,\N,\N,\N,\N,\N,\N,12
20293,780,479,118,18,1,\N,R,12,0,51,\N,\N,\N,\N,\N,\N,5
20294,783,501,105,8,12,5,5,5,1,84,\N,\N,\N,\N,\N,\N,13
20295,783,638,105,28,16,11,11,11,0,72,\N,\N,\N,\N,\N,\N,112
20296,770,479,118,12,10,\N,R,14,0,35,\N,\N,\N,\N,\N,\N,5
20297,774,566,105,32,11,4,4,4,0,69,\N,\N,\N,\N,\N,\N,11
22372,746,475,170,38,8,3,3,3,0,80,+36.9,8306400,\N,\N,\N,\N,1
20299,742,486,102,26,20,\N,D,19,0,56,\N,\N,\N,\N,\N,\N,2
20300,728,373,172,1,1,1,1,1,9,85,2:10:36.9,7836900,\N,\N,\N,\N,1
20301,728,364,34,9,3,2,2,2,6,85,+1:06.8,7903700,\N,\N,\N,\N,1
20302,728,289,66,5,6,3,3,3,4,84,\N,\N,\N,\N,\N,\N,11
20303,728,360,170,10,9,4,4,4,3,84,\N,\N,\N,\N,\N,\N,11
20304,728,385,6,4,5,5,5,5,2,84,\N,\N,\N,\N,\N,\N,11
20305,728,347,170,12,11,6,6,6,1,83,\N,\N,\N,\N,\N,\N,12
20306,728,408,170,11,10,7,7,7,0,82,\N,\N,\N,\N,\N,\N,13
20307,728,401,172,2,8,8,8,8,0,81,\N,\N,\N,\N,\N,\N,14
20308,728,340,170,19,13,9,9,9,0,80,\N,\N,\N,\N,\N,\N,15
20309,728,430,95,14,20,10,10,10,0,79,\N,\N,\N,\N,\N,\N,16
20310,728,411,89,16,18,11,11,11,0,78,\N,\N,\N,\N,\N,\N,17
20311,728,409,167,23,19,12,12,12,0,77,\N,\N,\N,\N,\N,\N,18
20312,728,356,34,8,2,13,13,13,0,70,\N,\N,\N,\N,\N,\N,3
20313,728,412,180,21,15,14,14,14,0,66,\N,\N,\N,\N,\N,\N,124
20314,728,362,51,18,16,\N,R,15,0,53,\N,\N,\N,\N,\N,\N,6
20315,728,407,34,22,14,\N,R,16,0,49,\N,\N,\N,\N,\N,\N,51
20316,728,341,6,3,4,\N,R,17,0,43,\N,\N,\N,\N,\N,\N,5
20317,728,386,66,6,7,\N,R,18,0,43,\N,\N,\N,\N,\N,\N,86
20318,728,413,172,7,12,\N,R,19,0,3,\N,\N,\N,\N,\N,\N,5
20319,728,368,89,20,17,\N,R,20,0,2,\N,\N,\N,\N,\N,\N,86
20320,728,310,176,15,0,\N,W,21,0,0,\N,\N,\N,\N,\N,\N,3
20321,728,410,172,17,0,\N,W,22,0,0,\N,\N,\N,\N,\N,\N,54
20322,728,305,26,\N,0,\N,W,23,0,0,\N,\N,\N,\N,\N,\N,54
20323,337,4,6,8,3,1,1,1,25,49,1:39:20.396,5960396,45,1,1:58.287,191.706,1
20324,337,13,6,7,2,2,2,2,18,49,+16.099,5976495,38,5,1:59.732,189.392,1
20325,337,1,1,2,4,3,3,3,15,49,+23.182,5983578,42,4,1:59.560,189.665,1
20326,337,20,9,5,1,4,4,4,12,49,+38.799,5999195,32,12,2:00.218,188.627,1
20327,337,3,131,4,5,5,5,5,10,49,+40.213,6000609,45,13,2:00.236,188.599,1
20328,337,30,131,3,7,6,6,6,8,49,+44.163,6004559,45,11,2:00.204,188.649,1
20329,337,18,1,1,8,7,7,7,6,49,+45.280,6005676,45,9,1:59.970,189.017,1
20330,337,17,9,6,6,8,8,8,4,49,+46.360,6006756,45,3,1:59.487,189.781,1
20331,337,24,10,15,12,9,9,9,2,49,+53.008,6013404,39,7,1:59.906,189.118,1
20332,337,22,3,9,11,10,10,10,1,49,+62.489,6022885,47,6,1:59.833,189.233,1
20333,337,9,4,11,9,11,11,11,0,49,+69.093,6029489,33,14,2:00.474,188.226,1
20334,337,16,10,14,10,12,12,12,0,49,+82.958,6043354,49,2,1:59.393,189.93,1
20335,337,153,5,17,18,13,13,13,0,49,+92.656,6053052,28,8,1:59.964,189.026,1
20336,337,807,3,10,13,14,14,14,0,48,\N,\N,34,15,2:01.401,186.789,11
20337,337,5,205,19,21,15,15,15,0,47,\N,\N,47,17,2:02.701,184.81,12
20338,337,67,5,16,15,16,16,16,0,46,\N,\N,41,10,2:00.080,188.844,10
20339,337,15,205,18,20,17,17,17,0,46,\N,\N,34,18,2:02.930,184.465,9
20340,337,37,15,22,14,\N,R,18,0,28,\N,\N,27,16,2:01.650,186.406,9
20341,337,811,164,21,23,\N,R,19,0,17,\N,\N,14,22,2:09.127,175.613,25
20342,337,10,166,24,19,\N,R,20,0,16,\N,\N,11,21,2:07.062,178.467,6
20343,337,808,4,12,17,\N,R,21,0,13,\N,\N,7,19,2:04.307,182.422,22
20344,337,155,15,23,16,\N,R,22,0,11,\N,\N,4,20,2:05.044,181.347,9
20345,337,810,166,25,22,\N,R,23,0,2,\N,\N,2,23,2:09.361,175.295,9
20346,337,812,164,20,24,\N,R,24,0,1,\N,\N,\N,\N,\N,\N,3
20347,338,18,1,1,4,1,1,1,25,58,1:33:36.531,5616531,52,6,1:29.291,213.804,1
20348,338,9,4,11,9,2,2,2,18,58,+12.034,5628565,52,8,1:29.570,213.138,1
20349,338,13,6,7,5,3,3,3,15,58,+14.488,5631019,52,7,1:29.537,213.216,1
20350,338,4,6,8,3,4,4,4,12,58,+16.304,5632835,47,10,1:29.707,212.812,1
20351,338,3,131,4,6,5,5,5,10,58,+16.683,5633214,53,2,1:28.489,215.742,1
20352,338,1,1,2,11,6,6,6,8,58,+29.898,5646429,47,3,1:28.506,215.7,1
20353,338,24,10,15,13,7,7,7,6,58,+59.847,5676378,55,9,1:29.685,212.865,1
20354,338,22,3,9,8,8,8,8,4,58,+60.536,5677067,58,5,1:29.210,213.998,1
20355,338,17,9,6,2,9,9,9,2,58,+67.319,5683850,47,1,1:28.358,216.061,1
20356,338,30,131,3,7,10,10,10,1,58,+69.391,5685922,58,4,1:29.185,214.058,1
20357,338,153,5,17,17,11,11,11,0,58,+71.301,5687832,49,11,1:29.713,212.798,1
20358,338,37,15,22,14,12,12,12,0,58,+74.084,5690615,54,12,1:30.587,210.745,1
20359,338,5,205,19,19,13,13,13,0,56,\N,\N,52,14,1:33.638,203.878,12
20360,338,812,164,20,22,14,14,14,0,53,\N,\N,48,16,1:35.045,200.86,15
20361,338,10,166,24,23,\N,R,15,0,41,\N,\N,37,15,1:34.230,202.597,22
20362,338,810,166,25,24,\N,R,16,0,26,\N,\N,17,17,1:36.607,197.613,9
20363,338,20,9,5,1,\N,R,17,0,25,\N,\N,22,13,1:31.556,208.515,36
20364,338,16,10,14,10,\N,R,18,0,9,\N,\N,6,19,1:43.223,184.947,5
20365,338,808,4,12,18,\N,R,19,0,9,\N,\N,6,18,1:43.132,185.11,20
20366,338,811,164,21,21,\N,R,20,0,4,\N,\N,4,20,2:27.276,129.626,9
20367,338,67,5,16,12,\N,R,21,0,0,\N,\N,\N,\N,\N,\N,4
20368,338,807,3,10,15,\N,R,22,0,0,\N,\N,\N,\N,\N,\N,4
20369,338,155,15,23,16,\N,R,23,0,0,\N,\N,\N,\N,\N,\N,4
20370,338,15,205,18,20,\N,W,24,0,0,\N,\N,\N,\N,\N,\N,9
20371,339,20,9,5,3,1,1,1,25,56,1:33:48.412,5628412,53,6,1:37.813,204.009,1
20372,339,17,9,6,1,2,2,2,18,56,+4.849,5633261,53,1,1:37.054,205.605,1
20373,339,3,131,4,2,3,3,3,15,56,+13.504,5641916,53,8,1:38.129,203.352,1
20374,339,9,4,11,6,4,4,4,12,56,+18.589,5647001,55,7,1:38.074,203.466,1
20375,339,16,10,14,4,5,5,5,10,56,+21.059,5649471,55,9,1:38.160,203.288,1
20376,339,1,1,2,20,6,6,6,8,56,+23.471,5651883,32,4,1:37.745,204.151,1
20377,339,13,6,7,21,7,7,7,6,56,+27.068,5655480,48,5,1:37.784,204.07,1
20378,339,18,1,1,17,8,8,8,4,56,+37.918,5666330,49,10,1:38.501,202.584,1
20379,339,153,5,17,14,9,9,9,2,56,+70.602,5699014,44,13,1:39.489,200.572,1
20380,339,807,3,10,5,10,10,10,1,56,+73.399,5701811,51,11,1:39.124,201.311,1
20381,339,67,5,16,13,11,11,11,0,56,+78.938,5707350,54,3,1:37.610,204.433,1
20382,339,22,3,9,7,12,12,12,0,55,\N,\N,46,12,1:39.428,200.695,11
20383,339,4,6,8,19,13,13,13,0,54,\N,\N,41,2,1:37.231,205.23,5
20384,339,810,166,25,24,14,14,14,0,53,\N,\N,28,18,1:43.224,193.315,13
20385,339,812,164,20,22,15,15,15,0,53,\N,\N,40,21,1:44.790,190.426,13
20386,339,811,164,21,23,16,16,16,0,52,\N,\N,39,22,1:45.334,189.443,14
20387,339,15,205,18,18,17,17,17,0,51,\N,\N,31,20,1:43.753,192.329,15
20388,339,5,205,19,15,\N,N,18,0,46,\N,\N,44,17,1:42.701,194.299,88
20389,339,808,4,12,11,\N,R,19,0,32,\N,\N,32,14,1:40.693,198.174,6
20390,339,24,10,15,10,\N,R,20,0,12,\N,\N,9,16,1:42.594,194.502,37
20391,339,30,131,3,8,\N,R,21,0,9,\N,\N,9,15,1:42.084,195.474,36
20392,339,155,15,23,9,\N,R,22,0,8,\N,\N,6,19,1:43.340,193.098,5
20393,339,10,166,24,16,\N,R,23,0,2,\N,\N,2,23,1:46.388,187.566,20
20394,339,37,15,22,12,\N,W,24,0,0,\N,\N,\N,\N,\N,\N,5
20395,340,18,1,1,5,1,1,1,25,56,1:46:42.163,6402163,14,4,1:42.886,190.731,1
20396,340,1,1,2,6,2,2,2,18,56,+1.530,6403693,13,1,1:42.061,192.273,1
20397,340,3,131,4,4,3,3,3,15,56,+9.484,6411647,14,5,1:43.245,190.068,1
20398,340,4,6,8,3,4,4,4,12,56,+11.869,6414032,14,9,1:44.134,188.445,1
20399,340,9,4,11,8,5,5,5,10,56,+22.213,6424376,14,6,1:43.630,189.362,1
20400,340,20,9,5,1,6,6,6,8,56,+33.310,6435473,14,2,1:42.358,191.715,1
20401,340,808,4,12,14,7,7,7,6,56,+47.600,6449763,14,8,1:43.801,189.05,1
20402,340,17,9,6,2,8,8,8,4,56,+52.172,6454335,14,3,1:42.609,191.246,1
20403,340,13,6,7,7,9,9,9,2,56,+57.796,6459959,14,13,1:44.594,187.616,1
20404,340,30,131,3,9,10,10,10,1,56,+61.749,6463912,14,10,1:44.298,188.149,1
20405,340,16,10,14,10,11,11,11,0,56,+62.874,6465037,14,11,1:44.364,188.03,1
20406,340,22,3,9,11,12,12,12,0,56,+63.665,6465828,17,14,1:45.559,185.901,1
20407,340,153,5,17,12,13,13,13,0,56,+71.416,6473579,14,7,1:43.755,189.134,1
20408,340,5,205,19,21,14,14,14,0,55,\N,\N,14,15,1:47.141,183.156,11
20409,340,807,3,10,16,15,15,15,0,55,\N,\N,13,12,1:44.549,187.697,11
20410,340,811,164,21,23,16,16,16,0,54,\N,\N,16,17,1:48.216,181.337,12
20411,340,812,164,20,24,17,17,17,0,52,\N,\N,15,18,1:48.788,180.383,14
20412,340,15,205,18,20,\N,R,18,0,26,\N,\N,14,19,1:49.675,178.925,9
20413,340,810,166,25,22,\N,R,19,0,8,\N,\N,7,20,1:53.185,173.376,8
20414,340,37,15,22,17,\N,R,20,0,7,\N,\N,6,16,1:47.739,182.14,39
20415,340,67,5,16,13,\N,R,21,0,0,\N,\N,\N,\N,\N,\N,3
20416,340,155,15,23,15,\N,R,22,0,0,\N,\N,\N,\N,\N,\N,3
20417,340,24,10,15,18,\N,R,23,0,0,\N,\N,\N,\N,\N,\N,3
20418,340,10,166,24,19,\N,W,24,0,0,\N,\N,\N,\N,\N,\N,5
20419,341,17,9,6,1,1,1,1,25,66,1:35:44.101,5744101,62,2,1:24.828,197.552,1
20420,341,4,6,8,4,2,2,2,18,66,+24.065,5768166,57,3,1:24.846,197.51,1
20421,341,20,9,5,2,3,3,3,15,66,+51.338,5795439,56,5,1:25.176,196.745,1
20422,341,30,131,3,6,4,4,4,12,66,+62.195,5806296,64,10,1:25.529,195.933,1
20423,341,18,1,1,5,5,5,5,10,66,+63.728,5807829,64,4,1:25.166,196.768,1
20424,341,13,6,7,9,6,6,6,8,66,+65.767,5809868,64,9,1:25.497,196.006,1
20425,341,16,10,14,11,7,7,7,6,66,+72.941,5817042,65,13,1:25.845,195.212,1
20426,341,9,4,11,7,8,8,8,4,66,+73.677,5817778,66,7,1:25.466,196.077,1
20427,341,22,3,9,17,9,9,9,2,65,\N,\N,59,12,1:25.728,195.478,11
20428,341,153,5,17,15,10,10,10,1,65,\N,\N,63,11,1:25.655,195.645,11
20429,341,808,4,12,19,11,11,11,0,65,\N,\N,63,8,1:25.470,196.068,11
20430,341,155,15,23,10,12,12,12,0,65,\N,\N,62,15,1:26.083,194.672,11
20431,341,3,131,4,8,13,13,13,0,65,\N,\N,50,6,1:25.455,196.103,11
20432,341,1,1,2,3,14,14,14,0,64,\N,\N,59,1,1:24.357,198.655,29
20433,341,24,10,15,16,15,15,15,0,64,\N,\N,63,14,1:25.924,195.032,5
20434,341,807,3,10,13,16,16,16,0,64,\N,\N,63,17,1:26.863,192.924,12
20435,341,15,205,18,18,17,17,17,0,63,\N,\N,56,18,1:29.564,187.106,13
20436,341,10,166,24,22,18,18,18,0,63,\N,\N,60,19,1:29.776,186.664,13
20437,341,810,166,25,23,19,19,19,0,62,\N,\N,47,20,1:29.904,186.398,14
20438,341,67,5,16,14,\N,R,20,0,42,\N,\N,41,16,1:26.724,193.233,9
20439,341,812,164,20,24,\N,R,21,0,27,\N,\N,26,22,1:32.041,182.071,22
20440,341,37,15,22,12,\N,R,22,0,18,\N,\N,9,21,1:30.411,185.353,4
20441,341,811,164,21,21,\N,R,23,0,0,\N,\N,\N,\N,\N,\N,3
20442,341,5,205,19,20,\N,W,24,0,0,\N,\N,\N,\N,\N,\N,6
20443,342,17,9,6,1,1,1,1,25,78,1:50:13.355,6613355,63,2,1:15.318,159.643,1
20444,342,20,9,5,3,2,2,2,18,78,+0.448,6613803,71,1,1:15.192,159.91,1
20445,342,9,4,11,2,3,3,3,15,78,+1.675,6615030,72,3,1:15.353,159.568,1
20446,342,13,6,7,4,4,4,4,12,78,+2.666,6616021,68,4,1:15.503,159.251,1
20447,342,1,1,2,5,5,5,5,10,78,+4.363,6617718,68,10,1:16.219,157.755,1
20448,342,4,6,8,24,6,6,6,8,78,+6.341,6619696,73,6,1:15.905,158.408,1
20449,342,3,131,4,6,7,7,7,6,78,+6.651,6620006,65,7,1:15.959,158.295,1
20450,342,16,10,14,12,8,8,8,4,78,+6.970,6620325,72,8,1:15.963,158.287,1
20451,342,24,10,15,10,9,9,9,2,78,+7.305,6620660,72,9,1:16.142,157.915,1
20452,342,67,5,16,13,10,10,10,1,78,+8.199,6621554,68,13,1:16.493,157.19,1
20453,342,153,5,17,17,11,11,11,0,78,+9.135,6622490,73,11,1:16.381,157.421,1
20454,342,30,131,3,7,12,12,12,0,78,+25.712,6639067,71,5,1:15.580,159.089,1
20455,342,808,4,12,14,13,13,13,0,73,\N,\N,60,12,1:16.405,157.371,23
20456,342,812,164,20,23,14,14,14,0,70,\N,\N,69,19,1:19.553,151.144,4
20457,342,15,205,18,19,15,15,15,0,70,\N,\N,69,18,1:19.340,151.55,4
20458,342,5,205,19,18,\N,R,16,0,58,\N,\N,57,14,1:18.401,153.365,38
20459,342,811,164,21,22,\N,R,17,0,58,\N,\N,58,20,1:20.130,150.056,9
20460,342,22,3,9,9,\N,R,18,0,30,\N,\N,22,16,1:19.074,152.06,22
20461,342,155,15,23,16,\N,R,19,0,26,\N,\N,24,15,1:18.775,152.637,6
20462,342,810,166,25,21,\N,R,20,0,25,\N,\N,19,22,1:22.255,146.179,36
20463,342,10,166,24,20,\N,R,21,0,22,\N,\N,11,21,1:20.775,148.857,49
20464,342,37,15,22,15,\N,R,22,0,21,\N,\N,21,17,1:19.270,151.684,9
20465,342,18,1,1,8,\N,R,23,0,2,\N,\N,2,23,2:14.285,89.54,5
20466,342,807,3,10,11,\N,R,24,0,0,\N,\N,\N,\N,\N,\N,33
20467,343,1,1,2,2,1,1,1,25,58,1:28:47.620,5327620,54,12,1:30.075,213.342,1
20468,343,18,1,1,4,2,2,2,18,58,+2.645,5330265,42,7,1:29.895,213.769,1
20469,343,17,9,6,1,3,3,3,15,58,+24.285,5351905,54,2,1:29.195,215.447,1
20470,343,30,131,3,5,4,4,4,12,58,+31.110,5358730,53,6,1:29.810,213.971,1
20471,343,3,131,4,6,5,5,5,10,58,+32.266,5359886,52,9,1:29.977,213.574,1
20472,343,9,4,11,7,6,6,6,8,58,+32.824,5360444,57,4,1:29.580,214.521,1
20473,343,13,6,7,8,7,7,7,6,58,+36.635,5364255,58,10,1:29.996,213.529,1
20474,343,4,6,8,12,8,8,8,4,58,+46.544,5374164,56,11,1:30.011,213.493,1
20475,343,16,10,14,11,9,9,9,2,58,+49.029,5376649,55,8,1:29.959,213.617,1
20476,343,155,15,23,10,10,10,10,1,58,+65.650,5393270,42,16,1:30.891,211.426,1
20477,343,37,15,22,13,11,11,11,0,58,+65.944,5393564,50,14,1:30.421,212.525,1
20478,343,153,5,17,16,12,12,12,0,58,+67.800,5395420,50,3,1:29.535,214.628,1
20479,343,24,10,15,18,13,13,13,0,57,\N,\N,53,18,1:31.421,210.201,11
20480,343,22,3,9,15,14,14,14,0,57,\N,\N,53,17,1:30.933,211.329,11
20481,343,808,4,12,9,15,15,15,0,57,\N,\N,57,1,1:29.165,215.519,11
20482,343,67,5,16,14,16,16,16,0,57,\N,\N,57,5,1:29.588,214.501,11
20483,343,807,3,10,17,17,17,17,0,57,\N,\N,51,15,1:30.620,212.059,11
20484,343,10,166,24,21,18,18,18,0,55,\N,\N,48,19,1:32.265,208.278,13
20485,343,810,166,25,23,19,19,19,0,55,\N,\N,55,20,1:33.257,206.062,13
20486,343,812,164,20,24,20,20,20,0,52,\N,\N,37,24,1:34.585,203.169,48
20487,343,811,164,21,22,\N,R,21,0,46,\N,\N,35,21,1:34.247,203.898,32
20488,343,20,9,5,3,\N,R,22,0,39,\N,\N,37,13,1:30.181,213.091,4
20489,343,5,205,19,20,\N,R,23,0,33,\N,\N,26,22,1:34.363,203.647,9
20490,343,15,205,18,19,\N,R,24,0,32,\N,\N,26,23,1:34.463,203.432,9
20491,344,1,1,2,1,1,1,1,25,70,1:33:53.456,5633456,62,2,1:17.806,201.778,1
20492,344,18,1,1,4,2,2,2,18,70,+2.254,5635710,66,4,1:18.144,200.906,1
20493,344,4,6,8,3,3,3,3,15,70,+9.214,5642670,44,6,1:18.207,200.744,1
20494,344,20,9,5,2,4,4,4,12,70,+37.817,5671273,62,8,1:18.417,200.206,1
20495,344,17,9,6,7,5,5,5,10,70,+39.291,5672747,62,5,1:18.148,200.895,1
20496,344,3,131,4,10,6,6,6,8,70,+56.084,5689540,68,3,1:17.832,201.711,1
20497,344,9,4,11,8,7,7,7,6,70,+57.300,5690756,67,1,1:16.972,203.965,1
20498,344,67,5,16,15,8,8,8,4,69,\N,\N,39,15,1:19.784,196.776,11
20499,344,24,10,15,5,9,9,9,2,69,\N,\N,66,11,1:19.349,197.855,11
20500,344,16,10,14,9,10,10,10,1,69,\N,\N,68,13,1:19.530,197.404,11
20501,344,30,131,3,13,11,11,11,0,69,\N,\N,44,14,1:19.577,197.288,11
20502,344,153,5,17,16,12,12,12,0,69,\N,\N,69,16,1:19.842,196.633,11
20503,344,807,3,10,12,13,13,13,0,69,\N,\N,64,9,1:18.912,198.95,11
20504,344,22,3,9,11,14,14,14,0,69,\N,\N,65,10,1:19.175,198.289,11
20505,344,13,6,7,6,15,15,15,0,69,\N,\N,45,7,1:18.325,200.441,11
20506,344,5,205,19,19,16,16,16,0,68,\N,\N,65,18,1:20.654,194.653,12
20507,344,808,4,12,14,17,17,17,0,68,\N,\N,58,12,1:19.453,197.596,12
20508,344,812,164,20,24,18,18,18,0,66,\N,\N,47,21,1:21.884,191.729,14
20509,344,810,166,25,23,19,19,19,0,65,\N,\N,49,22,1:21.937,191.605,15
20510,344,10,166,24,21,\N,R,20,0,55,\N,\N,43,20,1:21.669,192.234,26
20511,344,15,205,18,20,\N,R,21,0,47,\N,\N,38,19,1:20.791,194.323,23
20512,344,37,15,22,17,\N,R,22,0,31,\N,\N,21,17,1:20.574,194.846,5
20513,344,811,164,21,22,\N,R,23,0,14,\N,\N,5,23,1:24.524,185.741,9
20514,344,155,15,23,18,\N,R,24,0,1,\N,\N,\N,\N,\N,\N,3
20515,345,20,9,5,1,1,1,1,25,57,1:40:29.571,6029571,52,3,1:39.141,196.774,1
20516,345,1,1,2,3,2,2,2,18,57,+5.042,6034613,56,4,1:39.156,196.744,1
20517,345,18,1,1,7,3,3,3,15,57,+12.658,6042229,54,1,1:38.766,197.521,1
20518,345,22,3,9,9,4,4,4,12,57,+25.627,6055198,56,5,1:39.489,196.085,1
20519,345,9,4,11,6,5,5,5,10,57,+27.122,6056693,55,7,1:39.542,195.981,1
20520,345,16,10,14,13,6,6,6,8,57,+30.168,6059739,52,8,1:39.803,195.469,1
20521,345,155,15,23,18,7,7,7,6,57,+30.965,6060536,57,6,1:39.517,196.03,1
20522,345,4,6,8,4,8,8,8,4,57,+32.809,6062380,50,10,1:39.889,195.3,1
20523,345,67,5,16,11,9,9,9,2,57,+36.299,6065870,53,11,1:40.084,194.92,1
20524,345,3,131,4,12,10,10,10,1,57,+44.382,6073953,57,9,1:39.878,195.322,1
20525,345,13,6,7,5,11,11,11,0,57,+46.621,6076192,52,13,1:40.208,194.679,1
20526,345,37,15,22,16,12,12,12,0,57,+47.414,6076985,56,16,1:40.430,194.248,1
20527,345,153,5,17,17,13,13,13,0,57,+48.239,6077810,55,15,1:40.327,194.448,1
20528,345,808,4,12,10,14,14,14,0,57,+48.287,6077858,57,12,1:40.100,194.889,1
20529,345,30,131,3,15,15,15,15,0,57,+48.826,6078397,53,2,1:38.968,197.118,1
20530,345,24,10,15,14,16,16,16,0,57,+50.890,6080461,52,14,1:40.305,194.49,1
20531,345,810,166,25,21,17,17,17,0,56,\N,\N,45,20,1:42.414,190.485,11
20532,345,812,164,20,23,18,18,18,0,55,\N,\N,51,22,1:43.820,187.905,12
20533,345,10,166,24,22,19,19,19,0,55,\N,\N,48,19,1:42.319,190.662,12
20534,345,811,164,21,24,20,20,20,0,55,\N,\N,55,21,1:42.927,189.536,12
20535,345,15,205,18,19,21,21,21,0,53,\N,\N,53,18,1:41.770,191.691,14
20536,345,807,3,10,8,\N,R,22,0,49,\N,\N,46,17,1:40.790,193.554,43
20537,345,5,205,19,20,\N,R,23,0,8,\N,\N,8,24,1:46.130,183.816,4
20538,345,17,9,6,2,\N,R,24,0,8,\N,\N,5,23,1:44.064,187.465,4
20539,346,17,9,6,2,1,1,1,25,52,1:24:38.200,5078200,45,4,1:32.364,229.608,1
20540,346,1,1,2,4,2,2,2,18,52,+1.360,5079560,43,6,1:32.758,228.633,1
20541,346,3,131,4,5,3,3,3,15,52,+21.307,5099507,50,7,1:32.952,228.156,1
20542,346,18,1,1,14,4,4,4,12,52,+21.986,5100186,52,9,1:33.003,228.031,1
20543,346,22,3,9,8,5,5,5,10,52,+31.456,5109656,50,11,1:33.615,226.54,1
20544,346,155,15,23,12,6,6,6,8,52,+32.171,5110371,52,10,1:33.558,226.678,1
20545,346,20,9,5,1,7,7,7,6,52,+36.734,5114934,52,3,1:31.967,230.6,1
20546,346,16,10,14,11,8,8,8,4,52,+40.932,5119132,42,16,1:34.337,224.806,1
20547,346,30,131,3,10,9,9,9,2,52,+41.599,5119799,47,15,1:34.171,225.203,1
20548,346,807,3,10,13,10,10,10,1,52,+42.012,5120212,48,13,1:33.989,225.639,1
20549,346,24,10,15,20,11,11,11,0,52,+42.459,5120659,51,14,1:34.018,225.569,1
20550,346,67,5,16,16,12,12,12,0,52,+47.627,5125827,52,8,1:32.980,228.087,1
20551,346,808,4,12,15,13,13,13,0,52,+59.374,5137574,52,5,1:32.484,229.311,1
20552,346,4,6,8,3,14,14,14,0,52,+62.385,5140585,52,1,1:30.874,233.373,1
20553,346,13,6,7,7,15,15,15,0,52,+67.489,5145689,52,2,1:31.646,231.407,1
20554,346,15,205,18,21,16,16,16,0,51,\N,\N,44,20,1:36.519,219.724,11
20555,346,5,205,19,18,17,17,17,0,51,\N,\N,48,18,1:36.251,220.336,11
20556,346,10,166,24,19,18,18,18,0,50,\N,\N,49,19,1:36.415,219.961,12
20557,346,812,164,20,23,19,19,19,0,50,\N,\N,40,23,1:38.798,214.656,12
20558,346,29,164,21,24,20,20,20,0,50,\N,\N,50,22,1:38.309,215.723,12
20559,346,153,5,17,17,\N,R,21,0,44,\N,\N,43,12,1:33.748,226.219,23
20560,346,37,15,22,9,\N,R,22,0,29,\N,\N,23,17,1:35.883,221.182,4
20561,346,9,4,11,6,\N,R,23,0,19,\N,\N,12,21,1:36.846,218.982,30
20562,346,810,166,25,22,\N,R,24,0,9,\N,\N,7,24,1:40.641,210.725,9
20563,347,4,6,8,2,1,1,1,25,67,1:27:38.864,5258864,66,2,1:15.880,217.005,1
20564,347,13,6,7,3,2,2,2,18,67,+4.196,5263060,66,3,1:16.097,216.386,1
20565,347,20,9,5,1,3,3,3,15,67,+5.121,5263985,67,1,1:15.824,217.166,1
20566,347,1,1,2,6,4,4,4,12,67,+26.896,5285760,65,5,1:16.503,215.238,1
20567,347,18,1,1,5,5,5,5,10,67,+29.482,5288346,65,4,1:16.451,215.385,1
20568,347,17,9,6,4,6,6,6,8,67,+43.606,5302470,57,9,1:16.678,214.747,1
20569,347,9,4,11,7,7,7,7,6,66,\N,\N,62,16,1:17.166,213.389,11
20570,347,3,131,4,9,8,8,8,4,66,\N,\N,66,8,1:16.609,214.94,11
20571,347,30,131,3,11,9,9,9,2,66,\N,\N,66,14,1:17.088,213.605,11
20572,347,808,4,12,13,10,10,10,1,66,\N,\N,62,17,1:17.198,213.3,11
20573,347,155,15,23,12,11,11,11,0,66,\N,\N,63,15,1:17.100,213.571,11
20574,347,22,3,9,8,12,12,12,0,66,\N,\N,63,13,1:17.029,213.768,11
20575,347,807,3,10,10,13,13,13,0,66,\N,\N,61,11,1:16.836,214.305,11
20576,347,37,15,22,14,14,14,14,0,66,\N,\N,61,6,1:16.527,215.171,11
20577,347,153,5,17,15,15,15,15,0,66,\N,\N,66,12,1:16.971,213.929,11
20578,347,24,10,15,21,16,16,16,0,65,\N,\N,64,7,1:16.596,214.977,12
20579,347,16,10,14,19,17,17,17,0,65,\N,\N,65,10,1:16.687,214.722,12
20580,347,10,166,24,23,18,18,18,0,64,\N,\N,62,18,1:18.211,210.538,13
20581,347,811,164,21,20,19,19,19,0,63,\N,\N,57,21,1:20.861,203.638,14
20582,347,5,205,19,18,\N,R,20,0,56,\N,\N,51,19,1:20.664,204.135,4
20583,347,810,166,25,24,\N,R,21,0,50,\N,\N,49,20,1:20.703,204.037,6
20584,347,29,164,20,22,\N,R,22,0,19,\N,\N,16,22,1:23.541,197.105,5
20585,347,15,205,18,17,\N,R,23,0,3,\N,\N,2,23,2:14.452,122.47,6
20586,347,67,5,16,16,\N,R,24,0,1,\N,\N,\N,\N,\N,\N,4
20587,348,17,9,6,2,1,1,1,25,70,1:41:05.571,6065571,46,2,1:22.651,190.821,1
20588,348,4,6,8,3,2,2,2,18,70,+17.821,6083392,67,4,1:23.195,189.573,1
20589,348,20,9,5,1,3,3,3,15,70,+19.252,6084823,70,1,1:22.362,191.491,1
20590,348,13,6,7,4,4,4,4,12,70,+27.474,6093045,69,5,1:23.329,189.269,1
20591,348,808,4,12,7,5,5,5,10,70,+73.192,6138763,61,6,1:23.799,188.207,1
20592,348,807,3,10,10,6,6,6,8,70,+76.723,6142294,66,7,1:24.204,187.302,1
20593,348,37,15,22,9,7,7,7,6,69,\N,\N,65,10,1:24.342,186.995,11
20594,348,18,1,1,11,8,8,8,4,69,\N,\N,61,8,1:24.205,187.3,11
20595,348,155,15,23,23,9,9,9,2,69,\N,\N,68,9,1:24.282,187.128,11
20596,348,22,3,9,12,10,10,10,1,69,\N,\N,68,3,1:22.811,190.452,11
20597,348,30,131,3,14,11,11,11,0,69,\N,\N,64,12,1:25.372,184.739,11
20598,348,67,5,16,15,12,12,12,0,69,\N,\N,58,13,1:25.449,184.573,11
20599,348,24,10,15,16,13,13,13,0,69,\N,\N,58,11,1:25.358,184.77,11
20600,348,5,205,19,19,14,14,14,0,67,\N,\N,64,18,1:27.457,180.335,13
20601,348,15,205,18,20,15,15,15,0,67,\N,\N,58,17,1:27.429,180.393,13
20602,348,10,166,24,18,16,16,16,0,67,\N,\N,59,19,1:27.674,179.889,13
20603,348,811,164,21,22,17,17,17,0,67,\N,\N,61,21,1:28.093,179.033,13
20604,348,810,166,25,21,18,18,18,0,66,\N,\N,62,16,1:27.287,180.686,14
20605,348,29,164,20,24,19,19,19,0,66,\N,\N,59,23,1:29.278,176.657,14
20606,348,1,1,2,5,\N,R,20,0,23,\N,\N,22,14,1:26.258,182.842,6
20607,348,9,4,11,8,\N,R,21,0,23,\N,\N,21,15,1:26.825,181.648,31
20608,348,3,131,4,6,\N,R,22,0,15,\N,\N,13,20,1:27.954,179.316,36
20609,348,16,10,14,13,\N,R,23,0,15,\N,\N,12,22,1:28.177,178.862,4
20610,348,153,5,17,17,\N,R,24,0,1,\N,\N,\N,\N,\N,\N,5
20611,349,1,1,2,2,1,1,1,25,44,1:29:04.268,5344268,32,1,1:49.069,231.178,1
20612,349,17,9,6,1,2,2,2,18,44,+1.571,5345839,32,2,1:49.395,230.489,1
20613,349,9,4,11,3,3,3,3,15,44,+3.493,5347761,29,3,1:49.807,229.624,1
20614,349,13,6,7,6,4,4,4,12,44,+8.264,5352532,26,4,1:50.111,228.99,1
20615,349,16,10,14,8,5,5,5,10,44,+9.094,5353362,25,5,1:50.477,228.232,1
20616,349,3,131,4,14,6,6,6,8,44,+12.359,5356627,31,10,1:51.688,225.757,1
20617,349,30,131,3,21,7,7,7,6,44,+15.548,5359816,32,13,1:51.914,225.301,1
20618,349,155,15,23,17,8,8,8,4,44,+16.678,5360946,29,11,1:51.749,225.634,1
20619,349,808,4,12,23,9,9,9,2,44,+23.851,5368119,32,7,1:51.175,226.799,1
20620,349,24,10,15,12,10,10,10,1,44,+34.831,5379099,31,14,1:52.267,224.593,1
20621,349,37,15,22,24,11,11,11,0,44,+36.019,5380287,31,15,1:52.537,224.054,1
20622,349,67,5,16,16,12,12,12,0,44,+39.895,5384163,30,17,1:52.966,223.203,1
20623,349,153,5,17,11,13,13,13,0,44,+49.457,5393725,31,9,1:51.576,225.984,1
20624,349,807,3,10,9,14,14,14,0,43,\N,\N,28,12,1:51.864,225.402,11
20625,349,20,9,5,4,15,15,15,0,43,\N,\N,22,6,1:50.868,227.427,11
20626,349,5,205,19,13,16,16,16,0,43,\N,\N,23,22,1:55.797,217.746,11
20627,349,810,166,25,22,17,17,17,0,43,\N,\N,25,21,1:55.705,217.919,11
20628,349,10,166,24,20,18,18,18,0,43,\N,\N,31,19,1:55.268,218.745,11
20629,349,15,205,18,15,19,19,19,0,43,\N,\N,24,18,1:55.103,219.059,11
20630,349,29,164,20,19,20,20,20,0,42,\N,\N,31,20,1:55.484,218.336,12
20631,349,4,6,8,10,\N,R,21,0,37,\N,\N,29,8,1:51.374,226.393,3
20632,349,18,1,1,5,\N,R,22,0,15,\N,\N,6,16,1:52.879,223.375,4
20633,349,811,164,21,18,\N,R,23,0,5,\N,\N,5,23,2:20.201,179.844,31
20634,349,22,3,9,7,\N,R,24,0,0,\N,\N,\N,\N,\N,\N,4
20635,350,4,6,8,1,1,1,1,25,53,1:16:24.572,4584572,52,1,1:24.139,247.861,1
20636,350,18,1,1,2,2,2,2,18,53,+2.938,4587510,46,8,1:24.598,246.516,1
20637,350,13,6,7,3,3,3,3,15,53,+4.223,4588795,51,6,1:24.575,246.583,1
20638,350,20,9,5,6,4,4,4,12,53,+28.196,4612768,50,4,1:24.493,246.822,1
20639,350,3,131,4,7,5,5,5,10,53,+29.942,4614514,52,3,1:24.491,246.828,1
20640,350,17,9,6,4,6,6,6,8,53,+31.276,4615848,52,2,1:24.278,247.452,1
20641,350,807,3,10,8,7,7,7,6,53,+32.812,4617384,52,7,1:24.576,246.58,1
20642,350,9,4,11,9,8,8,8,4,53,+34.028,4618600,48,5,1:24.560,246.627,1
20643,350,30,131,3,12,9,9,9,2,53,+44.948,4629520,49,11,1:24.947,245.503,1
20644,350,22,3,9,10,10,10,10,1,53,+64.213,4648785,48,14,1:25.239,244.662,1
20645,350,67,5,16,14,11,11,11,0,53,+65.056,4649628,51,13,1:25.224,244.705,1
20646,350,24,10,15,19,12,12,12,0,53,+66.106,4650678,51,12,1:25.102,245.056,1
20647,350,808,4,12,20,13,13,13,0,53,+78.919,4663491,53,9,1:24.644,246.382,1
20648,350,37,15,22,16,14,14,14,0,52,\N,\N,47,16,1:26.325,241.584,11
20649,350,153,5,17,15,15,15,15,0,52,\N,\N,51,15,1:25.472,243.995,11
20650,350,16,10,14,11,16,16,16,0,52,\N,\N,51,10,1:24.937,245.532,11
20651,350,10,166,24,24,17,17,17,0,51,\N,\N,50,17,1:27.765,237.62,12
20652,350,5,205,19,18,18,18,18,0,51,\N,\N,50,18,1:27.822,237.466,12
20653,350,29,164,20,23,19,19,19,0,51,\N,\N,45,20,1:28.875,234.653,12
20654,350,810,166,25,21,20,20,20,0,50,\N,\N,46,19,1:28.171,236.526,13
20655,350,15,205,18,17,\N,R,21,0,46,\N,\N,30,21,1:29.017,234.278,5
20656,350,811,164,21,22,\N,R,22,0,11,\N,\N,10,22,1:30.880,229.476,31
20657,350,1,1,2,5,\N,R,23,0,0,\N,\N,\N,\N,\N,\N,4
20658,350,155,15,23,13,\N,R,24,0,0,\N,\N,\N,\N,\N,\N,6
20659,351,4,6,8,1,1,1,1,25,61,1:57:53.579,7073579,58,1,1:47.976,169.137,1
20660,351,20,9,5,2,2,2,2,18,61,+0.293,7073872,59,2,1:48.141,168.879,1
20661,351,17,9,6,5,3,3,3,15,61,+29.141,7102720,54,5,1:49.706,166.47,1
20662,351,18,1,1,4,4,4,4,12,61,+30.384,7103963,61,7,1:49.711,166.462,1
20663,351,3,131,4,7,5,5,5,10,61,+49.394,7122973,55,8,1:50.125,165.837,1
20664,351,22,3,9,6,6,6,6,8,61,+56.101,7129680,52,9,1:50.334,165.522,1
20665,351,9,4,11,8,7,7,7,6,61,+86.559,7160138,56,3,1:49.255,167.157,1
20666,351,13,6,7,24,8,8,8,4,61,+113.297,7186876,45,12,1:52.079,162.945,1
20667,351,16,10,14,15,9,9,9,2,61,+132.416,7205995,45,15,1:52.473,162.374,1
20668,351,807,3,10,17,10,10,10,1,61,+132.791,7206370,45,13,1:52.213,162.751,1
20669,351,808,4,12,12,11,11,11,0,60,\N,\N,46,11,1:51.903,163.202,11
20670,351,153,5,17,11,12,12,12,0,60,\N,\N,43,14,1:52.333,162.577,11
20671,351,30,131,3,9,13,13,13,0,60,\N,\N,54,4,1:49.680,166.509,11
20672,351,67,5,16,13,14,14,14,0,60,\N,\N,59,6,1:49.710,166.464,11
20673,351,810,166,25,20,15,15,15,0,59,\N,\N,55,17,1:52.513,162.317,12
20674,351,5,205,19,19,16,16,16,0,58,\N,\N,53,18,1:53.051,161.544,5
20675,351,10,166,24,18,\N,R,17,0,49,\N,\N,38,19,1:53.559,160.822,9
20676,351,2,15,22,14,\N,R,18,0,36,\N,\N,29,16,1:52.475,162.372,4
20677,351,1,1,2,3,\N,R,19,0,35,\N,\N,31,10,1:50.750,164.901,4
20678,351,32,164,20,22,\N,R,20,0,31,\N,\N,23,22,1:57.766,155.077,9
20679,351,155,15,23,10,\N,R,21,0,30,\N,\N,22,20,1:53.957,160.26,3
20680,351,811,164,21,23,\N,R,22,0,29,\N,\N,19,23,1:57.962,154.819,3
20681,351,15,205,18,21,\N,R,23,0,27,\N,\N,20,21,1:56.386,156.915,9
20682,351,24,10,15,16,\N,R,24,0,1,\N,\N,\N,\N,\N,\N,4
20683,352,20,9,5,1,1,1,1,25,53,1:30:27.323,5427323,51,3,1:33.653,223.219,1
20684,352,17,9,6,2,2,2,2,18,53,+0.905,5428228,53,1,1:33.474,223.647,1
20685,352,4,6,8,4,3,3,3,15,53,+2.721,5430044,53,4,1:33.823,222.815,1
20686,352,18,1,1,5,4,4,4,12,53,+13.522,5440845,53,2,1:33.529,223.515,1
20687,352,1,1,2,8,5,5,5,10,53,+39.595,5466918,35,9,1:35.182,219.633,1
20688,352,30,131,3,10,6,6,6,8,53,+59.933,5487256,52,7,1:34.853,220.395,1
20689,352,155,15,23,14,7,7,7,6,53,+64.038,5491361,50,6,1:34.486,221.251,1
20690,352,2,15,22,11,8,8,8,4,53,+69.648,5496971,52,10,1:35.521,218.854,1
20691,352,22,3,9,7,9,9,9,2,53,+70.846,5498169,53,11,1:35.597,218.68,1
20692,352,67,5,16,18,10,10,10,1,53,+72.806,5500129,52,8,1:35.116,219.786,1
20693,352,153,5,17,16,11,11,11,0,52,\N,\N,49,5,1:34.365,221.535,11
20694,352,5,205,19,20,12,12,12,0,52,\N,\N,51,14,1:37.620,214.148,11
20695,352,15,205,18,19,13,13,13,0,51,\N,\N,28,15,1:39.710,209.66,12
20696,352,10,166,24,22,14,14,14,0,51,\N,\N,51,17,1:39.813,209.443,12
20697,352,811,164,21,23,15,15,15,0,51,\N,\N,49,18,1:40.329,208.366,12
20698,352,29,164,20,24,16,16,16,0,50,\N,\N,33,16,1:39.806,209.458,13
20699,352,3,131,4,6,\N,R,17,0,47,\N,\N,44,12,1:36.108,217.517,22
20700,352,16,10,14,15,\N,R,18,0,44,\N,\N,43,13,1:36.319,217.041,44
20701,352,9,4,11,3,\N,R,19,0,2,\N,\N,2,19,2:41.378,129.541,36
20702,352,807,3,10,9,\N,R,20,0,0,\N,\N,\N,\N,\N,\N,3
20703,352,13,6,7,12,\N,R,21,0,0,\N,\N,\N,\N,\N,\N,3
20704,352,808,4,12,13,\N,R,22,0,0,\N,\N,\N,\N,\N,\N,3
20705,352,24,10,15,17,\N,R,23,0,0,\N,\N,\N,\N,\N,\N,3
20706,352,810,166,25,21,\N,R,24,0,0,\N,\N,\N,\N,\N,\N,22
20707,353,4,6,8,3,1,1,1,25,55,2:48:20.810,10100810,42,1,1:50.257,183.335,1
20708,353,1,1,2,4,2,2,2,18,55,+14.999,10115809,42,3,1:50.430,183.048,1
20709,353,13,6,7,6,3,3,3,15,55,+30.868,10131678,44,4,1:50.502,182.928,1
20710,353,30,131,3,9,4,4,4,12,55,+39.688,10140498,43,8,1:51.835,180.748,1
20711,353,9,4,11,8,5,5,5,10,55,+47.734,10148544,45,7,1:51.604,181.122,1
20712,353,24,10,15,17,6,6,6,8,55,+53.571,10154381,45,5,1:51.371,181.501,1
20713,353,22,3,9,10,7,7,7,6,55,+69.257,10170067,45,6,1:51.564,181.187,1
20714,353,155,15,23,12,8,8,8,4,55,+77.889,10178699,42,14,1:53.086,178.748,1
20715,353,2,15,22,13,9,9,9,2,55,+80.107,10180917,42,15,1:53.263,178.469,1
20716,353,807,3,10,11,10,10,10,1,55,+80.851,10181661,43,10,1:51.982,180.511,1
20717,353,153,5,17,15,11,11,11,0,55,+84.146,10184956,43,9,1:51.962,180.543,1
20718,353,18,1,1,7,12,12,12,0,55,+89.939,10190749,42,11,1:52.193,180.171,1
20719,353,5,205,19,21,13,13,13,0,54,\N,\N,43,16,1:55.018,175.746,11
20720,353,811,164,21,24,14,14,14,0,53,\N,\N,30,20,1:59.290,169.452,12
20721,353,29,164,20,23,15,15,15,0,53,\N,\N,36,19,1:58.313,170.851,12
20722,353,16,10,14,14,\N,R,16,0,46,\N,\N,40,12,1:52.601,179.518,4
20723,353,20,9,5,1,\N,R,17,0,45,\N,\N,44,2,1:50.375,183.139,5
20724,353,808,4,12,20,\N,R,18,0,39,\N,\N,39,13,1:53.031,178.835,3
20725,353,10,166,24,19,\N,R,19,0,31,\N,\N,29,18,1:58.102,171.157,4
20726,353,67,5,16,16,\N,R,20,0,30,\N,\N,27,17,1:56.768,173.112,4
20727,353,810,166,25,22,\N,R,21,0,25,\N,\N,25,23,2:02.635,164.83,3
20728,353,15,205,18,18,\N,R,22,0,25,\N,\N,20,24,2:05.161,161.503,9
20729,353,17,9,6,2,\N,R,23,0,18,\N,\N,18,21,2:00.025,168.414,3
20730,353,3,131,4,5,\N,R,24,0,18,\N,\N,18,22,2:00.652,167.539,4
20731,354,20,9,5,2,1,1,1,25,71,1:33:11.803,5591803,70,6,1:14.283,208.828,1
20732,354,17,9,6,3,2,2,2,18,71,+4.243,5596046,69,4,1:14.047,209.493,1
20733,354,4,6,8,5,3,3,3,15,71,+6.807,5598610,67,2,1:13.855,210.038,1
20734,354,1,1,2,4,4,4,4,12,71,+14.634,5606437,66,1,1:13.851,210.049,1
20735,354,18,1,1,11,5,5,5,10,71,+15.593,5607396,71,3,1:13.932,209.819,1
20736,354,3,131,4,13,6,6,6,8,71,+35.320,5627123,65,5,1:14.184,209.107,1
20737,354,30,131,3,8,7,7,7,6,71,+43.456,5635259,71,12,1:15.219,206.229,1
20738,354,807,3,10,1,8,8,8,4,70,\N,\N,70,8,1:14.985,206.873,11
20739,354,9,4,11,7,9,9,9,2,70,\N,\N,61,11,1:15.161,206.388,11
20740,354,155,15,23,12,10,10,10,1,70,\N,\N,65,7,1:14.748,207.529,11
20741,354,153,5,17,14,11,11,11,0,70,\N,\N,68,16,1:15.695,204.932,11
20742,354,16,10,14,22,12,12,12,0,70,\N,\N,64,9,1:14.997,206.84,11
20743,354,67,5,16,19,13,13,13,0,70,\N,\N,69,17,1:15.935,204.285,11
20744,354,22,3,9,6,14,14,14,0,70,\N,\N,69,13,1:15.227,206.207,11
20745,354,13,6,7,9,15,15,15,0,70,\N,\N,69,14,1:15.330,205.925,11
20746,354,808,4,12,10,16,16,16,0,70,\N,\N,70,15,1:15.485,205.503,11
20747,354,2,15,22,15,17,17,17,0,70,\N,\N,68,10,1:15.068,206.644,11
20748,354,5,205,19,20,18,18,18,0,69,\N,\N,69,20,1:17.161,201.039,12
20749,354,15,205,18,18,19,19,19,0,69,\N,\N,69,21,1:17.316,200.636,12
20750,354,10,166,24,17,20,20,20,0,69,\N,\N,66,23,1:17.695,199.657,12
20751,354,811,164,21,24,21,21,21,0,69,\N,\N,66,24,1:17.731,199.565,12
20752,354,32,164,20,23,22,22,22,0,65,\N,\N,63,22,1:17.690,199.67,16
20753,354,810,166,25,21,\N,N,23,0,62,\N,\N,60,18,1:16.767,202.071,19
20754,354,24,10,15,16,\N,R,24,0,49,\N,\N,37,19,1:16.940,201.616,3
20755,355,20,9,5,1,1,1,1,25,55,1:39:36.837,5976837,50,4,1:41.739,196.526,1
20756,355,1,1,2,2,2,2,2,18,55,+10.162,5986999,47,1,1:41.274,197.428,1
20757,355,18,1,1,4,3,3,3,15,55,+11.047,5987884,48,2,1:41.636,196.725,1
20758,355,3,131,4,9,4,4,4,12,55,+30.747,6007584,52,3,1:41.711,196.58,1
20759,355,9,4,11,11,5,5,5,10,55,+39.026,6015863,51,5,1:41.753,196.499,1
20760,355,808,4,12,10,6,6,6,8,55,+43.520,6020357,52,8,1:42.311,195.427,1
20761,355,4,6,8,3,7,7,7,6,55,+43.797,6020634,52,7,1:42.227,195.588,1
20762,355,17,9,6,5,8,8,8,4,55,+44.243,6021080,52,6,1:42.196,195.647,1
20763,355,153,5,17,17,9,9,9,2,55,+50.201,6027038,49,15,1:42.727,194.636,1
20764,355,13,6,7,6,10,10,10,1,55,+50.868,6027705,52,14,1:42.725,194.64,1
20765,355,2,15,22,14,11,11,11,0,55,+51.551,6028388,52,12,1:42.673,194.738,1
20766,355,22,3,9,7,12,12,12,0,55,+57.686,6034523,50,11,1:42.669,194.746,1
20767,355,16,10,14,13,13,13,13,0,55,+58.325,6035162,52,13,1:42.695,194.696,1
20768,355,155,15,23,12,14,14,14,0,55,+59.558,6036395,53,16,1:42.733,194.624,1
20769,355,67,5,16,18,15,15,15,0,55,+63.178,6040015,50,10,1:42.573,194.928,1
20770,355,807,3,10,15,16,16,16,0,55,+64.763,6041600,51,9,1:42.397,195.263,1
20771,355,5,205,19,20,17,17,17,0,54,\N,\N,52,17,1:45.378,189.739,11
20772,355,810,166,25,22,18,18,18,0,53,\N,\N,50,19,1:46.126,188.402,12
20773,355,811,164,21,23,19,19,19,0,53,\N,\N,52,20,1:46.255,188.173,12
20774,355,32,164,20,24,20,20,20,0,53,\N,\N,44,21,1:46.646,187.483,12
20775,355,15,205,18,19,21,21,21,0,51,\N,\N,42,18,1:45.979,188.663,65
20776,355,10,166,24,21,\N,R,22,0,43,\N,\N,39,22,1:46.837,187.148,6
20777,355,30,131,3,8,\N,R,23,0,0,\N,\N,\N,\N,\N,\N,4
20778,355,24,10,15,16,\N,R,24,0,0,\N,\N,\N,\N,\N,\N,4
20779,841,20,9,1,1,1,1,1,25,58,1:29:30.259,5370259,44,4,1:29.844,212.488,1
20780,841,1,1,3,2,2,2,2,18,58,+22.297,5392556,41,8,1:30.314,211.382,1
20781,841,808,4,10,6,3,3,3,15,58,+30.560,5400819,55,7,1:30.064,211.969,1
20782,841,4,6,5,5,4,4,4,12,58,+31.772,5402031,49,2,1:29.487,213.336,1
20783,841,17,9,2,3,5,5,5,10,58,+38.171,5408430,50,3,1:29.600,213.066,1
20784,841,18,1,4,4,6,6,6,8,58,+54.304,5424563,49,5,1:29.883,212.396,1
20785,841,13,6,6,8,7,7,7,6,58,+85.186,5455445,55,1,1:28.947,214.631,1
20786,841,67,5,18,10,8,8,8,4,57,\N,\N,44,11,1:30.836,210.167,11
20787,841,16,10,14,16,9,9,9,2,57,\N,\N,55,13,1:31.526,208.583,11
20788,841,814,10,15,14,10,10,10,1,57,\N,\N,40,14,1:31.941,207.641,11
20789,841,153,5,19,12,11,11,11,0,57,\N,\N,41,10,1:30.467,211.025,11
20790,841,2,4,9,18,12,12,12,0,57,\N,\N,43,15,1:32.377,206.661,11
20791,841,15,205,21,20,13,13,13,0,56,\N,\N,52,16,1:32.550,206.275,12
20792,841,816,166,25,22,14,14,14,0,54,\N,\N,44,19,1:34.523,201.969,14
20793,841,10,166,24,21,\N,N,15,0,49,\N,\N,48,22,1:35.789,199.3,19
20794,841,22,3,11,17,\N,R,16,0,48,\N,\N,47,12,1:31.404,208.861,7
20795,841,3,131,8,7,\N,R,17,0,22,\N,\N,21,17,1:33.503,204.173,4
20796,841,5,205,20,19,\N,R,18,0,19,\N,\N,19,20,1:34.918,201.129,47
20797,841,30,131,7,11,\N,R,19,0,19,\N,\N,13,21,1:35.319,200.283,4
20798,841,813,3,12,15,\N,R,20,0,9,\N,\N,7,18,1:34.102,202.873,7
20799,841,155,15,16,9,\N,D,21,0,58,+76.872,5447131,51,9,1:30.384,211.218,2
20800,841,815,15,17,13,\N,D,22,0,58,+65.845,5436104,39,6,1:29.962,212.209,2
20801,842,20,9,1,1,1,1,1,25,56,1:37:39.832,5859832,33,6,1:41.539,196.523,1
20802,842,18,1,4,4,2,2,2,18,56,+3.261,5863093,50,4,1:41.264,197.057,1
20803,842,2,4,9,6,3,3,3,15,56,+25.075,5884907,47,7,1:41.547,196.508,1
20804,842,17,9,2,3,4,4,4,12,56,+26.384,5886216,46,1,1:40.571,198.415,1
20805,842,13,6,6,7,5,5,5,10,56,+36.958,5896790,41,9,1:41.999,195.637,1
20806,842,4,6,5,5,6,6,6,8,56,+37.248,5897080,49,2,1:40.717,198.127,1
20807,842,155,15,16,10,7,7,7,6,56,+66.439,5926271,39,10,1:42.095,195.453,1
20808,842,1,1,3,2,8,8,8,4,56,+69.957,5929789,54,5,1:41.512,196.575,1
20809,842,30,131,7,11,9,9,9,2,56,+84.896,5944728,45,11,1:42.491,194.698,1
20810,842,814,10,15,14,10,10,10,1,56,+91.563,5951395,48,13,1:42.883,193.956,1
20811,842,16,10,14,17,11,11,11,0,55,+101.379,5961211,34,14,1:42.973,193.786,11
20812,842,3,131,8,9,12,12,12,0,55,\N,\N,45,8,1:41.778,196.062,11
20813,842,67,5,18,12,13,13,13,0,55,\N,\N,36,12,1:42.659,194.379,11
20814,842,153,5,19,13,14,14,14,0,55,\N,\N,37,17,1:43.744,192.346,11
20815,842,5,205,20,19,15,15,15,0,55,\N,\N,43,16,1:43.677,192.47,11
20816,842,10,166,24,21,16,16,16,0,54,\N,\N,50,20,1:45.357,189.401,12
20817,842,808,4,10,8,17,17,17,0,52,\N,\N,49,3,1:41.054,197.466,3
20818,842,24,164,23,23,\N,R,18,0,46,\N,\N,42,23,1:46.521,187.332,88
20819,842,816,166,25,22,\N,R,19,0,42,\N,\N,41,19,1:45.346,189.421,3
20820,842,15,205,21,20,\N,R,20,0,31,\N,\N,23,18,1:45.280,189.54,8
20821,842,815,15,17,16,\N,R,21,0,23,\N,\N,19,15,1:43.298,193.177,3
20822,842,22,3,11,15,\N,R,22,0,22,\N,\N,10,21,1:45.516,189.116,6
20823,842,39,164,22,24,\N,R,23,0,14,\N,\N,5,24,1:49.385,182.427,128
20824,842,813,3,12,18,\N,R,24,0,8,\N,\N,5,22,1:45.689,188.806,129
20825,843,1,1,3,3,1,1,1,25,56,1:36:58.226,5818226,48,2,1:40.415,195.424,1
20826,843,20,9,1,1,2,2,2,18,56,+5.198,5823424,47,8,1:41.321,193.677,1
20827,843,17,9,2,18,3,3,3,15,56,+7.555,5825781,42,1,1:38.993,198.232,1
20828,843,18,1,4,2,4,4,4,12,56,+10.000,5828226,39,3,1:40.623,195.021,1
20829,843,3,131,8,4,5,5,5,10,56,+13.448,5831674,41,5,1:41.166,193.974,1
20830,843,13,6,6,6,6,6,6,8,56,+15.840,5834066,39,10,1:41.678,192.997,1
20831,843,4,6,5,5,7,7,7,6,56,+30.622,5848848,41,15,1:42.070,192.256,1
20832,843,30,131,7,14,8,8,8,4,56,+31.026,5849252,46,6,1:41.215,193.88,1
20833,843,808,4,10,10,9,9,9,2,56,+57.404,5875630,50,7,1:41.261,193.792,1
20834,843,155,15,16,13,10,10,10,1,56,+63.273,5881499,32,17,1:42.577,191.306,1
20835,843,814,10,15,8,11,11,11,0,56,+68.757,5886983,45,18,1:42.614,191.237,1
20836,843,2,4,9,16,12,12,12,0,56,+72.739,5890965,51,16,1:42.406,191.625,1
20837,843,22,3,11,15,13,13,13,0,56,+90.189,5908415,45,13,1:42.031,192.329,1
20838,843,67,5,18,9,14,14,14,0,56,+90.671,5908897,45,11,1:41.696,192.963,1
20839,843,16,10,14,11,15,15,15,0,55,\N,\N,54,4,1:41.157,193.991,11
20840,843,5,205,20,19,16,16,16,0,55,\N,\N,45,19,1:42.672,191.129,11
20841,843,815,15,17,12,17,17,17,0,55,\N,\N,39,9,1:41.643,193.063,11
20842,843,813,3,12,17,18,18,18,0,55,\N,\N,46,12,1:41.702,192.951,11
20843,843,15,205,21,20,19,19,19,0,55,\N,\N,53,14,1:42.052,192.29,11
20844,843,816,166,25,21,20,20,20,0,54,\N,\N,45,22,1:44.806,187.237,12
20845,843,10,166,24,22,21,21,21,0,54,\N,\N,54,21,1:44.381,187.999,12
20846,843,24,164,23,23,22,22,22,0,54,\N,\N,52,20,1:43.384,189.812,12
20847,843,39,164,22,24,23,23,23,0,54,\N,\N,41,24,1:46.081,184.986,12
20848,843,153,5,19,7,\N,R,24,0,9,\N,\N,5,23,1:45.700,185.653,36
20849,844,20,9,1,1,1,1,1,25,58,1:30:17.558,5417558,50,3,1:29.937,213.669,1
20850,844,17,9,2,2,2,2,2,18,58,+8.807,5426365,48,1,1:29.703,214.226,1
20851,844,4,6,5,5,3,3,3,15,58,+10.075,5427633,48,6,1:30.279,212.86,1
20852,844,1,1,3,4,4,4,4,12,58,+40.232,5457790,48,4,1:30.108,213.264,1
20853,844,3,131,8,3,5,5,5,10,58,+47.539,5465097,47,7,1:30.573,212.169,1
20854,844,18,1,4,6,6,6,6,8,58,+59.431,5476989,47,13,1:31.167,210.786,1
20855,844,2,4,9,9,7,7,7,6,58,+60.857,5478415,52,5,1:30.158,213.145,1
20856,844,808,4,10,7,8,8,8,4,58,+68.168,5485726,48,8,1:30.618,212.063,1
20857,844,67,5,18,16,9,9,9,2,58,+69.394,5486952,44,14,1:31.360,210.341,1
20858,844,155,15,16,24,10,10,10,1,58,+78.021,5495579,45,10,1:31.038,211.085,1
20859,844,13,6,6,10,11,11,11,0,58,+79.823,5497381,57,11,1:31.118,210.9,1
20860,844,30,131,7,8,12,12,12,0,58,+85.444,5503002,47,12,1:31.153,210.819,1
20861,844,16,10,14,12,13,13,13,0,57,\N,\N,43,16,1:32.070,208.719,11
20862,844,815,15,17,15,14,14,14,0,57,\N,\N,46,9,1:30.797,211.645,11
20863,844,22,3,11,11,15,15,15,0,57,\N,\N,46,17,1:32.079,208.699,11
20864,844,153,5,19,17,16,16,16,0,57,\N,\N,57,2,1:29.894,213.771,11
20865,844,813,3,12,14,17,17,17,0,57,\N,\N,44,15,1:32.044,208.778,11
20866,844,15,205,21,19,18,18,18,0,57,\N,\N,49,20,1:32.862,206.939,11
20867,844,5,205,20,18,19,19,19,0,56,\N,\N,55,19,1:32.695,207.312,12
20868,844,816,166,25,23,20,20,20,0,56,\N,\N,55,23,1:34.971,202.343,12
20869,844,39,164,22,22,21,21,21,0,55,\N,\N,51,21,1:33.948,204.547,13
20870,844,24,164,23,20,22,22,22,0,53,\N,\N,41,22,1:34.699,202.925,15
20871,844,814,10,15,13,\N,R,23,0,44,\N,\N,40,18,1:32.519,207.706,31
20872,844,10,166,24,21,\N,W,24,0,0,\N,\N,\N,0,\N,\N,6
20873,845,20,9,1,2,1,1,1,25,66,1:39:03.301,5943301,60,4,1:27.162,192.262,1
20874,845,1,1,3,3,2,2,2,18,66,+0.630,5943931,52,1,1:26.727,193.227,1
20875,845,18,1,4,5,3,3,3,15,66,+35.697,5978998,63,7,1:27.518,191.48,1
20876,845,17,9,2,1,4,4,4,12,66,+47.966,5991267,50,5,1:27.187,192.207,1
20877,845,4,6,5,4,5,5,5,10,65,\N,\N,22,9,1:28.737,188.85,11
20878,845,30,131,7,10,6,6,6,8,65,\N,\N,34,15,1:29.463,187.317,11
20879,845,3,131,8,7,7,7,7,6,65,\N,\N,34,13,1:29.155,187.964,11
20880,845,2,4,9,24,8,8,8,4,65,\N,\N,61,3,1:26.958,192.713,11
20881,845,815,15,17,12,9,9,9,2,65,\N,\N,55,6,1:27.247,192.075,11
20882,845,155,15,16,14,10,10,10,1,65,\N,\N,52,8,1:27.615,191.268,11
20883,845,808,4,10,6,11,11,11,0,65,\N,\N,35,17,1:29.592,187.047,11
20884,845,814,10,15,16,12,12,12,0,65,\N,\N,42,16,1:29.469,187.305,11
20885,845,16,10,14,17,13,13,13,0,65,\N,\N,52,10,1:28.791,188.735,11
20886,845,67,5,18,11,14,14,14,0,65,\N,\N,27,18,1:30.049,186.098,11
20887,845,813,3,12,9,15,15,15,0,65,\N,\N,64,14,1:29.391,187.468,11
20888,845,153,5,19,13,16,16,16,0,64,\N,\N,52,12,1:29.132,188.013,12
20889,845,22,3,11,19,17,17,17,0,64,\N,\N,60,2,1:26.891,192.862,12
20890,845,15,205,21,18,18,18,18,0,64,\N,\N,34,20,1:30.783,184.594,12
20891,845,10,166,24,20,19,19,19,0,63,\N,\N,40,21,1:31.635,182.877,13
20892,845,816,166,25,23,20,20,20,0,62,\N,\N,36,22,1:32.549,181.071,14
20893,845,39,164,22,22,21,21,21,0,61,\N,\N,33,23,1:32.848,180.488,15
20894,845,13,6,6,8,\N,R,22,0,58,\N,\N,24,11,1:29.081,188.12,6
20895,845,5,205,20,15,\N,R,23,0,48,\N,\N,34,19,1:30.618,184.93,3
20896,845,24,164,23,21,\N,R,24,0,28,\N,\N,22,24,1:33.884,178.496,6
20897,846,20,9,1,1,1,1,1,25,78,2:09:38.373,7778373,78,2,1:16.267,157.656,1
20898,846,4,6,5,4,2,2,2,18,78,+1.138,7779511,77,4,1:16.471,157.236,1
20899,846,18,1,4,2,3,3,3,15,78,+2.378,7780751,78,3,1:16.463,157.252,1
20900,846,17,9,2,3,4,4,4,12,78,+23.101,7801474,78,1,1:16.234,157.724,1
20901,846,155,15,16,12,5,5,5,10,78,+26.916,7805289,76,7,1:18.308,153.547,1
20902,846,1,1,3,9,6,6,6,8,78,+47.210,7825583,54,5,1:17.847,154.456,1
20903,846,16,10,14,14,7,7,7,6,77,\N,\N,77,13,1:18.872,152.449,11
20904,846,2,4,9,15,8,8,8,4,77,\N,\N,77,6,1:17.857,154.436,11
20905,846,22,3,11,11,9,9,9,2,77,\N,\N,76,8,1:18.584,153.008,11
20906,846,67,5,18,16,10,10,10,1,77,\N,\N,77,12,1:18.832,152.526,11
20907,846,3,131,8,7,11,11,11,0,76,\N,\N,56,10,1:18.699,152.784,12
20908,846,814,10,15,13,12,12,12,0,76,\N,\N,75,11,1:18.724,152.736,12
20909,846,15,205,21,18,13,13,13,0,76,\N,\N,66,19,1:21.277,147.938,12
20910,846,5,205,20,17,14,14,14,0,76,\N,\N,54,18,1:20.678,149.036,12
20911,846,816,166,25,21,15,15,15,0,75,\N,\N,75,20,1:21.391,147.731,13
20912,846,24,164,23,23,16,16,16,0,75,\N,\N,74,21,1:21.566,147.414,13
20913,846,39,164,22,22,17,17,17,0,74,\N,\N,74,23,1:22.731,145.338,14
20914,846,813,3,12,8,18,18,18,0,73,\N,\N,62,14,1:18.904,152.387,3
20915,846,808,4,10,10,\N,R,19,0,67,\N,\N,57,16,1:20.058,150.191,4
20916,846,153,5,19,19,\N,R,20,0,66,\N,\N,59,9,1:18.608,152.961,4
20917,846,13,6,6,6,\N,R,21,0,32,\N,\N,16,17,1:20.202,149.921,3
20918,846,30,131,7,5,\N,R,22,0,32,\N,\N,30,15,1:19.801,150.674,5
20919,846,10,166,24,20,\N,R,23,0,30,\N,\N,30,22,1:22.102,146.451,22
20920,847,18,1,4,7,1,1,1,25,70,4:04:39.537,14679537,69,1,1:16.956,204.007,1
20921,847,20,9,1,1,2,2,2,18,70,+2.709,14682246,69,2,1:17.217,203.317,1
20922,847,17,9,2,4,3,3,3,15,70,+13.828,14693365,65,8,1:19.572,197.3,1
20923,847,30,131,7,8,4,4,4,12,70,+14.219,14693756,70,4,1:19.138,198.382,1
20924,847,808,4,10,10,5,5,5,10,70,+20.395,14699932,68,3,1:19.054,198.593,1
20925,847,13,6,6,3,6,6,6,8,70,+33.225,14712762,68,5,1:19.148,198.357,1
20926,847,155,15,16,13,7,7,7,6,70,+33.270,14712807,70,10,1:20.213,195.723,1
20927,847,153,5,19,24,8,8,8,4,70,+35.964,14715501,69,13,1:20.371,195.339,1
20928,847,22,3,11,16,9,9,9,2,70,+45.117,14724654,68,11,1:20.316,195.472,1
20929,847,67,5,18,15,10,10,10,1,70,+47.056,14726593,69,7,1:19.507,197.461,1
20930,847,3,131,8,6,11,11,11,0,70,+50.454,14729991,69,9,1:20.071,196.07,1
20931,847,37,15,17,17,12,12,12,0,70,+63.607,14743144,70,12,1:20.369,195.343,1
20932,847,24,164,23,20,13,13,13,0,69,\N,\N,63,17,1:23.419,188.201,11
20933,847,39,164,22,22,14,14,14,0,69,\N,\N,66,16,1:23.116,188.887,11
20934,847,816,166,25,23,15,15,15,0,69,\N,\N,68,15,1:22.495,190.309,11
20935,847,10,166,24,21,16,16,16,0,69,\N,\N,68,19,1:24.590,185.596,11
20936,847,15,205,21,18,17,17,17,0,69,\N,\N,67,14,1:22.233,190.916,11
20937,847,814,10,15,11,18,18,18,0,67,\N,\N,67,6,1:19.395,197.74,3
20938,847,813,3,12,12,\N,R,19,0,61,\N,\N,53,18,1:24.265,186.312,31
20939,847,2,4,9,9,\N,R,20,0,55,\N,\N,55,20,1:25.135,184.408,3
20940,847,16,10,14,14,\N,R,21,0,49,\N,\N,47,21,1:30.171,174.109,3
20941,847,4,6,5,2,\N,R,22,0,36,\N,\N,14,22,1:34.223,166.621,4
20942,847,5,205,20,19,\N,R,23,0,28,\N,\N,16,24,1:38.460,159.451,7
20943,847,1,1,3,5,\N,R,24,0,7,\N,\N,7,23,1:37.761,160.591,4
20944,848,20,9,1,1,1,1,1,25,57,1:39:36.169,5976169,53,1,1:41.852,191.536,1
20945,848,4,6,5,4,2,2,2,18,57,+10.891,5987060,49,2,1:42.308,190.683,1
20946,848,17,9,2,2,3,3,3,15,57,+27.255,6003424,39,4,1:42.534,190.262,1
20947,848,1,1,3,3,4,4,4,12,57,+46.190,6022359,47,6,1:42.947,189.499,1
20948,848,13,6,6,5,5,5,5,10,57,+51.705,6027874,53,5,1:42.705,189.945,1
20949,848,18,1,4,6,6,6,6,8,57,+60.065,6036234,57,3,1:42.340,190.623,1
20950,848,3,131,8,7,7,7,7,6,57,+98.090,6074259,53,12,1:43.649,188.215,1
20951,848,153,5,19,18,8,8,8,4,56,\N,\N,53,11,1:43.579,188.343,11
20952,848,16,10,14,10,9,9,9,2,56,\N,\N,53,10,1:43.526,188.439,11
20953,848,2,4,9,9,10,10,10,1,56,\N,\N,51,14,1:43.901,187.759,11
20954,848,815,15,17,16,11,11,11,0,56,\N,\N,41,15,1:43.949,187.672,11
20955,848,22,3,11,13,12,12,12,0,56,\N,\N,55,17,1:44.131,187.344,11
20956,848,67,5,18,17,13,13,13,0,56,\N,\N,47,16,1:44.103,187.395,11
20957,848,814,10,15,12,14,14,14,0,56,\N,\N,54,13,1:43.851,187.849,11
20958,848,808,4,10,11,15,15,15,0,56,\N,\N,41,8,1:43.151,189.124,11
20959,848,155,15,16,14,16,16,16,0,56,\N,\N,42,9,1:43.517,188.456,11
20960,848,30,131,7,8,17,17,17,0,56,\N,\N,50,18,1:44.578,186.544,11
20961,848,813,3,12,15,18,18,18,0,56,\N,\N,47,7,1:43.134,189.155,11
20962,848,5,205,20,19,19,19,19,0,55,\N,\N,44,19,1:45.055,185.697,12
20963,848,15,205,21,20,20,20,20,0,55,\N,\N,28,20,1:46.208,183.681,12
20964,848,10,166,24,21,21,21,21,0,55,\N,\N,49,21,1:46.628,182.957,12
20965,848,816,166,25,23,22,22,22,0,55,\N,\N,51,22,1:47.164,182.042,12
20966,848,24,164,23,22,23,23,23,0,54,\N,\N,37,23,1:47.418,181.612,13
20967,848,39,164,22,24,24,24,24,0,54,\N,\N,32,24,1:47.708,181.123,13
20968,849,4,6,5,3,1,1,1,25,52,1:28:41.196,5321196,41,1,1:34.908,223.454,1
20969,849,20,9,1,2,2,2,2,18,52,+16.511,5337707,38,3,1:35.565,221.918,1
20970,849,17,9,2,1,3,3,3,15,52,+16.947,5338143,49,4,1:35.665,221.686,1
20971,849,1,1,3,10,4,4,4,12,52,+28.986,5350182,39,5,1:36.180,220.499,1
20972,849,13,6,6,4,5,5,5,10,52,+29.010,5350206,49,2,1:35.474,222.129,1
20973,849,3,131,8,9,6,6,6,8,52,+60.665,5381861,32,13,1:37.073,218.47,1
20974,849,815,15,17,12,7,7,7,6,52,+65.590,5386786,35,7,1:36.656,219.413,1
20975,849,2,4,9,16,8,8,8,4,52,+75.542,5396738,37,14,1:37.117,218.371,1
20976,849,30,131,7,13,9,9,9,2,52,+77.912,5399108,34,11,1:37.034,218.558,1
20977,849,153,5,19,18,10,10,10,1,52,+79.108,5400304,38,15,1:37.160,218.275,1
20978,849,16,10,14,11,11,11,11,0,52,+79.712,5400908,42,9,1:36.744,219.213,1
20979,849,808,4,10,14,12,12,12,0,52,+80.681,5401877,40,6,1:36.308,220.206,1
20980,849,22,3,11,15,13,13,13,0,51,\N,\N,38,8,1:36.733,219.238,11
20981,849,813,3,12,7,14,14,14,0,51,\N,\N,41,12,1:37.036,218.553,11
20982,849,814,10,15,6,15,15,15,0,51,\N,\N,48,16,1:37.936,216.545,11
20983,849,10,166,24,20,16,16,16,0,50,\N,\N,49,17,1:39.811,212.477,12
20984,849,816,166,25,22,17,17,17,0,50,\N,\N,30,20,1:40.560,210.894,12
20985,849,24,164,23,23,18,18,18,0,50,\N,\N,40,19,1:40.524,210.97,12
20986,849,817,164,22,24,19,19,19,0,49,\N,\N,30,22,1:40.910,210.163,13
20987,849,18,1,4,5,\N,R,20,0,39,\N,\N,31,10,1:36.982,218.675,61
20988,849,67,5,18,19,\N,R,21,0,25,\N,\N,24,18,1:40.224,211.602,3
20989,849,155,15,16,8,\N,R,22,0,23,\N,\N,23,21,1:40.703,210.595,5
20990,849,15,205,21,21,\N,R,23,0,10,\N,\N,9,23,1:55.491,183.629,44
20991,849,5,205,20,17,\N,R,24,0,2,\N,\N,2,24,2:10.404,162.629,6
20992,850,1,1,3,2,1,1,1,25,60,1:37:30.334,5850334,59,1,1:34.302,196.526,1
20993,850,4,6,5,4,2,2,2,18,60,+3.980,5854314,60,5,1:34.626,195.853,1
20994,850,17,9,2,1,3,3,3,15,60,+9.788,5860122,60,2,1:34.468,196.18,1
20995,850,20,9,1,3,4,4,4,12,60,+47.921,5898255,47,3,1:34.587,195.933,1
20996,850,13,6,6,5,5,5,5,10,60,+52.252,5902586,51,4,1:34.609,195.888,1
20997,850,16,10,14,8,6,6,6,8,60,+86.208,5936542,57,10,1:36.653,191.745,1
20998,850,3,131,8,6,7,7,7,6,59,\N,\N,51,7,1:36.181,192.686,11
20999,850,30,131,7,10,8,8,8,4,59,\N,\N,49,6,1:35.628,193.8,11
21000,850,155,15,16,17,9,9,9,2,59,\N,\N,50,11,1:36.659,191.733,11
21001,850,808,4,10,9,10,10,10,1,59,\N,\N,50,8,1:36.186,192.676,11
21002,850,815,15,17,15,11,11,11,0,59,\N,\N,53,13,1:37.033,190.994,11
21003,850,153,5,19,16,12,12,12,0,59,\N,\N,59,14,1:37.415,190.245,11
21004,850,814,10,15,12,13,13,13,0,59,\N,\N,54,12,1:36.715,191.622,11
21005,850,813,3,12,13,14,14,14,0,59,\N,\N,50,15,1:37.568,189.947,11
21006,850,67,5,18,24,15,15,15,0,59,\N,\N,48,16,1:37.863,189.374,11
21007,850,5,205,20,18,16,16,16,0,58,\N,\N,54,17,1:39.050,187.105,12
21008,850,10,166,24,19,17,17,17,0,57,\N,\N,57,21,1:39.982,185.361,13
21009,850,816,166,25,21,18,18,18,0,57,\N,\N,57,20,1:39.787,185.723,13
21010,850,817,164,22,22,19,19,19,0,57,\N,\N,57,23,1:40.489,184.426,13
21011,850,812,205,21,20,20,20,20,0,56,\N,\N,56,22,1:40.435,184.525,14
21012,850,24,164,23,23,\N,R,21,0,37,\N,\N,28,24,1:40.683,184.07,10
21013,850,18,1,4,7,\N,R,22,0,35,\N,\N,33,9,1:36.258,192.532,9
21014,850,22,3,11,14,\N,R,23,0,16,\N,\N,8,19,1:39.679,185.924,44
21015,850,2,4,9,11,\N,R,24,0,9,\N,\N,7,18,1:39.452,186.349,4
21016,851,18,1,4,3,1,1,1,25,70,1:46:42.337,6402337,58,6,1:23.937,187.898,1
21017,851,20,9,1,1,2,2,2,18,70,+3.588,6405925,70,5,1:23.875,188.036,1
21018,851,4,6,5,5,3,3,3,15,70,+19.819,6422156,62,3,1:23.711,188.405,1
21019,851,1,1,3,2,4,4,4,12,70,+48.338,6450675,61,2,1:23.661,188.517,1
21020,851,17,9,2,6,5,5,5,10,70,+49.742,6452079,61,4,1:23.718,188.389,1
21021,851,13,6,6,4,6,6,6,8,70,+83.176,6485513,61,1,1:23.415,189.073,1
21022,851,814,10,15,11,7,7,7,6,69,\N,\N,65,14,1:25.935,183.529,11
21023,851,67,5,18,23,8,8,8,4,69,\N,\N,65,15,1:25.977,183.439,11
21024,851,3,131,8,7,9,9,9,2,69,\N,\N,64,9,1:24.857,185.86,11
21025,851,153,5,19,16,10,10,10,1,69,\N,\N,68,16,1:26.025,183.337,11
21026,851,155,15,16,13,11,11,11,0,69,\N,\N,65,7,1:24.664,186.284,11
21027,851,808,4,10,12,12,12,12,0,69,\N,\N,68,8,1:24.664,186.284,11
21028,851,22,3,11,15,13,13,13,0,68,\N,\N,65,11,1:25.018,185.508,12
21029,851,16,10,14,8,14,14,14,0,68,\N,\N,66,12,1:25.579,184.292,12
21030,851,815,15,17,10,15,15,15,0,68,\N,\N,67,10,1:24.999,185.55,12
21031,851,813,3,12,17,16,16,16,0,68,\N,\N,56,13,1:25.724,183.981,12
21032,851,10,166,24,20,17,17,17,0,66,\N,\N,59,18,1:28.022,179.177,14
21033,851,817,164,22,22,18,18,18,0,66,\N,\N,62,19,1:28.876,177.456,14
21034,851,816,166,25,24,19,19,19,0,65,\N,\N,58,20,1:29.068,177.073,15
21035,851,24,164,23,21,20,20,20,0,65,\N,\N,53,21,1:29.208,176.795,15
21036,851,5,205,20,18,\N,R,21,0,55,\N,\N,54,17,1:27.149,180.972,47
21037,851,30,131,7,9,\N,R,22,0,26,\N,\N,19,22,1:29.781,175.667,6
21038,851,2,4,9,14,\N,R,23,0,23,\N,\N,19,23,1:30.826,173.646,42
21039,851,15,205,21,19,\N,R,24,0,17,\N,\N,16,24,1:35.252,165.577,44
21040,852,20,9,1,1,1,1,1,25,44,1:26:44.893,5204893,36,4,1:50.451,228.285,1
21041,852,17,9,2,3,2,2,2,18,44,+3.741,5208634,33,1,1:49.883,229.465,1
21042,852,18,1,4,13,3,3,3,15,44,+9.669,5214562,39,2,1:50.062,229.092,1
21043,852,4,6,5,8,4,4,4,12,44,+13.022,5217915,41,5,1:51.107,226.937,1
21044,852,30,131,7,24,5,5,5,10,44,+47.464,5252357,34,6,1:51.137,226.876,1
21045,852,3,131,8,5,6,6,6,8,44,+48.674,5253567,39,8,1:52.263,224.601,1
21046,852,16,10,14,15,7,7,7,6,44,+59.713,5264606,33,10,1:52.591,223.946,1
21047,852,13,6,6,4,8,8,8,4,44,+66.076,5270969,42,7,1:51.564,226.008,1
21048,852,808,4,10,10,9,9,9,2,44,+71.917,5276810,34,9,1:52.432,224.263,1
21049,852,813,3,12,21,10,10,10,1,44,+77.615,5282508,43,12,1:53.362,222.423,1
21050,852,814,10,15,17,11,11,11,0,44,+83.994,5288887,32,11,1:53.223,222.696,1
21051,852,155,15,16,12,12,12,12,0,44,+91.976,5296869,35,14,1:53.871,221.429,1
21052,852,811,4,9,7,13,13,13,0,44,+92.985,5297878,39,13,1:53.585,221.987,1
21053,852,15,205,21,18,14,14,14,0,43,\N,\N,38,17,1:54.571,220.076,11
21054,852,5,205,20,16,15,15,15,0,43,\N,\N,35,15,1:54.051,221.08,11
21055,852,22,3,11,14,16,16,16,0,43,\N,\N,42,3,1:50.424,228.341,11
21056,852,816,166,25,20,17,17,17,0,43,\N,\N,38,19,1:56.319,216.769,11
21057,852,10,166,24,19,18,18,18,0,43,\N,\N,37,20,1:56.540,216.358,11
21058,852,24,164,23,22,19,19,19,0,43,\N,\N,42,22,1:58.061,213.57,11
21059,852,815,15,17,9,\N,R,20,0,27,\N,\N,26,16,1:54.244,220.706,22
21060,852,817,164,22,23,\N,R,21,0,13,\N,\N,10,23,1:59.831,210.416,5
21061,852,1,1,3,2,\N,R,22,0,12,\N,\N,8,18,1:55.647,218.029,4
21062,852,67,5,18,11,\N,R,23,0,6,\N,\N,4,21,1:56.790,215.895,65
21063,852,153,5,19,6,\N,R,24,0,0,\N,\N,\N,0,\N,\N,4
21064,853,20,9,1,1,1,1,1,25,53,1:20:46.172,4846172,49,3,1:26.557,240.937,1
21065,853,18,1,4,3,2,2,2,18,53,+9.590,4855762,52,2,1:26.207,241.915,1
21066,853,4,6,5,4,3,3,3,15,53,+16.909,4863081,50,6,1:27.191,239.185,1
21067,853,1,1,3,2,4,4,4,12,53,+17.417,4863589,52,1,1:26.187,241.971,1
21068,853,30,131,7,8,5,5,5,10,53,+32.677,4878849,46,7,1:27.402,238.607,1
21069,853,13,6,6,6,6,6,6,8,53,+42.993,4889165,53,5,1:26.924,239.919,1
21070,853,153,5,19,18,7,7,7,6,52,\N,\N,49,10,1:28.357,236.028,11
21071,853,814,10,15,11,8,8,8,4,52,\N,\N,52,8,1:28.054,236.841,11
21072,853,811,4,9,10,9,9,9,2,52,\N,\N,51,4,1:26.895,240,11
21073,853,67,5,18,16,10,10,10,1,52,\N,\N,51,9,1:28.202,236.443,11
21074,853,813,3,12,14,11,11,11,0,52,\N,\N,51,12,1:28.934,234.497,11
21075,853,22,3,11,13,12,12,12,0,52,\N,\N,49,11,1:28.377,235.975,11
21076,853,5,205,20,20,13,13,13,0,51,\N,\N,50,14,1:29.639,232.653,12
21077,853,15,205,21,19,14,14,14,0,51,\N,\N,50,15,1:29.825,232.171,12
21078,853,10,166,24,21,15,15,15,0,51,\N,\N,51,17,1:30.783,229.721,12
21079,853,817,164,22,23,\N,N,16,0,39,\N,\N,36,20,1:32.013,226.65,111
21080,853,815,15,17,15,\N,R,17,0,32,\N,\N,29,13,1:29.403,233.267,6
21081,853,155,15,16,17,\N,R,18,0,21,\N,\N,21,16,1:30.000,231.72,6
21082,853,16,10,14,12,\N,R,19,0,9,\N,\N,8,19,1:31.455,228.033,9
21083,853,17,9,2,5,\N,R,20,0,4,\N,\N,4,18,1:30.994,229.188,3
21084,853,816,166,25,22,\N,R,21,0,1,\N,\N,\N,0,\N,\N,6
21085,853,808,4,10,7,\N,R,22,0,0,\N,\N,\N,0,\N,\N,4
21086,853,3,131,8,9,\N,R,23,0,0,\N,\N,\N,0,\N,\N,4
21087,853,24,164,23,24,\N,R,24,0,0,\N,\N,\N,0,\N,\N,4
21088,854,20,9,1,1,1,1,1,25,61,1:59:06.757,7146757,51,2,1:48.688,168.029,1
21089,854,18,1,4,3,2,2,2,18,61,+1.737,7148494,54,1,1:48.454,168.392,1
21090,854,17,9,2,2,3,3,3,15,61,+29.279,7176036,54,3,1:50.088,165.892,1
21091,854,4,6,5,5,4,4,4,12,61,+55.449,7202206,58,5,1:50.891,164.691,1
21092,854,1,1,3,4,5,5,5,10,61,+67.766,7214523,54,4,1:50.832,164.779,1
21093,854,814,10,15,10,6,6,6,8,61,+111.067,7257824,41,15,1:54.239,159.864,1
21094,854,3,131,8,7,7,7,7,6,60,\N,\N,42,16,1:54.383,159.663,11
21095,854,16,10,14,9,8,8,8,4,60,\N,\N,45,17,1:54.564,159.411,11
21096,854,13,6,6,6,9,9,9,2,60,\N,\N,26,8,1:52.550,162.263,11
21097,854,815,15,17,11,10,10,10,1,60,\N,\N,42,18,1:54.615,159.34,11
21098,854,813,3,12,13,11,11,11,0,60,\N,\N,50,10,1:53.198,161.335,11
21099,854,67,5,18,14,12,12,12,0,60,\N,\N,51,7,1:52.197,162.774,11
21100,854,22,3,11,12,13,13,13,0,60,\N,\N,40,19,1:55.235,158.483,11
21101,854,155,15,16,17,14,14,14,0,59,\N,\N,56,6,1:51.329,164.043,12
21102,854,811,4,9,15,15,15,15,0,59,\N,\N,55,12,1:53.774,160.518,12
21103,854,5,205,20,19,16,16,16,0,59,\N,\N,56,13,1:54.063,160.111,12
21104,854,808,4,10,18,17,17,17,0,59,\N,\N,56,14,1:54.204,159.913,12
21105,854,816,166,25,22,18,18,18,0,59,\N,\N,22,22,1:58.730,153.817,12
21106,854,817,164,22,23,19,19,19,0,57,\N,\N,40,23,1:59.064,153.386,14
21107,854,24,164,23,24,20,20,20,0,57,\N,\N,41,21,1:58.283,154.399,14
21108,854,153,5,19,16,21,21,21,0,56,\N,\N,37,11,1:53.676,160.656,3
21109,854,15,205,21,20,\N,R,22,0,47,\N,\N,25,20,1:57.126,155.924,6
21110,854,30,131,7,8,\N,R,23,0,28,\N,\N,26,9,1:53.096,161.48,3
21111,854,10,166,24,21,\N,R,24,0,9,\N,\N,6,24,2:00.412,151.669,3
21112,855,18,1,4,2,1,1,1,25,53,1:30:53.427,5453427,52,1,1:36.568,216.481,1
21113,855,4,6,5,5,2,2,2,18,53,+1.160,5454587,50,4,1:36.682,216.226,1
21114,855,20,9,1,1,3,3,3,15,53,+2.006,5455433,52,6,1:36.916,215.704,1
21115,855,17,9,2,6,4,4,4,12,53,+8.071,5461498,47,5,1:36.828,215.9,1
21116,855,1,1,3,3,5,5,5,10,53,+24.268,5477695,49,9,1:37.645,214.093,1
21117,855,30,131,7,8,6,6,6,8,53,+27.120,5480547,53,12,1:37.916,213.501,1
21118,855,13,6,6,4,7,7,7,6,53,+28.240,5481667,50,11,1:37.800,213.754,1
21119,855,815,15,17,17,8,8,8,4,53,+39.377,5492804,39,2,1:36.569,216.479,1
21120,855,808,4,10,10,9,9,9,2,53,+42.607,5496034,47,7,1:37.053,215.399,1
21121,855,3,131,8,23,10,10,10,1,53,+44.322,5497749,50,3,1:36.614,216.378,1
21122,855,16,10,14,11,11,11,11,0,53,+54.447,5507874,43,14,1:38.133,213.029,1
21123,855,814,10,15,12,12,12,12,0,53,+62.326,5515753,43,13,1:37.970,213.383,1
21124,855,155,15,16,7,13,13,13,0,53,+63.705,5517132,44,19,1:39.724,209.63,1
21125,855,813,3,12,14,14,14,14,0,53,+64.194,5517621,50,10,1:37.645,214.093,1
21126,855,153,5,19,16,15,15,15,0,53,+66.623,5520050,41,8,1:37.411,214.608,1
21127,855,811,4,9,9,16,16,16,0,53,+72.628,5526055,42,15,1:38.407,212.436,1
21128,855,22,3,11,13,17,17,17,0,53,+74.191,5527618,53,16,1:39.080,210.993,1
21129,855,5,205,20,18,18,18,18,0,53,+87.824,5541251,50,17,1:39.297,210.532,1
21130,855,15,205,21,19,19,19,19,0,53,+96.140,5549567,49,18,1:39.561,209.973,1
21131,855,10,166,24,21,20,20,20,0,51,\N,\N,46,21,1:41.704,205.549,12
21132,855,816,166,25,20,21,21,21,0,51,\N,\N,45,22,1:41.794,205.367,12
21133,855,817,164,22,22,22,22,22,0,51,\N,\N,49,20,1:41.437,206.09,12
21134,855,24,164,23,24,23,23,23,0,50,\N,\N,37,24,1:42.409,204.134,13
21135,855,67,5,18,15,\N,R,24,0,11,\N,\N,6,23,1:42.107,204.738,36
21136,856,20,9,1,2,1,1,1,25,55,1:38:01.994,5881994,55,1,1:39.605,202.941,1
21137,856,1,1,3,1,2,2,2,18,55,+12.019,5894013,54,3,1:40.459,201.216,1
21138,856,17,9,2,4,3,3,3,15,55,+12.477,5894471,55,2,1:40.294,201.547,1
21139,856,18,1,4,3,4,4,4,12,55,+14.694,5896688,55,7,1:40.709,200.716,1
21140,856,4,6,5,6,5,5,5,10,55,+15.689,5897683,41,6,1:40.547,201.04,1
21141,856,13,6,6,5,6,6,6,8,55,+25.133,5907127,51,5,1:40.541,201.052,1
21142,856,153,5,19,11,7,7,7,6,55,+49.538,5931532,55,8,1:40.940,200.257,1
21143,856,3,131,8,7,8,8,8,4,55,+54.053,5936047,49,9,1:41.770,198.624,1
21144,856,67,5,18,13,9,9,9,2,55,+62.762,5944756,50,4,1:40.537,201.06,1
21145,856,814,10,15,9,10,10,10,1,55,+68.602,5950596,50,12,1:42.102,197.978,1
21146,856,16,10,14,10,11,11,11,0,55,+71.229,5953223,49,10,1:42.014,198.149,1
21147,856,22,3,11,18,12,12,12,0,55,+93.068,5975062,54,13,1:42.371,197.458,1
21148,856,811,4,9,15,13,13,13,0,54,\N,\N,41,16,1:42.549,197.115,11
21149,856,5,205,20,19,14,14,14,0,54,\N,\N,52,15,1:42.456,197.294,11
21150,856,155,15,16,14,15,15,15,0,54,\N,\N,45,11,1:42.080,198.021,11
21151,856,815,15,17,17,16,16,16,0,54,\N,\N,39,14,1:42.425,197.354,11
21152,856,15,205,21,20,17,17,17,0,54,\N,\N,46,17,1:43.009,196.235,11
21153,856,10,166,24,21,18,18,18,0,54,\N,\N,53,18,1:44.536,193.368,11
21154,856,817,164,22,24,19,19,19,0,54,\N,\N,53,21,1:44.870,192.752,11
21155,856,816,166,25,22,20,20,20,0,54,\N,\N,53,20,1:44.746,192.981,11
21156,856,24,164,23,23,21,21,21,0,52,\N,\N,45,24,1:46.173,190.387,13
21157,856,813,3,12,16,\N,R,22,0,30,\N,\N,26,19,1:44.689,193.086,8
21158,856,808,4,10,8,\N,R,23,0,16,\N,\N,10,23,1:45.469,191.658,4
21159,856,30,131,7,12,\N,R,24,0,15,\N,\N,13,22,1:45.327,191.916,4
21160,857,20,9,1,1,1,1,1,25,60,1:30:35.002,5435002,60,1,1:27.249,211.463,1
21161,857,18,1,4,4,2,2,2,18,60,+8.433,5443435,60,4,1:27.967,209.737,1
21162,857,4,6,5,3,3,3,3,15,60,+24.301,5459303,58,3,1:27.953,209.771,1
21163,857,17,9,2,2,4,4,4,12,60,+25.529,5460531,59,2,1:27.520,210.808,1
21164,857,30,131,7,11,5,5,5,10,60,+65.421,5500423,48,5,1:28.549,208.359,1
21165,857,3,131,8,7,6,6,6,8,60,+66.851,5501853,59,6,1:28.600,208.239,1
21166,857,1,1,3,5,7,7,7,6,60,+84.183,5519185,58,9,1:28.721,207.955,1
21167,857,153,5,19,10,8,8,8,4,59,\N,\N,57,10,1:29.239,206.748,11
21168,857,16,10,14,8,9,9,9,2,59,\N,\N,59,12,1:29.289,206.632,11
21169,857,815,15,17,20,10,10,10,1,59,\N,\N,58,14,1:29.345,206.502,11
21170,857,808,4,10,16,11,11,11,0,59,\N,\N,58,11,1:29.289,206.632,11
21171,857,811,4,9,14,12,12,12,0,59,\N,\N,55,13,1:29.310,206.583,11
21172,857,814,10,15,12,13,13,13,0,59,\N,\N,59,8,1:28.679,208.053,11
21173,857,5,205,20,18,14,14,14,0,58,\N,\N,58,16,1:30.294,204.332,12
21174,857,22,3,11,15,15,15,15,0,58,\N,\N,56,7,1:28.635,208.157,12
21175,857,816,166,25,21,16,16,16,0,57,\N,\N,51,21,1:31.990,200.565,13
21176,857,39,164,22,24,17,17,17,0,57,\N,\N,44,20,1:31.988,200.569,13
21177,857,817,164,23,23,18,18,18,0,57,\N,\N,49,18,1:31.674,201.256,13
21178,857,15,205,21,19,19,19,19,0,55,\N,\N,52,19,1:31.691,201.219,15
21179,857,13,6,6,6,\N,R,20,0,32,\N,\N,19,15,1:30.243,204.447,22
21180,857,67,5,18,9,\N,R,21,0,24,\N,\N,23,17,1:30.956,202.845,5
21181,857,813,3,12,13,\N,R,22,0,12,\N,\N,12,22,1:33.573,197.172,6
21182,857,10,166,24,22,\N,R,23,0,2,\N,\N,2,23,2:09.008,143.014,4
21183,857,155,15,16,17,\N,R,24,0,0,\N,\N,\N,0,\N,\N,4
21184,858,1,1,3,2,1,1,1,25,55,1:37:11.886,5831886,51,3,1:43.461,193.255,1
21185,858,4,6,5,5,2,2,2,18,55,+8.457,5840343,41,6,1:43.914,192.412,1
21186,858,18,1,4,3,3,3,3,15,55,+25.881,5857767,51,2,1:43.154,193.83,1
21187,858,17,9,2,4,4,4,4,12,55,+35.784,5867670,51,1,1:42.612,194.854,1
21188,858,13,6,6,6,5,5,5,10,55,+50.578,5882464,51,10,1:44.288,191.722,1
21189,858,3,131,8,7,6,6,6,8,55,+52.317,5884203,55,7,1:43.993,192.266,1
21190,858,30,131,7,8,7,7,7,6,55,+75.964,5907850,48,15,1:44.916,190.575,1
21191,858,16,10,14,9,8,8,8,4,55,+77.122,5909008,53,14,1:44.709,190.952,1
21192,858,814,10,15,10,9,9,9,2,55,+101.087,5932973,49,9,1:44.120,192.032,1
21193,858,155,15,16,16,10,10,10,1,54,\N,\N,47,4,1:43.521,193.143,11
21194,858,815,15,17,11,11,11,11,0,54,\N,\N,41,12,1:44.566,191.213,11
21195,858,22,3,11,24,12,12,12,0,54,\N,\N,50,11,1:44.438,191.447,11
21196,858,808,4,10,12,13,13,13,0,54,\N,\N,52,5,1:43.673,192.86,11
21197,858,813,3,12,23,14,14,14,0,54,\N,\N,52,13,1:44.628,191.099,11
21198,858,153,5,19,15,15,15,15,0,54,\N,\N,47,8,1:44.093,192.082,11
21199,858,811,4,9,14,16,16,16,0,54,\N,\N,32,16,1:46.150,188.359,11
21200,858,5,205,20,17,17,17,17,0,54,\N,\N,50,17,1:46.610,187.547,11
21201,858,15,205,21,18,18,18,18,0,53,\N,\N,36,19,1:47.444,186.091,12
21202,858,10,166,24,19,19,19,19,0,53,\N,\N,42,20,1:48.085,184.987,12
21203,858,24,164,23,22,20,20,20,0,53,\N,\N,52,22,1:49.242,183.028,12
21204,858,817,164,22,20,\N,R,21,0,48,\N,\N,35,21,1:48.274,184.664,26
21205,858,67,5,18,13,\N,R,22,0,19,\N,\N,17,18,1:47.094,186.699,9
21206,858,816,166,25,21,\N,R,23,0,18,\N,\N,16,23,1:51.196,179.812,23
21207,858,20,9,1,1,\N,R,24,0,1,\N,\N,\N,0,\N,\N,29
21208,859,17,9,2,2,1,1,1,25,71,1:32:17.464,5537464,71,1,1:15.324,205.942,1
21209,859,20,9,1,1,2,2,2,18,71,+16.983,5554447,68,3,1:16.076,203.906,1
21210,859,18,1,4,3,3,3,3,15,71,+27.638,5565102,63,2,1:15.580,205.244,1
21211,859,4,6,5,5,4,4,4,12,71,+35.048,5572512,65,4,1:16.181,203.625,1
21212,859,13,6,6,7,5,5,5,10,71,+66.733,5604197,64,12,1:17.271,200.753,1
21213,859,16,10,14,8,6,6,6,8,70,\N,\N,36,8,1:17.161,201.039,11
21214,859,3,131,8,6,7,7,7,6,70,\N,\N,45,10,1:17.207,200.919,11
21215,859,814,10,15,11,8,8,8,4,70,\N,\N,64,14,1:17.452,200.284,11
21216,859,155,15,16,16,9,9,9,2,70,\N,\N,55,15,1:17.644,199.788,11
21217,859,808,4,10,15,10,10,10,1,70,\N,\N,58,7,1:17.011,201.43,11
21218,859,153,5,19,13,11,11,11,0,70,\N,\N,55,9,1:17.162,201.036,11
21219,859,67,5,18,14,12,12,12,0,70,\N,\N,59,13,1:17.428,200.346,11
21220,859,815,15,17,17,13,13,13,0,70,\N,\N,63,16,1:17.780,199.439,11
21221,859,22,3,11,12,14,14,14,0,70,\N,\N,70,6,1:16.684,202.289,11
21222,859,30,131,7,10,15,15,15,0,70,\N,\N,62,5,1:16.681,202.297,11
21223,859,5,205,20,19,16,16,16,0,69,\N,\N,69,17,1:18.023,198.818,12
21224,859,811,4,9,9,17,17,17,0,69,\N,\N,62,18,1:18.274,198.18,12
21225,859,15,205,21,20,18,18,18,0,69,\N,\N,47,19,1:18.596,197.368,12
21226,859,816,166,25,23,19,19,19,0,68,\N,\N,60,22,1:19.902,194.142,13
21227,859,817,164,22,22,20,20,20,0,68,\N,\N,64,20,1:19.649,194.759,13
21228,859,24,164,23,21,\N,R,21,0,61,\N,\N,60,23,1:20.648,192.346,31
21229,859,1,1,3,4,\N,R,22,0,46,\N,\N,35,11,1:17.209,200.914,6
21230,859,813,3,12,18,\N,R,23,0,26,\N,\N,26,21,1:19.706,194.62,31
21231,859,10,166,24,24,\N,R,24,0,21,\N,\N,14,24,1:21.773,189.7,31
21232,860,18,1,3,2,1,1,1,25,58,1:34:09.565,5649565,56,1,1:29.187,214.053,1
21233,860,20,9,1,6,2,2,2,18,58,+2.139,5651704,57,2,1:29.417,213.503,1
21234,860,1,1,4,1,3,3,3,15,58,+4.075,5653640,57,4,1:29.538,213.214,1
21235,860,17,9,2,5,4,4,4,12,58,+4.547,5654112,57,3,1:29.438,213.452,1
21236,860,4,6,5,12,5,5,5,10,58,+21.565,5671130,52,7,1:30.277,211.469,1
21237,860,155,15,14,13,6,6,6,8,58,+36.766,5686331,55,10,1:30.620,210.668,1
21238,860,8,208,9,17,7,7,7,6,58,+38.014,5687579,50,11,1:30.759,210.346,1
21239,860,815,15,15,22,8,8,8,4,58,+39.458,5689023,46,12,1:30.843,210.151,1
21240,860,817,5,16,10,9,9,9,2,58,+39.556,5689121,53,8,1:30.592,210.733,1
21241,860,814,10,11,15,10,10,10,1,58,+39.737,5689302,57,9,1:30.605,210.703,1
21242,860,818,5,17,11,11,11,11,0,58,+39.848,5689413,52,6,1:30.274,211.476,1
21243,860,3,131,8,7,12,12,12,0,58,+57.642,5707207,53,14,1:30.931,209.948,1
21244,860,813,3,18,8,13,13,13,0,57,\N,\N,53,5,1:30.254,211.523,3
21245,860,10,206,24,20,14,14,14,0,57,\N,\N,43,19,1:34.253,202.548,11
21246,860,819,206,25,21,15,15,15,0,53,\N,\N,45,20,1:35.011,200.932,15
21247,860,811,3,19,14,16,16,16,0,52,\N,\N,49,13,1:30.855,210.123,4
21248,860,13,6,6,16,\N,R,17,0,46,\N,\N,46,15,1:31.940,207.644,4
21249,860,5,207,20,18,\N,R,18,0,38,\N,\N,26,17,1:33.693,203.759,22
21250,860,808,207,21,19,\N,R,19,0,34,\N,\N,27,16,1:33.214,204.806,38
21251,860,30,131,7,4,\N,R,20,0,10,\N,\N,4,18,1:34.021,203.048,6
21252,860,154,208,10,3,\N,R,21,0,1,\N,\N,\N,0,\N,\N,4
21253,860,807,10,12,9,\N,R,22,0,0,\N,\N,\N,0,\N,\N,4
21254,860,37,164,22,0,\N,F,23,0,0,\N,\N,\N,0,\N,\N,81
21255,860,39,164,23,0,\N,F,24,0,0,\N,\N,\N,0,\N,\N,81
21256,861,4,6,5,8,1,1,1,25,56,2:44:51.812,9891812,53,7,1:41.680,196.25,1
21257,861,815,15,15,9,2,2,2,18,56,+2.263,9894075,54,3,1:41.021,197.531,1
21258,861,1,1,4,1,3,3,3,15,56,+14.591,9906403,50,6,1:41.539,196.523,1
21259,861,17,9,2,4,4,4,4,12,56,+17.688,9909500,52,2,1:41.017,197.539,1
21260,861,8,208,9,10,5,5,5,10,56,+29.456,9921268,53,1,1:40.722,198.117,1
21261,861,811,3,19,13,6,6,6,8,56,+37.667,9929479,55,5,1:41.404,196.785,1
21262,861,814,10,11,14,7,7,7,6,56,+44.412,9936224,55,10,1:41.819,195.983,1
21263,861,818,5,17,18,8,8,8,4,56,+46.985,9938797,55,12,1:41.922,195.785,1
21264,861,807,10,12,16,9,9,9,2,56,+47.892,9939704,51,15,1:42.173,195.304,1
21265,861,30,131,7,3,10,10,10,1,56,+49.996,9941808,53,9,1:41.760,196.096,1
21266,861,20,9,1,5,11,11,11,0,56,+75.527,9967339,50,4,1:41.342,196.905,1
21267,861,817,5,16,15,12,12,12,0,56,+76.828,9968640,54,8,1:41.756,196.104,1
21268,861,3,131,8,7,13,13,13,0,56,+78.593,9970405,51,11,1:41.863,195.898,1
21269,861,18,1,3,2,14,14,14,0,56,+79.719,9971531,50,14,1:42.100,195.443,1
21270,861,13,6,6,12,15,15,15,0,56,+97.319,9989131,56,13,1:42.051,195.537,1
21271,861,808,207,21,19,16,16,16,0,55,\N,\N,52,17,1:43.513,192.775,11
21272,861,10,206,24,20,17,17,17,0,55,\N,\N,50,20,1:44.757,190.486,11
21273,861,5,207,20,24,18,18,18,0,55,\N,\N,54,18,1:43.803,192.237,11
21274,861,813,3,18,11,19,19,19,0,54,\N,\N,51,16,1:42.237,195.181,5
21275,861,819,206,25,21,20,20,20,0,54,\N,\N,50,21,1:44.813,190.384,12
21276,861,39,164,23,23,21,21,21,0,54,\N,\N,52,22,1:45.909,188.414,12
21277,861,37,164,22,22,22,22,22,0,54,\N,\N,54,23,1:46.244,187.82,12
21278,861,155,15,14,17,\N,R,23,0,46,\N,\N,44,19,1:44.202,191.501,31
21279,861,154,208,10,6,\N,R,24,0,3,\N,\N,2,24,2:08.464,155.333,4
21280,862,3,131,8,1,1,1,1,25,56,1:36:26.929,5786929,40,8,1:40.967,194.356,1
21281,862,18,1,3,5,2,2,2,18,56,+20.626,5807555,56,3,1:40.422,195.411,1
21282,862,1,1,4,7,3,3,3,15,56,+26.012,5812941,40,6,1:40.530,195.201,1
21283,862,17,9,2,6,4,4,4,12,56,+27.924,5814853,52,5,1:40.490,195.279,1
21284,862,20,9,1,11,5,5,5,10,56,+30.483,5817412,33,7,1:40.601,195.063,1
21285,862,154,208,10,10,6,6,6,8,56,+31.491,5818420,35,11,1:41.120,194.062,1
21286,862,811,3,19,14,7,7,7,6,56,+34.597,5821526,37,16,1:41.293,193.731,1
21287,862,813,3,18,13,8,8,8,4,56,+35.643,5822572,36,4,1:40.482,195.294,1
21288,862,4,6,5,9,9,9,9,2,56,+37.256,5824185,41,12,1:41.152,194.001,1
21289,862,155,15,14,3,10,10,10,1,56,+38.720,5825649,40,1,1:39.960,196.314,1
21290,862,815,15,15,8,11,11,11,0,56,+41.066,5827995,37,10,1:41.071,194.156,1
21291,862,814,10,11,15,12,12,12,0,56,+42.273,5829202,40,17,1:41.498,193.339,1
21292,862,13,6,6,12,13,13,13,0,56,+42.779,5829708,48,14,1:41.240,193.832,1
21293,862,8,208,9,4,14,14,14,0,56,+50.573,5837502,43,18,1:41.794,192.777,1
21294,862,807,10,12,16,15,15,15,0,56,+51.213,5838142,48,9,1:40.977,194.337,1
21295,862,818,5,17,24,16,16,16,0,56,+51.756,5838685,48,2,1:40.019,196.198,1
21296,862,817,5,16,17,17,17,17,0,56,+63.156,5850085,40,15,1:41.251,193.811,1
21297,862,808,207,21,19,18,18,18,0,55,\N,\N,38,19,1:42.385,191.664,11
21298,862,10,206,24,20,19,19,19,0,55,\N,\N,41,21,1:42.748,190.987,11
21299,862,819,206,25,21,20,20,20,0,55,\N,\N,39,20,1:42.621,191.224,11
21300,862,37,164,22,22,21,21,21,0,55,\N,\N,54,22,1:43.610,189.398,11
21301,862,39,164,23,23,22,22,22,0,54,\N,\N,40,23,1:43.935,188.806,12
21302,862,5,207,20,18,23,23,23,0,53,\N,\N,53,13,1:41.190,193.928,13
21303,862,30,131,7,2,\N,R,24,0,12,\N,\N,9,24,1:44.109,188.49,61
21304,863,20,9,1,1,1,1,1,25,57,1:35:10.990,5710990,41,1,1:36.379,202.151,1
21305,863,8,208,9,11,2,2,2,18,57,+3.333,5714323,41,5,1:37.116,200.617,1
21306,863,154,208,10,7,3,3,3,15,57,+10.194,5721184,42,3,1:36.928,201.006,1
21307,863,17,9,2,3,4,4,4,12,57,+38.788,5749778,45,6,1:37.437,199.956,1
21308,863,3,131,8,5,5,5,5,10,57,+55.460,5766450,41,10,1:38.080,198.646,1
21309,863,814,10,11,10,6,6,6,8,57,+57.543,5768533,41,18,1:38.372,198.056,1
21310,863,4,6,5,9,7,7,7,6,57,+57.803,5768793,44,15,1:38.203,198.397,1
21311,863,1,1,4,2,8,8,8,4,57,+58.984,5769974,38,7,1:37.733,199.351,1
21312,863,13,6,6,14,9,9,9,2,57,+64.999,5775989,42,12,1:38.123,198.558,1
21313,863,30,131,7,22,10,10,10,1,57,+71.490,5782480,39,13,1:38.128,198.548,1
21314,863,815,15,15,8,11,11,11,0,57,+72.702,5783692,39,14,1:38.146,198.512,1
21315,863,807,10,12,13,12,12,12,0,57,+76.539,5787529,46,17,1:38.312,198.177,1
21316,863,155,15,14,12,13,13,13,0,57,+90.334,5801324,54,2,1:36.700,201.48,1
21317,863,818,5,17,17,14,14,14,0,57,+93.723,5804713,43,4,1:37.058,200.737,1
21318,863,817,5,16,6,15,15,15,0,56,\N,\N,42,8,1:37.903,199.005,11
21319,863,808,207,21,18,16,16,16,0,56,\N,\N,42,16,1:38.305,198.191,11
21320,863,5,207,20,16,17,17,17,0,56,\N,\N,43,19,1:38.441,197.917,11
21321,863,18,1,3,4,18,18,18,0,55,\N,\N,47,9,1:38.046,198.714,43
21322,863,10,206,24,23,19,19,19,0,55,\N,\N,46,23,1:40.323,194.204,12
21323,863,37,164,22,20,20,20,20,0,55,\N,\N,41,22,1:40.237,194.371,12
21324,863,39,164,23,24,21,21,21,0,55,\N,\N,48,20,1:39.747,195.326,12
21325,863,811,3,19,15,22,22,22,0,54,\N,\N,51,11,1:38.087,198.631,76
21326,863,813,3,18,21,\N,R,23,0,25,\N,\N,14,21,1:39.876,195.073,29
21327,863,819,206,25,19,\N,R,24,0,24,\N,\N,14,24,1:41.519,191.916,5
21328,864,813,3,18,1,1,1,1,25,66,1:39:09.145,5949145,26,6,1:27.906,190.635,1
21329,864,4,6,5,2,2,2,2,18,66,+3.195,5952340,46,3,1:27.390,191.761,1
21330,864,8,208,9,4,3,3,3,15,66,+3.884,5953029,50,2,1:26.938,192.758,1
21331,864,154,208,10,3,4,4,4,12,66,+14.799,5963944,53,1,1:26.250,194.295,1
21332,864,155,15,14,9,5,5,5,10,66,+64.641,6013786,45,8,1:28.266,189.857,1
21333,864,20,9,1,7,6,6,6,8,66,+67.576,6016721,65,4,1:27.768,190.935,1
21334,864,3,131,8,6,7,7,7,6,66,+77.919,6027064,45,7,1:28.150,190.107,1
21335,864,1,1,4,24,8,8,8,4,66,+78.140,6027285,50,18,1:28.918,188.465,1
21336,864,18,1,3,10,9,9,9,2,66,+85.246,6034391,41,14,1:28.624,189.09,1
21337,864,807,10,12,13,10,10,10,1,65,\N,\N,48,17,1:28.912,188.478,11
21338,864,17,9,2,11,11,11,11,0,65,\N,\N,44,5,1:27.857,190.741,11
21339,864,818,5,17,14,12,12,12,0,65,\N,\N,54,9,1:28.308,189.767,11
21340,864,817,5,16,15,13,13,13,0,65,\N,\N,44,12,1:28.587,189.169,11
21341,864,814,10,11,12,14,14,14,0,65,\N,\N,44,10,1:28.313,189.756,11
21342,864,13,6,6,16,15,15,15,0,65,\N,\N,47,11,1:28.448,189.467,11
21343,864,5,207,20,19,16,16,16,0,65,\N,\N,50,15,1:28.715,188.897,11
21344,864,808,207,21,18,17,17,17,0,65,\N,\N,48,16,1:28.773,188.773,11
21345,864,10,206,24,21,18,18,18,0,64,\N,\N,49,19,1:29.599,187.033,12
21346,864,37,164,22,22,19,19,19,0,63,\N,\N,54,20,1:30.722,184.718,13
21347,864,815,15,15,5,\N,R,20,0,37,\N,\N,20,13,1:28.605,189.131,61
21348,864,819,206,25,20,\N,R,21,0,35,\N,\N,29,22,1:31.136,183.879,26
21349,864,39,164,23,23,\N,R,22,0,22,\N,\N,15,24,1:32.903,180.381,26
21350,864,811,3,19,17,\N,R,23,0,12,\N,\N,10,23,1:31.822,182.505,4
21351,864,30,131,7,8,\N,R,24,0,12,\N,\N,4,21,1:31.089,183.973,4
21352,865,17,9,2,1,1,1,1,25,78,1:46:06.557,6366557,45,3,1:18.805,152.579,1
21353,865,3,131,8,2,2,2,2,18,78,+0.643,6367200,46,7,1:18.977,152.246,1
21354,865,4,6,5,5,3,3,3,15,78,+0.947,6367504,45,5,1:18.857,152.478,1
21355,865,20,9,1,9,4,4,4,12,78,+1.343,6367900,43,9,1:19.076,152.056,1
21356,865,1,1,4,3,5,5,5,10,78,+4.101,6370658,46,4,1:18.806,152.577,1
21357,865,13,6,6,7,6,6,6,8,78,+6.195,6372752,41,10,1:19.101,152.008,1
21358,865,814,10,11,14,7,7,7,6,78,+41.537,6408094,51,17,1:19.757,150.757,1
21359,865,807,10,12,10,8,8,8,4,78,+42.562,6409119,35,2,1:18.423,153.322,1
21360,865,8,208,9,8,9,9,9,2,78,+44.036,6410593,51,12,1:19.246,151.73,1
21361,865,811,3,19,13,10,10,10,1,78,+44.516,6411073,51,11,1:19.187,151.843,1
21362,865,815,15,15,23,11,11,11,0,77,\N,\N,49,1,1:17.296,155.557,11
21363,865,818,5,17,16,12,12,12,0,77,\N,\N,25,8,1:19.013,152.177,11
21364,865,5,207,20,17,13,13,13,0,77,\N,\N,76,13,1:19.305,151.617,11
21365,865,10,206,24,19,14,14,14,0,77,\N,\N,60,15,1:19.637,150.985,11
21366,865,39,164,23,22,15,15,15,0,76,\N,\N,44,19,1:20.286,149.764,12
21367,865,18,1,3,12,16,16,16,0,70,\N,\N,51,18,1:19.923,150.444,4
21368,865,817,5,16,15,\N,R,17,0,65,\N,\N,44,16,1:19.752,150.767,31
21369,865,819,206,25,21,\N,R,18,0,64,\N,\N,61,14,1:19.604,151.047,31
21370,865,30,131,7,6,\N,R,19,0,63,\N,\N,52,6,1:18.904,152.387,32
21371,865,808,207,21,18,\N,R,20,0,15,\N,\N,12,20,1:20.825,148.765,10
21372,865,155,15,14,11,\N,R,21,0,5,\N,\N,4,21,1:25.480,140.664,3
21373,865,37,164,22,20,\N,R,22,0,0,\N,\N,\N,0,\N,\N,3
21374,865,813,3,18,24,\N,R,23,0,0,\N,\N,\N,0,\N,\N,3
21375,865,154,208,10,4,\N,R,24,0,0,\N,\N,\N,0,\N,\N,3
21376,866,1,1,4,2,1,1,1,25,70,1:32:29.586,5549586,59,6,1:17.020,203.837,1
21377,866,154,208,10,7,2,2,2,18,70,+2.513,5552099,57,11,1:17.264,203.194,1
21378,866,815,15,15,15,3,3,3,15,70,+5.260,5554846,67,3,1:16.414,205.454,1
21379,866,20,9,1,1,4,4,4,12,70,+7.295,5556881,70,1,1:15.752,207.249,1
21380,866,4,6,5,3,5,5,5,10,70,+13.411,5562997,42,15,1:17.820,201.742,1
21381,866,3,131,8,5,6,6,6,8,70,+13.842,5563428,67,7,1:17.060,203.732,1
21382,866,17,9,2,4,7,7,7,6,70,+15.085,5564671,62,8,1:17.131,203.544,1
21383,866,8,208,9,12,8,8,8,4,70,+15.567,5565153,70,5,1:16.764,204.517,1
21384,866,155,15,14,11,9,9,9,2,70,+24.432,5574018,61,12,1:17.464,202.669,1
21385,866,13,6,6,6,10,10,10,1,70,+25.272,5574858,69,2,1:16.182,206.08,1
21386,866,814,10,11,8,11,11,11,0,70,+37.693,5587279,63,10,1:17.219,203.312,1
21387,866,807,10,12,13,12,12,12,0,70,+46.236,5595822,62,9,1:17.202,203.357,1
21388,866,813,3,18,22,13,13,13,0,70,+47.052,5596638,67,13,1:17.489,202.604,1
21389,866,817,5,16,14,14,14,14,0,70,+64.475,5614061,70,4,1:16.609,204.931,1
21390,866,818,5,17,19,15,15,15,0,69,\N,\N,55,17,1:17.875,201.6,11
21391,866,18,1,3,10,16,16,16,0,69,\N,\N,63,16,1:17.843,201.682,11
21392,866,811,3,19,16,17,17,17,0,69,\N,\N,67,14,1:17.817,201.75,11
21393,866,5,207,20,17,18,18,18,0,69,\N,\N,62,19,1:18.128,200.947,11
21394,866,808,207,21,18,19,19,19,0,69,\N,\N,58,18,1:18.093,201.037,11
21395,866,819,206,25,23,20,20,20,0,69,\N,\N,63,21,1:20.632,194.706,13
21396,866,10,206,24,21,21,21,21,0,56,\N,\N,47,22,1:21.032,193.745,22
21397,866,30,131,7,9,\N,R,22,0,43,\N,\N,37,20,1:18.433,200.165,65
21398,866,37,164,22,20,\N,R,23,0,24,\N,\N,23,23,1:21.535,192.55,23
21399,866,39,164,23,24,\N,R,24,0,22,\N,\N,12,24,1:22.044,191.355,22
21400,867,4,6,5,11,1,1,1,25,57,1:44:16.649,6256649,40,5,1:43.666,188.185,1
21401,867,8,208,9,5,2,2,2,18,57,+6.421,6263070,43,7,1:43.686,188.148,1
21402,867,30,131,7,12,3,3,3,15,57,+12.639,6269288,43,3,1:43.099,189.22,1
21403,867,17,9,2,19,4,4,4,12,57,+13.628,6270277,40,2,1:42.717,189.923,1
21404,867,807,10,12,8,5,5,5,10,57,+19.993,6276642,40,13,1:44.226,187.174,1
21405,867,3,131,8,6,6,6,6,8,57,+21.176,6277825,54,1,1:42.163,190.953,1
21406,867,814,10,11,10,7,7,7,6,57,+22.866,6279515,45,11,1:44.101,187.398,1
21407,867,18,1,3,9,8,8,8,4,57,+24.653,6281302,48,17,1:44.806,186.138,1
21408,867,815,15,15,15,9,9,9,2,57,+27.777,6284426,43,4,1:43.526,188.439,1
21409,867,811,3,19,14,10,10,10,1,57,+35.961,6292610,44,12,1:44.111,187.38,1
21410,867,817,5,16,17,11,11,11,0,57,+37.041,6293690,44,6,1:43.674,188.17,1
21411,867,813,3,18,3,12,12,12,0,57,+54.630,6311279,43,10,1:44.064,187.465,1
21412,867,808,207,21,20,13,13,13,0,57,+75.871,6332520,54,14,1:44.253,187.125,1
21413,867,5,207,20,16,14,14,14,0,57,+94.654,6351303,40,19,1:45.294,185.275,1
21414,867,819,206,25,23,15,15,15,0,57,+96.551,6353200,43,22,1:46.701,182.832,1
21415,867,13,6,6,13,16,16,16,0,56,\N,\N,36,15,1:44.431,186.806,11
21416,867,37,164,22,21,17,17,17,0,56,\N,\N,36,23,1:46.799,182.664,11
21417,867,39,164,23,22,18,18,18,0,56,\N,\N,42,21,1:46.388,183.37,11
21418,867,1,1,4,2,19,19,19,0,55,\N,\N,43,9,1:44.007,187.568,4
21419,867,154,208,10,4,\N,R,20,0,40,\N,\N,38,8,1:43.764,188.007,40
21420,867,20,9,1,1,\N,R,21,0,33,\N,\N,18,16,1:44.555,186.585,6
21421,867,155,15,14,7,\N,R,22,0,33,\N,\N,22,18,1:45.082,185.649,4
21422,867,818,5,17,18,\N,R,23,0,26,\N,\N,22,20,1:45.491,184.929,4
21423,867,10,206,24,0,\N,W,24,0,0,\N,\N,\N,0,\N,\N,54
21424,868,17,9,2,2,1,1,1,25,52,1:25:11.288,5111288,49,4,1:34.934,223.393,1
21425,868,4,6,5,1,2,2,2,18,52,+3.060,5114348,49,7,1:35.385,222.336,1
21426,868,20,9,1,4,3,3,3,15,52,+4.836,5116124,52,3,1:34.897,223.48,1
21427,868,13,6,6,5,4,4,4,12,52,+9.519,5120807,50,5,1:35.041,223.141,1
21428,868,8,208,9,6,5,5,5,10,52,+10.314,5121602,50,1,1:34.661,224.037,1
21429,868,154,208,10,9,6,6,6,8,52,+17.101,5128389,50,2,1:34.884,223.51,1
21430,868,30,131,7,3,7,7,7,6,52,+29.153,5140441,52,6,1:35.191,222.789,1
21431,868,1,1,4,8,8,8,8,4,52,+36.463,5147751,44,15,1:36.173,220.515,1
21432,868,811,3,19,13,9,9,9,2,52,+43.347,5154635,48,12,1:35.863,221.228,1
21433,868,18,1,3,16,10,10,10,1,52,+44.444,5155732,52,14,1:36.086,220.714,1
21434,868,155,15,14,17,11,11,11,0,52,+45.370,5156658,48,9,1:35.478,222.12,1
21435,868,807,10,12,14,12,12,12,0,52,+47.856,5159144,37,13,1:35.981,220.956,1
21436,868,817,5,16,12,13,13,13,0,52,+51.241,5162529,49,8,1:35.448,222.19,1
21437,868,818,5,17,23,14,14,14,0,52,+53.313,5164601,49,10,1:35.514,222.036,1
21438,868,3,131,8,11,15,15,15,0,52,+57.394,5168682,49,11,1:35.750,221.489,1
21439,868,813,3,18,7,16,16,16,0,51,\N,\N,34,17,1:37.515,217.48,11
21440,868,5,207,20,19,17,17,17,0,51,\N,\N,37,19,1:38.050,216.293,11
21441,868,10,206,24,20,18,18,18,0,51,\N,\N,50,16,1:37.422,217.687,11
21442,868,819,206,25,24,19,19,19,0,51,\N,\N,50,18,1:38.008,216.386,11
21443,868,37,164,22,21,20,20,20,0,50,\N,\N,44,21,1:39.618,212.889,12
21444,868,39,164,23,22,21,21,21,0,50,\N,\N,50,20,1:38.339,215.658,12
21445,868,815,15,15,15,\N,R,22,0,11,\N,\N,3,22,1:39.781,212.541,4
21446,868,814,10,11,10,\N,R,23,0,2,\N,\N,\N,0,\N,\N,4
21447,868,808,207,21,18,\N,W,24,0,0,\N,\N,\N,0,\N,\N,5
21448,869,4,6,5,1,1,1,1,25,67,1:31:05.862,5465862,66,2,1:19.044,208.319,1
21449,869,18,1,3,6,2,2,2,18,67,+6.949,5472811,67,8,1:19.469,207.205,1
21450,869,8,208,9,10,3,3,3,15,67,+16.409,5482271,62,13,1:19.719,206.555,1
21451,869,155,15,14,12,4,4,4,12,67,+21.925,5487787,56,9,1:19.485,207.163,1
21452,869,20,9,1,2,5,5,5,10,67,+23.732,5489594,61,4,1:19.161,208.011,1
21453,869,815,15,15,17,6,6,6,8,67,+27.896,5493758,62,6,1:19.270,207.725,1
21454,869,30,131,7,3,7,7,7,6,67,+28.970,5494832,57,1,1:18.725,209.163,1
21455,869,17,9,2,8,8,8,8,4,67,+46.941,5512803,59,14,1:19.794,206.361,1
21456,869,807,10,12,4,9,9,9,2,67,+48.162,5514024,56,7,1:19.372,207.458,1
21457,869,3,131,8,21,10,10,10,1,67,+48.889,5514751,59,3,1:19.105,208.158,1
21458,869,814,10,11,9,11,11,11,0,67,+59.227,5525089,67,12,1:19.717,206.56,1
21459,869,13,6,6,13,12,12,12,0,67,+71.428,5537290,67,5,1:19.225,207.843,1
21460,869,817,5,16,11,13,13,13,0,67,+76.829,5542691,44,18,1:20.066,205.66,1
21461,869,818,5,17,15,14,14,14,0,67,+76.965,5542827,59,11,1:19.645,206.747,1
21462,869,813,3,18,5,15,15,15,0,66,\N,\N,59,10,1:19.607,206.846,11
21463,869,808,207,21,18,16,16,16,0,66,\N,\N,62,16,1:19.997,205.837,11
21464,869,811,3,19,14,17,17,17,0,66,\N,\N,62,15,1:19.894,206.103,11
21465,869,154,208,10,19,18,18,18,0,66,\N,\N,60,17,1:20.013,205.796,11
21466,869,5,207,20,16,19,19,19,0,65,\N,\N,61,20,1:20.596,204.307,12
21467,869,819,206,25,20,20,20,20,0,65,\N,\N,45,21,1:21.753,201.416,12
21468,869,37,164,22,23,21,21,21,0,64,\N,\N,51,23,1:22.407,199.817,13
21469,869,10,206,24,22,22,22,22,0,64,\N,\N,54,24,1:22.778,198.922,13
21470,869,39,164,23,24,23,23,23,0,64,\N,\N,55,22,1:21.788,201.33,13
21471,869,1,1,4,7,\N,R,24,0,56,\N,\N,34,19,1:20.091,205.596,29
21472,870,1,1,4,1,1,1,1,25,69,1:41:05.503,6065503,65,4,1:25.677,184.082,1
21473,870,8,208,9,5,2,2,2,18,69,+1.032,6066535,41,6,1:25.728,183.972,1
21474,870,154,208,10,2,3,3,3,15,69,+10.518,6076021,59,13,1:26.050,183.284,1
21475,870,20,9,1,3,4,4,4,12,69,+11.614,6077117,68,1,1:24.136,187.453,1
21476,870,4,6,5,6,5,5,5,10,69,+26.653,6092156,65,7,1:25.738,183.951,1
21477,870,18,1,3,4,6,6,6,8,69,+30.243,6095746,58,10,1:25.831,183.751,1
21478,870,811,3,19,9,7,7,7,6,69,+33.899,6099402,65,16,1:26.248,182.863,1
21479,870,17,9,2,11,8,8,8,4,69,+34.458,6099961,41,3,1:25.402,184.674,1
21480,870,13,6,6,7,9,9,9,2,69,+38.350,6103853,54,11,1:25.920,183.561,1
21481,870,3,131,8,13,10,10,10,1,69,+51.234,6116737,58,9,1:25.830,183.753,1
21482,870,807,10,12,10,11,11,11,0,69,+57.283,6122786,60,15,1:26.073,183.235,1
21483,870,814,10,11,12,12,12,12,0,69,+62.887,6128390,57,12,1:25.976,183.441,1
21484,870,813,3,18,8,13,13,13,0,69,+63.606,6129109,63,5,1:25.723,183.983,1
21485,870,815,15,15,14,14,14,14,0,69,+64.494,6129997,65,2,1:25.218,185.073,1
21486,870,817,5,16,18,15,15,15,0,68,\N,\N,59,17,1:26.508,182.313,11
21487,870,818,5,17,16,16,16,16,0,68,\N,\N,66,14,1:26.061,183.26,11
21488,870,5,207,20,19,17,17,17,0,68,\N,\N,62,18,1:26.595,182.13,11
21489,870,155,15,14,15,18,18,18,0,67,\N,\N,61,8,1:25.745,183.936,12
21490,870,808,207,21,20,19,19,19,0,67,\N,\N,59,20,1:27.629,179.981,12
21491,870,819,206,25,21,20,20,20,0,67,\N,\N,22,22,1:28.727,177.754,12
21492,870,10,206,24,22,21,21,21,0,66,\N,\N,55,21,1:28.447,178.316,13
21493,870,37,164,22,23,22,22,22,0,66,\N,\N,56,23,1:28.765,177.678,13
21494,870,39,164,23,24,\N,R,23,0,60,\N,\N,56,24,1:29.506,176.207,22
21495,870,30,131,7,17,\N,R,24,0,58,\N,\N,56,19,1:26.778,181.746,45
21496,871,18,1,3,1,1,1,1,25,44,1:29:08.530,5348530,40,10,1:54.293,220.611,1
21497,871,20,9,1,10,2,2,2,18,44,+13.624,5362154,39,9,1:54.198,220.795,1
21498,871,8,208,9,3,3,3,3,15,44,+25.334,5373864,34,5,1:53.640,221.879,1
21499,871,807,10,12,11,4,4,4,12,44,+27.843,5376373,40,6,1:53.760,221.645,1
21500,871,13,6,6,14,5,5,5,10,44,+29.845,5378375,30,3,1:53.464,222.223,1
21501,871,17,9,2,12,6,6,6,8,44,+31.244,5379774,42,7,1:53.768,221.629,1
21502,871,30,131,7,13,7,7,7,6,44,+53.374,5401904,37,4,1:53.507,222.139,1
21503,871,818,5,17,15,8,8,8,4,44,+58.865,5407395,31,8,1:53.995,221.188,1
21504,871,817,5,16,16,9,9,9,2,44,+62.982,5411512,42,12,1:54.605,220.011,1
21505,871,814,10,11,9,10,10,10,1,44,+63.783,5412313,28,11,1:54.562,220.093,1
21506,871,3,131,8,23,11,11,11,0,44,+65.111,5413641,39,2,1:53.073,222.992,1
21507,871,811,3,19,17,12,12,12,0,44,+71.529,5420059,43,1,1:52.822,223.488,1
21508,871,155,15,14,2,13,13,13,0,44,+116.119,5464649,26,13,1:55.598,218.121,1
21509,871,808,207,21,19,14,14,14,0,43,\N,\N,28,15,1:56.741,215.985,11
21510,871,10,206,24,20,15,15,15,0,43,\N,\N,30,16,1:56.956,215.588,11
21511,871,819,206,25,22,16,16,16,0,43,\N,\N,27,18,1:57.939,213.791,11
21512,871,5,207,20,18,17,17,17,0,43,\N,\N,33,14,1:56.475,216.479,11
21513,871,37,164,22,21,18,18,18,0,43,\N,\N,30,17,1:57.315,214.929,11
21514,871,39,164,23,24,\N,R,19,0,29,\N,\N,16,19,1:59.113,211.684,20
21515,871,813,3,18,6,\N,R,20,0,4,\N,\N,4,20,2:56.181,143.116,4
21516,871,815,15,15,4,\N,R,21,0,0,\N,\N,\N,0,\N,\N,4
21517,871,4,6,5,5,\N,R,22,0,0,\N,\N,\N,0,\N,\N,4
21518,871,1,1,4,7,\N,R,23,0,0,\N,\N,\N,0,\N,\N,4
21519,871,154,208,10,8,\N,R,24,0,0,\N,\N,\N,0,\N,\N,4
21520,872,1,1,4,1,1,1,1,25,53,1:19:41.221,4781221,52,5,1:28.427,235.841,1
21521,872,815,15,15,12,2,2,2,18,53,+4.356,4785577,53,2,1:27.562,238.171,1
21522,872,4,6,5,10,3,3,3,15,53,+20.594,4801815,44,11,1:28.835,234.758,1
21523,872,13,6,6,3,4,4,4,12,53,+29.667,4810888,33,12,1:28.914,234.55,1
21524,872,8,208,9,7,5,5,5,10,53,+30.881,4812102,52,17,1:29.109,234.036,1
21525,872,30,131,7,4,6,6,6,8,53,+31.259,4812480,51,3,1:27.718,237.748,1
21526,872,3,131,8,6,7,7,7,6,53,+33.550,4814771,53,1,1:27.239,239.053,1
21527,872,814,10,11,9,8,8,8,4,53,+41.057,4822278,51,16,1:29.068,234.144,1
21528,872,155,15,14,8,9,9,9,2,53,+43.898,4825119,39,14,1:29.032,234.239,1
21529,872,811,3,19,13,10,10,10,1,53,+48.144,4829365,52,10,1:28.742,235.004,1
21530,872,813,3,18,22,11,11,11,0,53,+48.682,4829903,51,4,1:28.053,236.843,1
21531,872,817,5,16,14,12,12,12,0,53,+50.316,4831537,46,7,1:28.621,235.325,1
21532,872,816,208,10,15,13,13,13,0,53,+75.861,4857082,52,8,1:28.677,235.177,1
21533,872,5,207,20,17,14,14,14,0,52,\N,\N,46,19,1:29.399,233.277,11
21534,872,808,207,21,18,15,15,15,0,52,\N,\N,46,15,1:29.066,234.149,11
21535,872,819,206,25,20,16,16,16,0,52,\N,\N,44,20,1:29.753,232.357,11
21536,872,10,206,24,19,17,17,17,0,52,\N,\N,50,21,1:29.888,232.008,11
21537,872,37,164,22,23,18,18,18,0,52,\N,\N,51,22,1:30.398,230.699,11
21538,872,39,164,23,21,19,19,19,0,52,\N,\N,44,23,1:31.086,228.957,11
21539,872,17,9,2,11,20,20,20,0,51,\N,\N,43,18,1:29.202,233.792,76
21540,872,807,10,12,24,21,21,21,0,50,\N,\N,46,6,1:28.578,235.439,23
21541,872,20,9,1,5,22,22,22,0,47,\N,\N,46,9,1:28.713,235.081,91
21542,872,18,1,3,2,\N,R,23,0,32,\N,\N,31,13,1:28.926,234.518,32
21543,872,818,5,17,16,\N,R,24,0,8,\N,\N,6,24,1:31.962,226.776,22
21544,873,20,9,1,3,1,1,1,25,59,2:00:26.144,7226144,50,3,1:52.134,162.865,1
21545,873,18,1,3,4,2,2,2,18,59,+8.959,7235103,47,4,1:52.625,162.155,1
21546,873,4,6,5,5,3,3,3,15,59,+15.227,7241371,53,5,1:52.709,162.034,1
21547,873,814,10,11,6,4,4,4,12,59,+19.063,7245207,54,7,1:52.931,161.716,1
21548,873,3,131,8,10,5,5,5,10,59,+34.784,7260928,55,12,1:53.897,160.344,1
21549,873,8,208,9,12,6,6,6,8,59,+35.759,7261903,53,11,1:53.785,160.502,1
21550,873,154,208,10,8,7,7,7,6,59,+36.698,7262842,56,14,1:54.123,160.027,1
21551,873,13,6,6,13,8,8,8,4,59,+42.829,7268973,47,13,1:53.997,160.204,1
21552,873,817,5,16,15,9,9,9,2,59,+45.820,7271964,53,15,1:54.267,159.825,1
21553,873,815,15,15,14,10,10,10,1,59,+50.619,7276763,51,6,1:52.778,161.935,1
21554,873,17,9,2,7,11,11,11,0,59,+67.175,7293319,53,10,1:53.726,160.585,1
21555,873,10,206,24,20,12,12,12,0,59,+91.918,7318062,30,21,1:56.057,157.36,1
21556,873,155,15,14,17,13,13,13,0,59,+97.141,7323285,52,2,1:51.690,163.513,1
21557,873,807,10,12,11,14,14,14,0,59,+99.413,7325557,52,1,1:51.033,164.48,1
21558,873,5,207,20,19,15,15,15,0,59,+107.967,7334111,48,18,1:55.233,158.485,1
21559,873,819,206,25,21,16,16,16,0,59,+132.925,7359069,37,22,1:56.486,156.781,1
21560,873,37,164,22,24,17,17,17,0,58,\N,\N,48,23,1:57.671,155.202,11
21561,873,811,3,19,22,18,18,18,0,57,\N,\N,27,9,1:53.610,160.749,31
21562,873,808,207,21,18,19,19,19,0,57,\N,\N,44,17,1:55.140,158.613,12
21563,873,818,5,17,16,\N,R,20,0,38,\N,\N,28,8,1:53.510,160.891,4
21564,873,30,131,7,9,\N,R,21,0,38,\N,\N,26,20,1:56.047,157.374,4
21565,873,813,3,18,2,\N,R,22,0,36,\N,\N,27,16,1:55.120,158.641,9
21566,873,39,164,23,23,\N,R,23,0,30,\N,\N,26,24,1:58.507,154.107,3
21567,873,1,1,4,1,\N,R,24,0,22,\N,\N,14,19,1:55.541,158.063,6
21568,874,20,9,1,1,1,1,1,25,53,1:28:56.242,5336242,52,1,1:35.774,218.276,1
21569,874,13,6,6,10,2,2,2,18,53,+20.639,5356881,50,5,1:36.894,215.753,1
21570,874,155,15,14,3,3,3,3,15,53,+24.538,5360780,52,3,1:36.679,216.233,1
21571,874,18,1,3,8,4,4,4,12,53,+25.098,5361340,51,2,1:36.606,216.396,1
21572,874,1,1,4,9,5,5,5,10,53,+46.490,5382732,45,11,1:37.760,213.842,1
21573,874,8,208,9,7,6,6,6,8,53,+50.424,5386666,49,13,1:37.886,213.566,1
21574,874,807,10,12,15,7,7,7,6,53,+51.159,5387401,46,14,1:37.938,213.453,1
21575,874,813,3,18,12,8,8,8,4,53,+52.364,5388606,45,12,1:37.771,213.818,1
21576,874,17,9,2,2,9,9,9,2,53,+54.675,5390917,49,7,1:37.128,215.233,1
21577,874,817,5,16,14,10,10,10,1,53,+66.919,5403161,50,8,1:37.455,214.511,1
21578,874,30,131,7,23,11,11,11,0,53,+67.769,5404011,43,6,1:36.942,215.646,1
21579,874,814,10,11,11,12,12,12,0,53,+83.460,5419702,48,10,1:37.535,214.335,1
21580,874,818,5,17,19,13,13,13,0,53,+88.645,5424887,39,9,1:37.533,214.339,1
21581,874,811,3,19,16,14,14,14,0,53,+88.709,5424951,44,4,1:36.819,215.92,1
21582,874,5,207,20,17,15,15,15,0,52,\N,\N,52,15,1:38.043,213.224,11
21583,874,10,206,24,18,16,16,16,0,52,\N,\N,48,18,1:38.756,211.685,11
21584,874,808,207,21,22,17,17,17,0,52,\N,\N,47,17,1:38.344,212.572,11
21585,874,37,164,22,20,18,18,18,0,52,\N,\N,50,20,1:39.351,210.417,11
21586,874,154,208,10,4,19,19,19,0,51,\N,\N,32,16,1:38.277,212.717,12
21587,874,819,206,25,21,\N,R,20,0,37,\N,\N,34,21,1:40.493,208.026,5
21588,874,39,164,23,24,\N,R,21,0,32,\N,\N,21,22,1:41.388,206.19,76
21589,874,815,15,15,5,\N,R,22,0,18,\N,\N,17,19,1:38.983,211.199,20
21590,874,4,6,5,6,\N,R,23,0,0,\N,\N,\N,0,\N,\N,4
21591,874,3,131,8,13,\N,R,24,0,0,\N,\N,\N,0,\N,\N,4
21592,875,20,9,1,2,1,1,1,25,55,1:36:28.651,5788651,55,5,1:42.499,197.211,1
21593,875,17,9,2,1,2,2,2,18,55,+8.231,5796882,54,1,1:42.037,198.104,1
21594,875,4,6,5,4,3,3,3,15,55,+13.944,5802595,52,3,1:42.442,197.321,1
21595,875,13,6,6,6,4,4,4,12,55,+20.168,5808819,48,2,1:42.242,197.707,1
21596,875,8,208,9,5,5,5,5,10,55,+36.739,5825390,51,11,1:42.822,196.592,1
21597,875,807,10,12,8,6,6,6,8,55,+45.301,5833952,54,6,1:42.645,196.931,1
21598,875,154,208,10,7,7,7,7,6,55,+54.812,5843463,44,10,1:42.783,196.666,1
21599,875,818,5,17,16,8,8,8,4,55,+69.589,5858240,48,8,1:42.721,196.785,1
21600,875,817,5,16,21,9,9,9,2,55,+71.787,5860438,45,12,1:43.148,195.97,1
21601,875,1,1,4,3,10,10,10,1,55,+79.692,5868343,49,9,1:42.721,196.785,1
21602,875,815,15,15,12,11,11,11,0,55,+80.062,5868713,49,4,1:42.495,197.219,1
21603,875,814,10,11,14,12,12,12,0,55,+84.448,5873099,48,15,1:43.517,195.272,1
21604,875,30,131,7,10,13,13,13,0,55,+89.241,5877892,49,13,1:43.184,195.902,1
21605,875,813,3,18,15,14,14,14,0,55,+94.924,5883575,55,7,1:42.679,196.865,1
21606,875,811,3,19,17,15,15,15,0,55,+96.902,5885553,49,14,1:43.411,195.472,1
21607,875,808,207,21,18,16,16,16,0,54,\N,\N,50,18,1:45.013,192.49,11
21608,875,5,207,20,19,17,17,17,0,54,\N,\N,43,17,1:44.955,192.596,11
21609,875,10,206,24,20,18,18,18,0,54,\N,\N,42,19,1:45.236,192.082,11
21610,875,819,206,25,24,19,19,19,0,53,\N,\N,52,16,1:44.462,193.505,12
21611,875,39,164,23,23,20,20,20,0,53,\N,\N,39,21,1:47.068,188.795,12
21612,875,37,164,22,22,\N,R,21,0,16,\N,\N,9,22,1:49.861,183.996,37
21613,875,155,15,14,13,\N,R,22,0,16,\N,\N,3,20,1:47.066,188.799,130
21614,875,3,131,8,9,\N,R,23,0,1,\N,\N,\N,0,\N,\N,4
21615,875,18,1,3,11,\N,R,24,0,0,\N,\N,\N,0,\N,\N,4
21616,876,20,9,1,1,1,1,1,25,60,1:31:10.744,5470744,60,4,1:28.723,207.95,1
21617,876,4,6,5,5,2,2,2,18,60,+9.437,5480181,60,3,1:28.630,208.168,1
21618,876,17,9,2,2,3,3,3,15,60,+13.217,5483961,59,6,1:29.029,207.235,1
21619,876,1,1,4,3,4,4,4,12,60,+13.909,5484653,58,5,1:28.944,207.433,1
21620,876,18,1,3,4,5,5,5,10,60,+26.266,5497010,60,1,1:28.203,209.176,1
21621,876,13,6,6,6,6,6,6,8,60,+44.674,5515418,59,11,1:29.283,206.646,1
21622,876,8,208,9,7,7,7,7,6,60,+45.227,5515971,54,12,1:29.354,206.482,1
21623,876,807,10,12,12,8,8,8,4,60,+54.998,5525742,60,10,1:29.230,206.769,1
21624,876,154,208,10,11,9,9,9,2,60,+56.103,5526847,57,15,1:29.522,206.094,1
21625,876,811,3,19,13,10,10,10,1,60,+74.975,5545719,60,2,1:28.431,208.637,1
21626,876,3,131,8,10,11,11,11,0,60,+81.694,5552438,59,14,1:29.492,206.163,1
21627,876,814,10,11,16,12,12,12,0,60,+82.815,5553559,59,7,1:29.086,207.103,1
21628,876,817,5,16,15,13,13,13,0,60,+86.064,5556808,57,13,1:29.440,206.283,1
21629,876,155,15,14,17,14,14,14,0,60,+86.495,5557239,51,8,1:29.204,206.829,1
21630,876,818,5,17,18,15,15,15,0,59,\N,\N,59,17,1:30.091,204.792,11
21631,876,813,3,18,9,16,16,16,0,59,\N,\N,50,16,1:30.067,204.847,11
21632,876,808,207,21,19,17,17,17,0,59,\N,\N,58,19,1:31.163,202.384,11
21633,876,5,207,20,20,18,18,18,0,59,\N,\N,57,18,1:30.786,203.225,11
21634,876,819,206,25,24,19,19,19,0,59,\N,\N,55,20,1:31.366,201.935,11
21635,876,10,206,24,21,20,20,20,0,58,\N,\N,56,21,1:31.721,201.153,12
21636,876,39,164,23,23,21,21,21,0,58,\N,\N,53,22,1:32.161,200.193,12
21637,876,30,131,7,14,22,22,22,0,55,\N,\N,53,9,1:29.230,206.769,31
21638,876,37,164,22,22,\N,R,23,0,43,\N,\N,39,24,1:32.864,198.677,3
21639,876,815,15,15,8,\N,R,24,0,21,\N,\N,17,23,1:32.208,200.091,3
21640,877,8,208,9,4,1,1,1,25,55,1:45:58.667,6358667,50,3,1:44.458,191.41,1
21641,877,4,6,5,6,2,2,2,18,55,+0.852,6359519,53,2,1:44.090,192.087,1
21642,877,20,9,1,24,3,3,3,15,55,+4.163,6362830,54,1,1:43.964,192.32,1
21643,877,18,1,3,5,4,4,4,12,55,+7.787,6366454,50,4,1:44.533,191.273,1
21644,877,813,3,18,3,5,5,5,10,55,+13.007,6371674,55,5,1:44.833,190.726,1
21645,877,155,15,14,15,6,6,6,8,55,+20.076,6378743,55,8,1:45.423,189.658,1
21646,877,13,6,6,8,7,7,7,6,55,+22.896,6381563,53,11,1:45.700,189.161,1
21647,877,811,3,19,14,8,8,8,4,55,+23.542,6382209,49,10,1:45.693,189.174,1
21648,877,814,10,11,12,9,9,9,2,55,+24.160,6382827,53,9,1:45.617,189.31,1
21649,877,817,5,16,16,10,10,10,1,55,+27.463,6386130,53,12,1:45.903,188.799,1
21650,877,30,131,7,13,11,11,11,0,55,+28.075,6386742,51,6,1:45.225,190.015,1
21651,877,818,5,17,17,12,12,12,0,55,+34.906,6393573,53,13,1:46.113,188.425,1
21652,877,5,207,20,18,13,13,13,0,55,+47.764,6406431,51,15,1:47.115,186.662,1
21653,877,10,206,24,21,14,14,14,0,55,+56.473,6415140,54,18,1:47.661,185.716,1
21654,877,815,15,15,11,15,15,15,0,55,+56.768,6415435,54,7,1:45.410,189.682,1
21655,877,808,207,21,20,16,16,16,0,55,+64.595,6423262,50,19,1:48.308,184.606,1
21656,877,37,164,22,22,17,17,17,0,55,+71.778,6430445,47,20,1:48.619,184.078,1
21657,877,819,206,25,19,\N,R,18,0,41,\N,\N,33,21,1:49.079,183.302,31
21658,877,154,208,10,9,\N,R,19,0,37,\N,\N,36,17,1:47.521,185.958,4
21659,877,17,9,2,2,\N,R,20,0,37,\N,\N,32,14,1:46.959,186.935,4
21660,877,1,1,4,1,\N,R,21,0,19,\N,\N,19,16,1:47.266,186.4,10
21661,877,39,164,23,23,\N,R,22,0,7,\N,\N,6,23,1:52.238,178.142,4
21662,877,3,131,8,7,\N,R,23,0,7,\N,\N,4,22,1:49.340,182.864,4
21663,877,807,10,12,10,\N,R,24,0,0,\N,\N,\N,0,\N,\N,4
21664,878,1,1,4,2,1,1,1,25,56,1:35:55.269,5755269,55,5,1:39.709,199.047,1
21665,878,20,9,1,1,2,2,2,18,56,+0.675,5755944,56,1,1:39.347,199.772,1
21666,878,4,6,5,7,3,3,3,15,56,+39.229,5794498,56,4,1:39.672,199.121,1
21667,878,13,6,6,11,4,4,4,12,56,+46.013,5801282,56,2,1:39.402,199.661,1
21668,878,18,1,3,12,5,5,5,10,56,+56.432,5811701,54,6,1:40.150,198.17,1
21669,878,8,208,9,4,6,6,6,8,56,+64.425,5819694,56,3,1:39.474,199.517,1
21670,878,154,208,10,8,7,7,7,6,56,+70.313,5825582,55,10,1:40.625,197.235,1
21671,878,807,10,12,6,8,8,8,4,56,+73.792,5829061,53,16,1:41.048,196.409,1
21672,878,813,3,18,9,9,9,9,2,56,+74.525,5829794,53,12,1:40.719,197.051,1
21673,878,811,3,19,10,10,10,10,1,56,+75.133,5830402,53,13,1:40.745,197,1
21674,878,815,15,15,15,11,11,11,0,56,+84.341,5839610,53,11,1:40.701,197.086,1
21675,878,817,5,16,18,12,12,12,0,56,+84.871,5840140,53,14,1:40.772,196.947,1
21676,878,3,131,8,17,13,13,13,0,56,+85.510,5840779,51,8,1:40.428,197.622,1
21677,878,155,15,14,16,14,14,14,0,55,\N,\N,55,7,1:40.315,197.844,11
21678,878,814,10,11,13,15,15,15,0,55,\N,\N,55,9,1:40.594,197.296,11
21679,878,30,131,7,5,16,16,16,0,55,\N,\N,54,15,1:40.923,196.652,11
21680,878,808,207,21,21,17,17,17,0,55,\N,\N,55,18,1:42.824,193.017,11
21681,878,5,207,20,22,18,18,18,0,55,\N,\N,50,19,1:43.072,192.552,11
21682,878,10,206,24,19,19,19,19,0,55,\N,\N,40,20,1:43.324,192.083,11
21683,878,819,206,25,20,20,20,20,0,54,\N,\N,54,17,1:42.481,193.663,12
21684,878,37,164,22,23,21,21,21,0,54,\N,\N,43,23,1:44.664,189.623,12
21685,878,39,164,23,24,22,22,22,0,54,\N,\N,51,22,1:44.508,189.906,12
21686,878,17,9,2,3,\N,R,23,0,16,\N,\N,13,21,1:43.599,191.573,91
21687,878,818,5,17,14,\N,R,24,0,14,\N,\N,12,24,1:44.775,189.423,22
21688,879,18,1,3,2,1,1,1,25,71,1:45:22.656,6322656,37,2,1:18.108,198.601,1
21689,879,4,6,5,7,2,2,2,18,71,+2.754,6325410,36,4,1:18.623,197.301,1
21690,879,13,6,6,5,3,3,3,15,71,+3.615,6326271,37,5,1:18.879,196.66,1
21691,879,17,9,2,3,4,4,4,12,71,+4.936,6327592,39,6,1:18.903,196.6,1
21692,879,807,10,12,6,5,5,5,10,71,+5.708,6328364,38,3,1:18.210,198.342,1
21693,879,20,9,1,4,6,6,6,8,71,+9.453,6332109,36,9,1:19.090,196.136,1
21694,879,30,131,7,13,7,7,7,6,71,+11.907,6334563,37,15,1:20.158,193.522,1
21695,879,818,5,17,17,8,8,8,4,71,+28.653,6351309,39,8,1:18.983,196.401,1
21696,879,155,15,14,14,9,9,9,2,71,+31.250,6353906,35,7,1:18.973,196.426,1
21697,879,8,208,9,8,10,10,10,1,70,\N,\N,34,13,1:19.444,195.262,11
21698,879,808,207,21,19,11,11,11,0,70,\N,\N,39,18,1:20.528,192.633,11
21699,879,819,206,25,22,12,12,12,0,70,\N,\N,36,17,1:20.310,193.156,11
21700,879,817,5,16,15,13,13,13,0,70,\N,\N,36,11,1:19.308,195.596,11
21701,879,5,207,20,20,14,14,14,0,70,\N,\N,39,10,1:19.256,195.725,11
21702,879,3,131,8,9,15,15,15,0,70,\N,\N,38,16,1:20.266,193.262,11
21703,879,10,206,24,21,16,16,16,0,70,\N,\N,34,14,1:19.686,194.669,11
21704,879,37,164,22,24,17,17,17,0,69,\N,\N,37,19,1:21.085,191.31,12
21705,879,39,164,23,23,18,18,18,0,69,\N,\N,40,20,1:21.544,190.233,12
21706,879,814,10,11,10,19,19,19,0,68,\N,\N,39,12,1:19.314,195.582,3
21707,879,1,1,4,1,\N,R,20,0,54,\N,\N,38,1,1:18.069,198.701,4
21708,879,154,208,10,18,\N,R,21,0,5,\N,\N,2,21,1:22.184,188.752,3
21709,879,813,3,18,16,\N,R,22,0,1,\N,\N,\N,0,\N,\N,4
21710,879,811,3,19,11,\N,R,23,0,0,\N,\N,\N,0,\N,\N,4
21711,879,815,15,15,12,\N,R,24,0,0,\N,\N,\N,0,\N,\N,4
21712,880,8,208,7,7,1,1,1,25,58,1:30:03.225,5403225,56,1,1:29.274,213.845,1
21713,880,4,6,3,5,2,2,2,18,58,+12.451,5415676,53,3,1:29.560,213.162,1
21714,880,20,9,1,1,3,3,3,15,58,+22.346,5425571,42,10,1:30.409,211.16,1
21715,880,13,6,4,4,4,4,4,12,58,+33.577,5436802,38,8,1:30.239,211.558,1
21716,880,1,131,10,3,5,5,5,10,58,+45.561,5448786,45,5,1:29.759,212.689,1
21717,880,17,9,2,2,6,6,6,8,58,+46.800,5450025,45,4,1:29.732,212.753,1
21718,880,16,10,15,12,7,7,7,6,58,+65.068,5468293,49,13,1:30.710,210.459,1
21719,880,814,10,14,9,8,8,8,4,58,+68.449,5471674,56,15,1:30.894,210.033,1
21720,880,18,1,5,10,9,9,9,2,58,+81.630,5484855,41,7,1:30.198,211.654,1
21721,880,154,208,8,8,10,10,10,1,58,+82.759,5485984,41,9,1:30.395,211.193,1
21722,880,815,1,6,15,11,11,11,0,58,+83.367,5486592,46,6,1:29.926,212.294,1
21723,880,818,5,18,13,12,12,12,0,58,+83.857,5487082,50,2,1:29.498,213.309,1
21724,880,821,15,12,18,13,13,13,0,57,\N,\N,32,16,1:31.415,208.836,11
21725,880,822,3,17,16,14,14,14,0,57,\N,\N,42,12,1:30.652,210.594,11
21726,880,824,206,22,19,15,15,15,0,57,\N,\N,52,11,1:30.454,211.055,11
21727,880,819,207,20,22,16,16,16,0,56,\N,\N,55,19,1:32.261,206.921,12
21728,880,820,206,23,20,17,17,17,0,56,\N,\N,49,17,1:32.210,207.036,12
21729,880,823,207,21,21,18,18,18,0,56,\N,\N,39,20,1:32.636,206.084,12
21730,880,817,5,19,14,\N,R,19,0,39,\N,\N,33,14,1:30.881,210.063,9
21731,880,3,131,9,6,\N,R,20,0,26,\N,\N,18,18,1:32.259,206.926,10
21732,880,813,3,16,17,\N,R,21,0,24,\N,\N,12,21,1:32.915,205.465,20
21733,880,807,15,11,11,\N,W,22,0,0,\N,\N,\N,0,\N,\N,69
21734,881,20,9,1,1,1,1,1,25,56,1:38:56.681,5936681,45,3,1:40.446,198.661,1
21735,881,17,9,2,5,2,2,2,18,56,+4.298,5940979,45,6,1:40.685,198.19,1
21736,881,1,131,10,4,3,3,3,15,56,+12.181,5948862,32,10,1:41.001,197.57,1
21737,881,3,131,9,6,4,4,4,12,56,+12.640,5949321,44,8,1:40.755,198.052,1
21738,881,13,6,4,2,5,5,5,10,56,+25.648,5962329,50,2,1:39.805,199.937,1
21739,881,154,208,8,11,6,6,6,8,56,+35.564,5972245,37,11,1:41.226,197.131,1
21740,881,8,208,7,10,7,7,7,6,56,+48.479,5985160,37,13,1:41.769,196.079,1
21741,881,807,15,11,12,8,8,8,4,56,+53.044,5989725,46,7,1:40.727,198.107,1
21742,881,815,1,6,9,9,9,9,2,56,+72.357,6009038,56,1,1:39.199,201.159,1
21743,881,818,5,18,17,10,10,10,1,56,+87.124,6023805,45,4,1:40.492,198.571,1
21744,881,822,3,17,18,11,11,11,0,56,+88.610,6025291,54,12,1:41.373,196.845,1
21745,881,821,15,12,14,12,12,12,0,55,\N,\N,54,9,1:40.929,197.711,11
21746,881,824,206,22,19,13,13,13,0,55,\N,\N,47,14,1:42.423,194.827,11
21747,881,819,207,20,20,14,14,14,0,55,\N,\N,51,17,1:42.942,193.845,11
21748,881,823,207,21,22,15,15,15,0,55,\N,\N,44,20,1:43.157,193.441,11
21749,881,820,206,23,21,16,16,16,0,54,\N,\N,44,19,1:43.150,193.454,12
21750,881,18,1,5,7,17,17,17,0,53,\N,\N,43,5,1:40.556,198.444,54
21751,881,817,5,19,13,18,18,18,0,51,\N,\N,35,15,1:42.581,194.527,31
21752,881,813,3,16,16,\N,R,19,0,45,\N,\N,34,21,1:43.465,192.865,31
21753,881,16,10,15,8,\N,R,20,0,27,\N,\N,24,16,1:42.791,194.129,61
21754,881,814,10,14,15,\N,R,21,0,22,\N,\N,19,18,1:43.094,193.559,61
21755,881,4,6,3,3,\N,R,22,0,1,\N,\N,\N,0,\N,\N,4
21756,882,4,6,3,3,1,1,1,25,56,1:36:26.945,5786945,46,4,1:39.506,197.21,1
21757,882,8,208,7,2,2,2,2,18,56,+10.168,5797113,51,5,1:39.955,196.324,1
21758,882,1,131,10,1,3,3,3,15,56,+12.322,5799267,50,6,1:39.981,196.273,1
21759,882,20,9,1,9,4,4,4,12,56,+12.525,5799470,53,1,1:36.808,202.706,1
21760,882,18,1,5,8,5,5,5,10,56,+35.285,5822230,56,2,1:38.058,200.122,1
21761,882,13,6,4,5,6,6,6,8,56,+40.827,5827772,55,10,1:40.284,195.68,1
21762,882,817,5,19,7,7,7,7,6,56,+42.691,5829636,55,9,1:40.240,195.766,1
21763,882,814,10,14,11,8,8,8,4,56,+51.084,5838029,55,7,1:40.101,196.038,1
21764,882,154,208,8,6,9,9,9,2,56,+53.423,5840368,55,11,1:40.563,195.137,1
21765,882,807,15,11,10,10,10,10,1,56,+56.598,5843543,31,12,1:40.630,195.007,1
21766,882,815,1,6,12,11,11,11,0,56,+63.860,5850805,55,14,1:41.281,193.754,1
21767,882,818,5,18,15,12,12,12,0,56,+72.604,5859549,56,8,1:40.138,195.965,1
21768,882,822,3,17,16,13,13,13,0,56,+93.861,5880806,53,3,1:38.200,199.832,1
21769,882,813,3,16,14,14,14,14,0,56,+95.453,5882398,54,13,1:40.968,194.354,1
21770,882,824,206,22,18,15,15,15,0,55,\N,\N,35,15,1:41.537,193.265,11
21771,882,819,207,20,20,16,16,16,0,55,\N,\N,48,17,1:41.997,192.393,11
21772,882,820,206,23,19,17,17,17,0,55,\N,\N,39,16,1:41.978,192.429,11
21773,882,823,207,21,21,18,18,18,0,55,\N,\N,42,18,1:42.357,191.717,11
21774,882,3,131,9,4,\N,R,19,0,21,\N,\N,7,19,1:43.378,189.823,22
21775,882,17,9,2,22,\N,R,20,0,15,\N,\N,12,20,1:43.416,189.754,36
21776,882,16,10,15,13,\N,R,21,0,5,\N,\N,3,21,1:44.257,188.223,4
21777,882,821,15,12,17,\N,R,22,0,4,\N,\N,2,22,1:44.775,187.292,4
21778,883,20,9,1,2,1,1,1,25,57,1:36:00.498,5760498,55,1,1:36.961,200.938,1
21779,883,8,208,7,8,2,2,2,18,57,+9.111,5769609,57,8,1:38.164,198.476,1
21780,883,154,208,8,11,3,3,3,15,57,+19.507,5780005,52,5,1:37.627,199.567,1
21781,883,814,10,14,5,4,4,4,12,57,+21.727,5782225,57,12,1:38.336,198.128,1
21782,883,1,131,10,9,5,5,5,10,57,+35.230,5795728,48,11,1:38.204,198.395,1
21783,883,815,1,6,12,6,6,6,8,57,+35.998,5796496,41,7,1:37.913,198.984,1
21784,883,17,9,2,7,7,7,7,6,57,+37.244,5797742,52,13,1:38.557,197.684,1
21785,883,4,6,3,3,8,8,8,4,57,+37.574,5798072,41,3,1:37.204,200.436,1
21786,883,3,131,9,1,9,9,9,2,57,+41.126,5801624,48,4,1:37.588,199.647,1
21787,883,18,1,5,10,10,10,10,1,57,+46.631,5807129,49,6,1:37.743,199.33,1
21788,883,813,3,16,17,11,11,11,0,57,+66.450,5826948,57,17,1:38.962,196.875,1
21789,883,807,15,11,14,12,12,12,0,57,+72.933,5833431,43,15,1:38.770,197.258,1
21790,883,16,10,15,6,13,13,13,0,57,+76.719,5837217,44,2,1:37.070,200.712,1
21791,883,822,3,17,15,14,14,14,0,57,+81.511,5842009,57,9,1:38.192,198.419,1
21792,883,13,6,4,4,15,15,15,0,57,+86.364,5846862,42,16,1:38.839,197.12,1
21793,883,817,5,19,13,16,16,16,0,56,\N,\N,51,21,1:39.579,195.655,11
21794,883,819,207,20,18,17,17,17,0,56,\N,\N,37,20,1:39.546,195.72,11
21795,883,821,15,12,22,18,18,18,0,56,\N,\N,45,10,1:38.202,198.399,11
21796,883,824,206,22,19,19,19,19,0,56,\N,\N,50,14,1:38.756,197.286,11
21797,883,820,206,23,21,20,20,20,0,56,\N,\N,50,18,1:39.279,196.246,11
21798,883,823,207,21,20,21,21,21,0,55,\N,\N,49,19,1:39.334,196.138,12
21799,883,818,5,18,16,\N,R,22,0,16,\N,\N,4,22,1:43.107,188.96,29
21800,884,4,6,3,5,1,1,1,25,66,1:39:16.596,5956596,53,5,1:26.681,193.329,1
21801,884,8,208,7,4,2,2,2,18,66,+9.338,5965934,47,6,1:26.757,193.16,1
21802,884,13,6,4,9,3,3,3,15,66,+26.049,5982645,56,2,1:26.394,193.971,1
21803,884,20,9,1,3,4,4,4,12,66,+38.273,5994869,55,9,1:27.036,192.541,1
21804,884,17,9,2,7,5,5,5,10,66,+47.963,6004559,55,8,1:27.017,192.583,1
21805,884,3,131,9,1,6,6,6,8,66,+68.020,6024616,56,11,1:27.591,191.321,1
21806,884,814,10,14,10,7,7,7,6,66,+68.988,6025584,55,7,1:26.776,193.117,1
21807,884,18,1,5,14,8,8,8,4,66,+79.506,6036102,55,14,1:27.957,190.524,1
21808,884,815,1,6,8,9,9,9,2,66,+81.738,6038334,55,10,1:27.251,192.066,1
21809,884,817,5,19,11,10,10,10,1,65,\N,\N,55,16,1:28.083,190.252,11
21810,884,821,15,12,19,11,11,11,0,65,\N,\N,56,1,1:26.217,194.37,11
21811,884,1,131,10,2,12,12,12,0,65,\N,\N,53,13,1:27.895,190.659,11
21812,884,16,10,15,13,13,13,13,0,65,\N,\N,38,3,1:26.564,193.59,11
21813,884,813,3,16,17,14,14,14,0,65,\N,\N,56,12,1:27.849,190.759,11
21814,884,807,15,11,15,15,15,15,0,65,\N,\N,58,4,1:26.586,193.541,11
21815,884,822,3,17,16,16,16,16,0,65,\N,\N,27,20,1:29.747,186.724,11
21816,884,819,207,20,22,17,17,17,0,65,\N,\N,43,19,1:29.362,187.529,11
21817,884,824,206,22,20,18,18,18,0,64,\N,\N,55,18,1:28.884,188.537,12
21818,884,820,206,23,21,19,19,19,0,64,\N,\N,49,15,1:28.011,190.408,12
21819,884,818,5,18,12,20,20,20,0,52,\N,\N,41,17,1:28.231,189.933,3
21820,884,823,207,21,18,21,21,21,0,21,\N,\N,11,21,1:30.597,184.973,36
21821,884,154,208,8,6,22,22,22,0,8,\N,\N,5,22,1:31.136,183.879,22
21822,885,3,131,9,1,1,1,1,25,78,2:17:52.056,8272056,74,6,1:18.327,153.51,1
21823,885,20,9,1,3,2,2,2,18,78,+3.888,8275944,77,1,1:16.577,157.018,1
21824,885,17,9,2,4,3,3,3,15,78,+6.314,8278370,77,4,1:18.262,153.637,1
21825,885,1,131,10,2,4,4,4,12,78,+13.894,8285950,76,3,1:18.133,153.891,1
21826,885,16,10,15,8,5,5,5,10,78,+21.477,8293533,74,5,1:18.292,153.578,1
21827,885,18,1,5,9,6,6,6,8,78,+23.103,8295159,76,8,1:18.720,152.743,1
21828,885,4,6,3,6,7,7,7,6,78,+26.734,8298790,77,12,1:19.340,151.55,1
21829,885,818,5,18,10,8,8,8,4,78,+27.223,8299279,77,10,1:19.151,151.912,1
21830,885,814,10,14,17,9,9,9,2,78,+27.608,8299664,77,11,1:19.215,151.789,1
21831,885,8,208,7,5,10,10,10,1,78,+36.582,8308638,78,2,1:17.392,155.364,1
21832,885,807,15,11,11,11,11,11,0,78,+42.572,8314628,29,15,1:19.853,150.576,1
21833,885,822,3,17,14,12,12,12,0,78,+42.691,8314747,68,20,1:20.921,148.589,1
21834,885,821,15,12,19,13,13,13,0,78,+43.212,8315268,71,7,1:18.685,152.811,1
21835,885,820,206,23,22,14,14,14,0,78,+49.885,8321941,78,9,1:19.016,152.171,1
21836,885,823,207,21,15,15,15,15,0,78,+62.590,8334646,50,17,1:20.494,149.377,1
21837,885,815,1,6,7,16,16,16,0,72,\N,\N,27,14,1:19.530,151.188,22
21838,885,154,208,8,13,\N,R,17,0,63,\N,\N,57,21,1:20.969,148.501,4
21839,885,817,5,19,12,\N,R,18,0,61,\N,\N,26,13,1:19.426,151.386,4
21840,885,824,206,22,20,\N,R,19,0,58,\N,\N,49,18,1:20.617,149.149,23
21841,885,813,3,16,16,\N,R,20,0,44,\N,\N,8,19,1:20.881,148.662,4
21842,885,13,6,4,21,\N,R,21,0,28,\N,\N,28,16,1:20.064,150.179,3
21843,885,819,207,20,18,\N,R,22,0,7,\N,\N,4,22,1:22.772,145.266,6
21844,886,20,9,1,1,1,1,1,25,70,1:32:09.143,5529143,55,5,1:16.561,205.06,1
21845,886,4,6,3,6,2,2,2,18,70,+14.408,5543551,69,2,1:16.203,206.023,1
21846,886,1,131,10,2,3,3,3,15,70,+15.942,5545085,69,3,1:16.354,205.615,1
21847,886,17,9,2,5,4,4,4,12,70,+25.731,5554874,69,1,1:16.182,206.08,1
21848,886,3,131,9,4,5,5,5,10,70,+69.725,5598868,70,4,1:16.534,205.132,1
21849,886,818,5,18,7,6,6,6,8,69,\N,\N,61,13,1:17.909,201.512,11
21850,886,814,10,14,17,7,7,7,6,69,\N,\N,63,12,1:17.841,201.688,11
21851,886,13,6,4,16,8,8,8,4,69,\N,\N,69,6,1:16.939,204.052,11
21852,886,8,208,7,10,9,9,9,2,69,\N,\N,61,11,1:17.766,201.882,11
21853,886,16,10,15,8,10,10,10,1,69,\N,\N,68,10,1:17.694,202.069,11
21854,886,815,1,6,12,11,11,11,0,69,\N,\N,69,7,1:17.369,202.918,11
21855,886,18,1,5,14,12,12,12,0,69,\N,\N,68,8,1:17.458,202.685,11
21856,886,154,208,8,22,13,13,13,0,69,\N,\N,62,9,1:17.607,202.296,11
21857,886,822,3,17,3,14,14,14,0,69,\N,\N,63,14,1:18.004,201.266,11
21858,886,817,5,19,11,15,15,15,0,68,\N,\N,68,16,1:18.257,200.615,12
21859,886,813,3,16,13,16,16,16,0,68,\N,\N,68,15,1:18.105,201.006,12
21860,886,824,206,22,19,17,17,17,0,68,\N,\N,68,17,1:18.873,199.049,12
21861,886,819,207,20,18,18,18,18,0,67,\N,\N,60,19,1:19.380,197.777,13
21862,886,820,206,23,20,19,19,19,0,67,\N,\N,67,21,1:19.566,197.315,13
21863,886,821,15,12,15,20,20,20,0,63,\N,\N,52,20,1:19.478,197.533,3
21864,886,807,15,11,9,\N,R,21,0,45,\N,\N,40,18,1:19.056,198.588,4
21865,886,823,207,21,21,\N,R,22,0,43,\N,\N,42,22,1:21.811,191.9,4
21866,887,3,131,9,2,1,1,1,25,52,1:32:59.456,5579456,50,2,1:33.531,226.744,1
21867,887,17,9,2,4,2,2,2,18,52,+0.765,5580221,52,1,1:33.401,227.059,1
21868,887,4,6,3,9,3,3,3,15,52,+7.124,5586580,50,3,1:34.090,225.396,1
21869,887,1,131,10,1,4,4,4,12,52,+7.756,5587212,51,4,1:34.159,225.231,1
21870,887,8,208,7,8,5,5,5,10,52,+11.257,5590713,49,8,1:35.384,222.339,1
21871,887,13,6,4,11,6,6,6,8,52,+14.573,5594029,51,6,1:35.273,222.598,1
21872,887,16,10,15,6,7,7,7,6,52,+16.335,5595791,35,12,1:35.961,221.002,1
21873,887,817,5,19,5,8,8,8,4,52,+16.543,5595999,37,11,1:35.927,221.08,1
21874,887,814,10,14,21,9,9,9,2,52,+17.943,5597399,52,7,1:35.330,222.465,1
21875,887,807,15,11,14,10,10,10,1,52,+19.709,5599165,48,13,1:36.013,220.882,1
21876,887,813,3,16,15,11,11,11,0,52,+21.135,5600591,52,10,1:35.907,221.126,1
21877,887,822,3,17,16,12,12,12,0,52,+25.094,5604550,52,15,1:36.312,220.196,1
21878,887,18,1,5,10,13,13,13,0,52,+25.969,5605425,39,16,1:36.356,220.096,1
21879,887,821,15,12,17,14,14,14,0,52,+26.285,5605741,32,17,1:36.439,219.906,1
21880,887,819,207,20,18,15,15,15,0,52,+31.613,5611069,52,18,1:37.091,218.43,1
21881,887,824,206,22,19,16,16,16,0,52,+36.097,5615553,51,19,1:37.978,216.452,1
21882,887,820,206,23,20,17,17,17,0,52,+67.660,5647116,50,22,1:39.156,213.881,1
21883,887,823,207,21,22,18,18,18,0,52,+67.759,5647215,50,21,1:38.722,214.821,1
21884,887,154,208,8,7,19,19,19,0,51,\N,\N,48,9,1:35.614,221.804,31
21885,887,815,1,6,13,20,20,20,0,46,\N,\N,37,14,1:36.131,220.611,36
21886,887,20,9,1,3,\N,R,21,0,41,\N,\N,37,5,1:35.018,223.195,6
21887,887,818,5,18,12,\N,R,22,0,35,\N,\N,30,20,1:38.370,215.59,27
21888,888,20,9,1,2,1,1,1,25,60,1:41:14.711,6074711,59,5,1:34.164,196.814,1
21889,888,8,208,7,4,2,2,2,18,60,+1.008,6075719,57,2,1:33.767,197.647,1
21890,888,154,208,8,5,3,3,3,15,60,+5.830,6080541,57,10,1:34.576,195.956,1
21891,888,4,6,3,8,4,4,4,12,60,+7.721,6082432,51,1,1:33.468,198.279,1
21892,888,1,131,10,1,5,5,5,10,60,+26.927,6101638,57,4,1:34.156,196.83,1
21893,888,18,1,5,9,6,6,6,8,60,+27.996,6102707,49,7,1:34.201,196.736,1
21894,888,17,9,2,3,7,7,7,6,60,+37.562,6112273,55,11,1:34.782,195.53,1
21895,888,815,1,6,13,8,8,8,4,60,+38.306,6113017,50,15,1:36.134,192.78,1
21896,888,3,131,9,11,9,9,9,2,60,+46.821,6121532,55,6,1:34.181,196.778,1
21897,888,807,15,11,10,10,10,10,1,60,+49.892,6124603,58,8,1:34.244,196.647,1
21898,888,814,10,14,12,11,11,11,0,60,+53.771,6128482,43,16,1:36.566,191.918,1
21899,888,817,5,19,6,12,12,12,0,60,+56.975,6131686,58,14,1:35.982,193.086,1
21900,888,16,10,15,15,13,13,13,0,60,+57.738,6132449,60,13,1:35.816,193.42,1
21901,888,821,15,12,14,14,14,14,0,60,+60.160,6134871,56,12,1:35.792,193.469,1
21902,888,813,3,16,18,15,15,15,0,60,+61.929,6136640,56,9,1:34.293,196.544,1
21903,888,822,3,17,17,16,16,16,0,59,\N,\N,56,3,1:33.972,197.216,11
21904,888,819,207,20,22,17,17,17,0,59,\N,\N,51,17,1:37.584,189.916,11
21905,888,823,207,21,20,18,18,18,0,59,\N,\N,40,19,1:38.509,188.133,11
21906,888,820,206,23,21,19,19,19,0,59,\N,\N,47,18,1:38.383,188.374,11
21907,888,818,5,18,16,\N,R,20,0,22,\N,\N,12,21,1:39.281,186.67,9
21908,888,824,206,22,19,\N,R,21,0,21,\N,\N,20,22,1:39.844,185.617,5
21909,888,13,6,4,7,\N,R,22,0,3,\N,\N,3,20,1:38.890,187.408,20
21910,890,1,131,10,1,1,1,1,25,70,1:42:29.445,6149445,69,3,1:24.647,186.322,1
21911,890,8,208,7,6,2,2,2,18,70,+10.938,6160383,61,6,1:25.260,184.982,1
21912,890,20,9,1,2,3,3,3,15,70,+12.459,6161904,57,2,1:24.553,186.529,1
21913,890,17,9,2,10,4,4,4,12,70,+18.044,6167489,61,1,1:24.069,187.603,1
21914,890,4,6,3,5,5,5,5,10,70,+31.411,6180856,56,8,1:25.394,184.692,1
21915,890,154,208,8,3,6,6,6,8,70,+52.295,6201740,54,7,1:25.328,184.834,1
21916,890,18,1,5,13,7,7,7,6,70,+53.819,6203264,56,11,1:26.195,182.975,1
21917,890,13,6,4,7,8,8,8,4,70,+56.447,6205892,59,5,1:25.176,185.164,1
21918,890,815,1,6,9,9,9,9,2,69,\N,\N,59,10,1:26.143,183.086,11
21919,890,813,3,16,15,10,10,10,1,69,\N,\N,69,9,1:25.597,184.254,11
21920,890,807,15,11,12,11,11,11,0,69,\N,\N,58,14,1:26.740,181.826,11
21921,890,818,5,18,14,12,12,12,0,69,\N,\N,53,12,1:26.491,182.349,11
21922,890,817,5,19,8,13,13,13,0,69,\N,\N,58,15,1:26.863,181.568,11
21923,890,823,207,21,20,14,14,14,0,68,\N,\N,47,17,1:27.473,180.302,12
21924,890,819,207,20,19,15,15,15,0,68,\N,\N,54,18,1:27.725,179.784,12
21925,890,824,206,22,21,16,16,16,0,67,\N,\N,57,20,1:28.250,178.715,13
21926,890,820,206,23,22,17,17,17,0,67,\N,\N,65,19,1:28.160,178.897,13
21927,890,814,10,14,18,18,18,18,0,66,\N,\N,55,13,1:26.608,182.103,9
21928,890,3,131,9,4,19,19,19,0,64,\N,\N,62,4,1:25.089,185.354,5
21929,890,822,3,17,16,\N,R,20,0,42,\N,\N,41,16,1:27.127,181.018,9
21930,890,821,15,12,17,\N,R,21,0,28,\N,\N,16,22,1:29.135,176.94,7
21931,890,16,10,15,11,\N,R,22,0,19,\N,\N,12,21,1:28.548,178.113,9
21932,891,20,9,1,2,1,1,1,25,44,1:23:42.196,5022196,40,1,1:50.756,227.657,1
21933,891,4,6,3,9,2,2,2,18,44,+16.869,5039065,36,4,1:51.383,226.375,1
21934,891,1,131,10,1,3,3,3,15,44,+27.734,5049930,39,7,1:51.596,225.943,1
21935,891,3,131,9,4,4,4,4,12,44,+29.872,5052068,39,6,1:51.582,225.971,1
21936,891,17,9,2,3,5,5,5,10,44,+33.845,5056041,31,5,1:51.397,226.347,1
21937,891,18,1,5,6,6,6,6,8,44,+40.794,5062990,36,2,1:50.823,227.519,1
21938,891,13,6,4,10,7,7,7,6,44,+53.922,5076118,40,9,1:52.182,224.763,1
21939,891,154,208,8,7,8,8,8,4,44,+55.846,5078042,34,11,1:52.497,224.133,1
21940,891,16,10,15,12,9,9,9,2,44,+69.547,5091743,35,10,1:52.226,224.675,1
21941,891,817,5,19,19,10,10,10,1,44,+73.470,5095666,38,3,1:50.967,227.224,1
21942,891,815,1,6,13,11,11,11,0,44,+81.936,5104132,34,16,1:53.472,222.208,1
21943,891,818,5,18,18,12,12,12,0,44,+86.740,5108936,29,14,1:53.065,223.008,1
21944,891,807,15,11,11,13,13,13,0,44,+88.258,5110454,41,15,1:53.110,222.919,1
21945,891,821,15,12,21,14,14,14,0,44,+100.436,5122632,30,8,1:51.849,225.432,1
21946,891,822,3,17,20,15,15,15,0,44,+107.456,5129652,31,13,1:52.688,223.754,1
21947,891,823,207,21,14,16,16,16,0,43,\N,\N,43,18,1:53.995,221.188,11
21948,891,813,3,16,17,17,17,17,0,43,\N,\N,35,12,1:52.579,223.97,11
21949,891,824,206,22,15,18,18,18,0,43,\N,\N,37,20,1:54.894,219.457,11
21950,891,820,206,23,16,19,19,19,0,42,\N,\N,31,21,1:54.924,219.4,12
21951,891,814,10,14,5,\N,R,20,0,26,\N,\N,21,19,1:54.757,219.719,4
21952,891,8,208,7,8,\N,R,21,0,25,\N,\N,20,17,1:53.688,221.785,23
21953,891,819,207,20,22,\N,R,22,0,8,\N,\N,7,22,1:57.330,214.901,44
21954,892,20,9,1,1,1,1,1,25,53,1:18:33.352,4713352,52,12,1:27.190,239.187,1
21955,892,4,6,3,5,2,2,2,18,53,+5.467,4718819,52,5,1:26.797,240.27,1
21956,892,17,9,2,2,3,3,3,15,53,+6.350,4719702,53,3,1:26.690,240.567,1
21957,892,13,6,4,4,4,4,4,12,53,+9.361,4722713,48,10,1:27.095,239.448,1
21958,892,807,15,11,3,5,5,5,10,53,+10.355,4723707,48,4,1:26.716,240.495,1
21959,892,3,131,9,6,6,6,6,8,53,+10.999,4724351,50,2,1:26.500,241.095,1
21960,892,817,5,19,7,7,7,7,6,53,+32.329,4745681,52,13,1:27.294,238.903,1
21961,892,154,208,8,13,8,8,8,4,53,+33.130,4746482,52,8,1:27.043,239.591,1
21962,892,1,131,10,12,9,9,9,2,53,+33.527,4746879,51,1,1:25.849,242.924,1
21963,892,18,1,5,9,10,10,10,1,53,+38.327,4751679,46,16,1:27.830,237.445,1
21964,892,8,208,7,11,11,11,11,0,53,+38.695,4752047,45,6,1:26.948,239.853,1
21965,892,815,1,6,8,12,12,12,0,53,+39.765,4753117,44,15,1:27.607,238.049,1
21966,892,821,15,12,16,13,13,13,0,53,+40.880,4754232,53,9,1:27.092,239.457,1
21967,892,813,3,16,14,14,14,14,0,53,+49.085,4762437,51,7,1:26.981,239.762,1
21968,892,822,3,17,18,15,15,15,0,53,+56.827,4770179,53,11,1:27.166,239.253,1
21969,892,16,10,15,17,16,16,16,0,52,\N,\N,38,14,1:27.418,238.564,11
21970,892,819,207,20,20,17,17,17,0,52,\N,\N,52,17,1:28.620,235.328,11
21971,892,823,207,21,19,18,18,18,0,52,\N,\N,52,18,1:28.663,235.214,11
21972,892,824,206,22,21,19,19,19,0,52,\N,\N,47,20,1:29.595,232.767,11
21973,892,820,206,23,22,20,20,20,0,52,\N,\N,48,19,1:29.491,233.037,11
21974,892,818,5,18,10,\N,R,21,0,14,\N,\N,14,21,1:29.710,232.469,7
21975,892,814,10,14,15,\N,R,22,0,0,\N,\N,\N,0,\N,\N,3
21976,893,20,9,1,1,1,1,1,25,61,1:59:13.132,7153132,46,1,1:48.574,167.94,1
21977,893,4,6,3,7,2,2,2,18,61,+32.627,7185759,44,11,1:51.082,164.149,1
21978,893,8,208,7,13,3,3,3,15,61,+43.920,7197052,55,13,1:51.140,164.063,1
21979,893,3,131,9,2,4,4,4,12,61,+51.155,7204287,51,6,1:50.353,165.233,1
21980,893,1,131,10,5,5,5,5,10,61,+53.159,7206291,59,4,1:49.916,165.89,1
21981,893,13,6,4,6,6,6,6,8,61,+63.877,7217009,45,7,1:50.509,165,1
21982,893,18,1,5,8,7,7,7,6,61,+83.354,7236486,46,15,1:51.740,163.182,1
21983,893,815,1,6,14,8,8,8,4,61,+83.820,7236952,46,16,1:51.926,162.911,1
21984,893,807,15,11,11,9,9,9,2,61,+84.261,7237393,47,18,1:52.186,162.533,1
21985,893,16,10,15,15,10,10,10,1,61,+84.668,7237800,43,2,1:49.656,166.283,1
21986,893,813,3,16,18,11,11,11,0,61,+88.479,7241611,46,8,1:50.708,164.703,1
21987,893,821,15,12,10,12,12,12,0,61,+97.894,7251026,37,17,1:52.007,162.793,1
21988,893,822,3,17,16,13,13,13,0,61,+105.161,7258293,53,14,1:51.706,163.232,1
21989,893,818,5,18,12,14,14,14,0,61,+113.512,7266644,45,5,1:50.328,165.27,1
21990,893,17,9,2,4,15,15,15,0,60,\N,\N,51,3,1:49.783,166.091,34
21991,893,823,207,21,20,16,16,16,0,60,\N,\N,44,19,1:52.472,162.12,11
21992,893,820,206,23,22,17,17,17,0,60,\N,\N,50,21,1:53.041,161.304,11
21993,893,824,206,22,21,18,18,18,0,60,\N,\N,45,20,1:52.898,161.508,11
21994,893,819,207,20,19,19,19,19,0,60,\N,\N,58,10,1:50.990,164.285,11
21995,893,814,10,14,17,20,20,20,0,54,\N,\N,45,9,1:50.739,164.657,3
21996,893,154,208,8,3,\N,R,21,0,37,\N,\N,35,12,1:51.097,164.126,63
21997,893,817,5,19,9,\N,R,22,0,23,\N,\N,23,22,1:53.052,161.288,3
21998,894,20,9,1,1,1,1,1,25,55,1:43:13.701,6193701,53,1,1:41.380,199.388,1
21999,894,8,208,7,9,2,2,2,18,55,+4.224,6197925,51,3,1:41.975,198.225,1
22000,894,154,208,8,3,3,3,3,15,55,+4.927,6198628,46,2,1:41.936,198.3,1
22001,894,807,15,11,7,4,4,4,12,55,+24.114,6217815,53,6,1:42.608,197.002,1
22002,894,1,131,10,2,5,5,5,10,55,+25.255,6218956,53,5,1:42.539,197.134,1
22003,894,4,6,3,5,6,6,6,8,55,+26.189,6219890,54,7,1:42.709,196.808,1
22004,894,3,131,9,4,7,7,7,6,55,+26.698,6220399,54,4,1:42.471,197.265,1
22005,894,18,1,5,11,8,8,8,4,55,+32.262,6225963,45,12,1:43.073,196.113,1
22006,894,13,6,4,6,9,9,9,2,55,+34.390,6228091,47,10,1:42.954,196.34,1
22007,894,815,1,6,10,10,10,10,1,55,+35.155,6228856,47,11,1:42.973,196.303,1
22008,894,821,15,12,8,11,11,11,0,55,+35.990,6229691,55,8,1:42.744,196.741,1
22009,894,822,3,17,17,12,12,12,0,55,+47.049,6240750,44,14,1:43.869,194.61,1
22010,894,813,3,16,18,13,13,13,0,55,+50.013,6243714,43,17,1:44.136,194.111,1
22011,894,819,207,20,19,14,14,14,0,55,+63.578,6257279,54,19,1:44.477,193.477,1
22012,894,823,207,21,20,15,15,15,0,55,+64.501,6258202,55,18,1:44.375,193.667,1
22013,894,824,206,22,22,16,16,16,0,55,+67.970,6261671,54,20,1:44.991,192.53,1
22014,894,820,206,23,21,17,17,17,0,55,+72.898,6266599,48,21,1:45.408,191.769,1
22015,894,818,5,18,16,18,18,18,0,53,\N,\N,52,15,1:44.090,194.197,12
22016,894,817,5,19,12,19,19,19,0,52,\N,\N,52,9,1:42.947,196.353,13
22017,894,16,10,15,14,20,20,20,0,50,\N,\N,43,16,1:44.095,194.188,4
22018,894,17,9,2,13,\N,R,21,0,36,\N,\N,27,13,1:43.863,194.621,4
22019,894,814,10,14,15,\N,R,22,0,24,\N,\N,10,22,1:46.411,189.961,20
22020,895,20,9,1,2,1,1,1,25,53,1:26:49.301,5209301,39,4,1:35.317,219.322,1
22021,895,17,9,2,1,2,2,2,18,53,+7.129,5216430,44,1,1:34.587,221.015,1
22022,895,154,208,8,4,3,3,3,15,53,+9.910,5219211,48,10,1:35.991,217.782,1
22023,895,4,6,3,8,4,4,4,12,53,+45.605,5254906,39,8,1:35.877,218.041,1
22024,895,8,208,7,9,5,5,5,10,53,+47.325,5256626,35,5,1:35.516,218.865,1
22025,895,807,15,11,7,6,6,6,8,53,+51.615,5260916,33,11,1:36.482,216.674,1
22026,895,821,15,12,14,7,7,7,6,53,+71.630,5280931,50,12,1:36.499,216.636,1
22027,895,3,131,9,6,8,8,8,4,53,+72.023,5281324,46,2,1:34.650,220.868,1
22028,895,18,1,5,10,9,9,9,2,53,+80.821,5290122,53,6,1:35.549,218.79,1
22029,895,13,6,4,5,10,10,10,1,53,+89.263,5298564,30,13,1:37.001,215.515,1
22030,895,814,10,14,12,11,11,11,0,53,+98.572,5307873,41,15,1:37.407,214.617,1
22031,895,818,5,18,17,12,12,12,0,52,\N,\N,52,9,1:35.895,218,11
22032,895,817,5,19,16,13,13,13,0,52,\N,\N,52,3,1:35.020,220.008,11
22033,895,16,10,15,22,14,14,14,0,52,\N,\N,29,14,1:37.367,214.705,11
22034,895,815,1,6,11,15,15,15,0,52,\N,\N,46,7,1:35.845,218.114,11
22035,895,813,3,16,15,16,16,16,0,52,\N,\N,30,16,1:37.423,214.581,11
22036,895,822,3,17,13,17,17,17,0,52,\N,\N,43,18,1:37.856,213.632,11
22037,895,819,207,20,20,18,18,18,0,52,\N,\N,51,17,1:37.489,214.436,11
22038,895,820,206,23,18,19,19,19,0,52,\N,\N,45,19,1:38.713,211.777,11
22039,895,1,131,10,3,\N,R,20,0,7,\N,\N,3,20,1:41.202,206.569,29
22040,895,823,207,21,19,\N,R,21,0,0,\N,\N,\N,0,\N,\N,3
22041,895,824,206,22,21,\N,R,22,0,0,\N,\N,\N,0,\N,\N,3
22042,896,20,9,1,1,1,1,1,25,60,1:31:12.187,5472187,54,2,1:28.116,209.383,1
22043,896,3,131,9,2,2,2,2,18,60,+29.823,5502010,49,9,1:28.816,207.732,1
22044,896,154,208,8,17,3,3,3,15,60,+39.892,5512079,57,7,1:28.796,207.779,1
22045,896,13,6,4,5,4,4,4,12,60,+41.692,5513879,54,11,1:28.886,207.569,1
22046,896,815,1,6,9,5,5,5,10,60,+43.829,5516016,59,4,1:28.503,208.467,1
22047,896,1,131,10,3,6,6,6,8,60,+52.475,5524662,53,15,1:29.052,207.182,1
22048,896,8,208,7,6,7,7,7,6,60,+67.988,5540175,60,1,1:27.679,210.426,1
22049,896,814,10,14,12,8,8,8,4,60,+72.868,5545055,58,17,1:29.300,206.606,1
22050,896,16,10,15,13,9,9,9,2,60,+74.734,5546921,60,3,1:28.419,208.665,1
22051,896,817,5,19,11,10,10,10,1,60,+76.237,5548424,60,10,1:28.831,207.697,1
22052,896,4,6,3,8,11,11,11,0,60,+78.297,5550484,58,6,1:28.709,207.983,1
22053,896,813,3,16,18,12,12,12,0,60,+78.951,5551138,56,14,1:29.012,207.275,1
22054,896,818,5,18,14,13,13,13,0,59,\N,\N,53,16,1:29.280,206.653,11
22055,896,18,1,5,10,14,14,14,0,59,\N,\N,57,8,1:28.814,207.737,11
22056,896,821,15,12,16,15,15,15,0,59,\N,\N,49,5,1:28.682,208.046,11
22057,896,822,3,17,15,16,16,16,0,59,\N,\N,52,12,1:28.928,207.471,11
22058,896,820,206,23,22,17,17,17,0,58,\N,\N,56,20,1:30.335,204.239,12
22059,896,824,206,22,19,18,18,18,0,58,\N,\N,57,19,1:30.171,204.611,12
22060,896,807,15,11,7,19,19,19,0,54,\N,\N,52,13,1:28.947,207.426,26
22061,896,17,9,2,4,\N,R,20,0,39,\N,\N,30,18,1:29.500,206.145,91
22062,896,819,207,20,21,\N,R,21,0,35,\N,\N,32,21,1:32.907,198.585,9
22063,896,823,207,21,20,\N,R,22,0,1,\N,\N,\N,0,\N,\N,4
22064,897,20,9,1,2,1,1,1,25,55,1:38:06.106,5886106,51,2,1:43.893,192.451,1
22065,897,17,9,2,1,2,2,2,18,55,+30.829,5916935,49,5,1:44.364,191.583,1
22066,897,3,131,9,3,3,3,3,15,55,+33.650,5919756,51,6,1:44.458,191.41,1
22067,897,154,208,8,6,4,4,4,12,55,+34.802,5920908,54,3,1:44.301,191.699,1
22068,897,4,6,3,10,5,5,5,10,55,+67.181,5953287,55,1,1:43.434,193.305,1
22069,897,814,10,14,11,6,6,6,8,55,+78.174,5964280,55,14,1:45.786,189.007,1
22070,897,1,131,10,4,7,7,7,6,55,+79.267,5965373,47,10,1:45.463,189.586,1
22071,897,13,6,4,7,8,8,8,4,55,+82.886,5968992,52,9,1:45.447,189.615,1
22072,897,815,1,6,8,9,9,9,2,55,+91.198,5977304,51,8,1:45.435,189.637,1
22073,897,16,10,15,17,10,10,10,1,55,+93.257,5979363,48,13,1:45.609,189.324,1
22074,897,813,3,16,14,11,11,11,0,55,+95.989,5982095,55,11,1:45.530,189.466,1
22075,897,18,1,5,12,12,12,12,0,55,+103.767,5989873,43,17,1:46.336,188.03,1
22076,897,821,15,12,16,13,13,13,0,55,+104.295,5990401,43,15,1:45.974,188.672,1
22077,897,807,15,11,5,14,14,14,0,54,\N,\N,52,12,1:45.570,189.394,11
22078,897,822,3,17,15,15,15,15,0,54,\N,\N,54,4,1:44.351,191.607,11
22079,897,817,5,19,9,16,16,16,0,54,\N,\N,46,16,1:46.042,188.551,11
22080,897,818,5,18,13,17,17,17,0,54,\N,\N,53,7,1:44.517,191.302,11
22081,897,823,207,21,18,18,18,18,0,54,\N,\N,48,19,1:46.592,187.578,11
22082,897,819,207,20,19,19,19,19,0,54,\N,\N,50,18,1:46.432,187.86,11
22083,897,824,206,22,21,20,20,20,0,53,\N,\N,52,20,1:47.619,185.788,12
22084,897,820,206,23,20,21,21,21,0,53,\N,\N,52,21,1:47.707,185.636,12
22085,897,8,208,7,22,\N,R,22,0,0,\N,\N,\N,0,\N,\N,3
22086,898,20,9,1,1,1,1,1,25,56,1:39:17.148,5957148,54,1,1:39.856,198.754,1
22087,898,154,208,8,3,2,2,2,18,56,+6.284,5963432,52,2,1:40.445,197.588,1
22088,898,17,9,2,2,3,3,3,15,56,+8.396,5965544,52,4,1:40.591,197.301,1
22089,898,1,131,10,5,4,4,4,12,56,+27.358,5984506,50,5,1:40.818,196.857,1
22090,898,4,6,3,6,5,5,5,10,56,+29.592,5986740,52,10,1:41.186,196.141,1
22091,898,807,15,11,4,6,6,6,8,56,+30.400,5987548,54,6,1:40.952,196.596,1
22092,898,815,1,6,7,7,7,7,6,56,+46.692,6003840,47,15,1:41.830,194.901,1
22093,898,822,3,17,9,8,8,8,4,56,+54.509,6011657,54,3,1:40.492,197.496,1
22094,898,3,131,9,12,9,9,9,2,56,+59.141,6016289,51,8,1:41.133,196.244,1
22095,898,18,1,5,15,10,10,10,1,56,+77.278,6034426,50,12,1:41.285,195.95,1
22096,898,817,5,19,10,11,11,11,0,56,+81.004,6038152,45,16,1:42.119,194.349,1
22097,898,818,5,18,14,12,12,12,0,56,+104.574,6061722,52,13,1:41.320,195.882,1
22098,898,13,6,4,13,13,13,13,0,56,+86.914,6044062,53,11,1:41.209,196.097,1
22099,898,821,15,12,20,14,14,14,0,56,+91.707,6048855,51,14,1:41.401,195.725,1
22100,898,5,208,7,8,15,15,15,0,56,+95.063,6052211,52,7,1:41.028,196.448,1
22101,898,814,10,14,11,16,16,16,0,56,+96.853,6054001,54,9,1:41.148,196.215,1
22102,898,813,3,16,17,17,17,17,0,55,\N,\N,42,17,1:43.058,192.578,11
22103,898,824,206,22,19,18,18,18,0,55,\N,\N,45,18,1:43.419,191.906,11
22104,898,823,207,21,18,19,19,19,0,55,\N,\N,45,20,1:43.933,190.957,11
22105,898,819,207,20,22,20,20,20,0,55,\N,\N,48,21,1:43.968,190.893,11
22106,898,820,206,23,21,21,21,21,0,54,\N,\N,48,19,1:43.775,191.248,12
22107,898,16,10,15,16,\N,R,22,0,0,\N,\N,\N,0,\N,\N,3
22108,899,20,9,1,1,1,1,1,25,71,1:32:36.300,5556300,51,3,1:15.624,205.125,1
22109,899,17,9,2,4,2,2,2,18,71,+10.452,5566752,51,1,1:15.436,205.636,1
22110,899,4,6,3,3,3,3,3,15,71,+18.913,5575213,50,2,1:15.496,205.473,1
22111,899,18,1,5,14,4,4,4,12,71,+37.360,5593660,52,7,1:16.450,202.909,1
22112,899,3,131,9,2,5,5,5,10,71,+39.048,5595348,60,6,1:16.442,202.93,1
22113,899,815,1,6,19,6,6,6,8,71,+44.051,5600351,50,5,1:16.246,203.451,1
22114,899,13,6,4,9,7,7,7,6,71,+49.110,5605410,49,8,1:16.470,202.856,1
22115,899,807,15,11,10,8,8,8,4,71,+64.252,5620552,49,12,1:16.802,201.979,1
22116,899,1,131,10,5,9,9,9,2,71,+72.903,5629203,51,10,1:16.692,202.268,1
22117,899,817,5,19,7,10,10,10,1,70,\N,\N,45,15,1:16.974,201.527,11
22118,899,814,10,14,12,11,11,11,0,70,\N,\N,58,14,1:16.855,201.839,11
22119,899,821,15,12,17,12,12,12,0,70,\N,\N,59,9,1:16.528,202.702,11
22120,899,16,10,15,15,13,13,13,0,70,\N,\N,57,4,1:16.049,203.979,11
22121,899,5,208,7,11,14,14,14,0,70,\N,\N,70,16,1:17.249,200.81,11
22122,899,818,5,18,8,15,15,15,0,70,\N,\N,49,11,1:16.790,202.01,11
22123,899,813,3,16,16,16,16,16,0,70,\N,\N,45,18,1:17.554,200.02,11
22124,899,824,206,22,21,17,17,17,0,69,\N,\N,67,20,1:17.717,199.601,12
22125,899,823,207,21,20,18,18,18,0,69,\N,\N,51,19,1:17.590,199.927,12
22126,899,820,206,23,22,19,19,19,0,69,\N,\N,68,17,1:17.281,200.727,12
22127,899,819,207,20,18,\N,R,20,0,58,\N,\N,27,21,1:18.434,197.776,26
22128,899,822,3,17,13,\N,R,21,0,45,\N,\N,43,13,1:16.840,201.879,3
22129,899,154,208,8,6,\N,R,22,0,2,\N,\N,2,22,1:20.898,191.752,5
22130,900,3,131,6,3,1,1,1,25,57,1:32:58.710,5578710,19,1,1:32.478,206.436,1
22131,900,825,1,20,4,2,2,2,18,57,+26.777,5605487,49,6,1:33.066,205.131,1
22132,900,18,1,22,10,3,3,3,15,57,+30.027,5608737,39,5,1:32.917,205.46,1
22133,900,4,6,14,5,4,4,4,12,57,+35.284,5613994,57,7,1:33.186,204.867,1
22134,900,822,3,77,15,5,5,5,10,57,+47.639,5626349,56,3,1:32.616,206.128,1
22135,900,807,10,27,7,6,6,6,8,57,+50.718,5629428,56,2,1:32.568,206.235,1
22136,900,8,6,7,11,7,7,7,6,57,+57.675,5636385,56,8,1:33.210,204.814,1
22137,900,818,5,25,6,8,8,8,4,57,+60.441,5639151,56,10,1:33.691,203.763,1
22138,900,826,5,26,8,9,9,9,2,57,+63.585,5642295,35,11,1:33.864,203.387,1
22139,900,815,10,11,16,10,10,10,1,57,+85.916,5664626,38,4,1:32.634,206.088,1
22140,900,16,15,99,13,11,11,11,0,56,\N,\N,34,9,1:33.366,204.472,11
22141,900,821,15,21,20,12,12,12,0,56,\N,\N,41,13,1:34.564,201.882,11
22142,900,820,206,4,17,13,13,13,0,55,\N,\N,33,12,1:34.202,202.658,12
22143,900,824,206,17,18,\N,N,14,0,49,\N,\N,55,16,1:35.635,199.621,18
22144,900,154,208,8,22,\N,R,15,0,43,\N,\N,41,15,1:35.281,200.363,132
22145,900,813,208,13,21,\N,R,16,0,29,\N,\N,30,14,1:34.766,201.451,132
22146,900,828,207,9,19,\N,R,17,0,27,\N,\N,17,18,1:37.332,196.141,51
22147,900,20,9,1,12,\N,R,18,0,3,\N,\N,26,17,1:37.064,196.682,5
22148,900,1,131,44,1,\N,R,19,0,2,\N,\N,2,20,1:49.947,173.636,5
22149,900,13,3,19,9,\N,R,20,0,0,\N,\N,2,19,1:40.287,190.361,4
22150,900,155,207,10,14,\N,R,21,0,0,\N,\N,\N,0,\N,\N,4
22151,900,817,9,3,2,\N,D,22,0,57,+24.525,5603235,\N,0,\N,\N,2
22152,901,1,131,44,1,1,1,1,25,56,1:40:25.974,6025974,53,1,1:43.066,193.611,1
22153,901,3,131,6,3,2,2,2,18,56,+17.313,6043287,55,2,1:43.960,191.946,1
22154,901,20,9,1,2,3,3,3,15,56,+24.534,6050508,51,4,1:44.289,191.341,1
22155,901,4,6,14,4,4,4,4,12,56,+35.992,6061966,47,3,1:44.165,191.569,1
22156,901,807,10,27,7,5,5,5,10,56,+47.199,6073173,38,10,1:45.982,188.284,1
22157,901,18,1,22,10,6,6,6,8,56,+83.691,6109665,47,11,1:46.039,188.183,1
22158,901,13,3,19,13,7,7,7,6,56,+85.076,6111050,44,6,1:44.897,190.232,1
22159,901,822,3,77,18,8,8,8,4,56,+85.537,6111511,31,9,1:45.475,189.189,1
22160,901,825,1,20,8,9,9,9,2,55,\N,\N,44,8,1:45.373,189.372,11
22161,901,826,5,26,11,10,10,10,1,55,\N,\N,36,13,1:46.695,187.026,11
22162,901,154,208,8,15,11,11,11,0,55,\N,\N,42,12,1:46.224,187.855,11
22163,901,8,6,7,6,12,12,12,0,55,\N,\N,36,7,1:45.129,189.812,11
22164,901,155,207,10,20,13,13,13,0,55,\N,\N,53,15,1:47.753,185.19,11
22165,901,828,207,9,22,14,14,14,0,54,\N,\N,40,14,1:47.500,185.626,12
22166,901,820,206,4,21,15,15,15,0,54,\N,\N,49,18,1:48.249,184.341,12
22167,901,817,9,3,5,\N,R,16,0,49,\N,\N,48,5,1:44.675,190.635,39
22168,901,821,15,21,12,\N,R,17,0,35,\N,\N,27,16,1:47.782,185.14,6
22169,901,16,15,99,17,\N,R,18,0,32,\N,\N,27,17,1:48.040,184.698,10
22170,901,818,5,25,9,\N,R,19,0,18,\N,\N,4,19,1:48.527,183.869,131
22171,901,824,206,17,19,\N,R,20,0,8,\N,\N,4,21,1:51.473,179.01,23
22172,901,813,208,13,16,\N,R,21,0,7,\N,\N,6,20,1:50.929,179.888,5
22173,901,815,10,11,14,\N,W,22,0,0,\N,\N,\N,0,\N,\N,54
22174,902,1,131,44,2,1,1,1,25,57,1:39:42.743,5982743,49,2,1:37.108,200.634,1
22175,902,3,131,6,1,2,2,2,18,57,+1.085,5983828,49,1,1:37.020,200.816,1
22176,902,815,10,11,4,3,3,3,15,57,+24.067,6006810,36,7,1:39.320,196.165,1
22177,902,817,9,3,13,4,4,4,12,57,+24.489,6007232,38,4,1:39.269,196.266,1
22178,902,807,10,27,11,5,5,5,10,57,+28.654,6011397,37,3,1:38.785,197.228,1
22179,902,20,9,1,10,6,6,6,8,57,+29.879,6012622,18,6,1:39.312,196.181,1
22180,902,13,3,19,7,7,7,7,6,57,+31.265,6014008,40,5,1:39.272,196.26,1
22181,902,822,3,77,3,8,8,8,4,57,+31.876,6014619,50,13,1:39.762,195.296,1
22182,902,4,6,14,9,9,9,9,2,57,+32.595,6015338,53,12,1:39.732,195.355,1
22183,902,8,6,7,5,10,10,10,1,57,+33.462,6016205,35,8,1:39.438,195.933,1
22184,902,826,5,26,12,11,11,11,0,57,+41.342,6024085,12,15,1:40.160,194.52,1
22185,902,154,208,8,16,12,12,12,0,57,+43.143,6025886,39,9,1:39.443,195.923,1
22186,902,820,206,4,21,13,13,13,0,57,+59.909,6042652,48,21,1:41.825,191.34,1
22187,902,813,208,13,17,14,14,14,0,57,+62.803,6045546,52,11,1:39.666,195.484,1
22188,902,155,207,10,18,15,15,15,0,57,+87.900,6070643,17,18,1:41.246,192.434,1
22189,902,824,206,17,19,16,16,16,0,56,\N,\N,44,22,1:42.175,190.684,11
22190,902,18,1,22,6,17,17,17,0,55,\N,\N,37,10,1:39.565,195.683,8
22191,902,825,1,20,8,\N,R,18,0,40,\N,\N,40,14,1:40.108,194.621,8
22192,902,821,15,21,15,\N,R,19,0,39,\N,\N,32,16,1:40.698,193.481,4
22193,902,828,207,9,20,\N,R,20,0,33,\N,\N,28,17,1:41.134,192.647,31
22194,902,818,5,25,14,\N,R,21,0,18,\N,\N,16,19,1:41.650,191.669,31
22195,902,16,15,99,22,\N,R,22,0,17,\N,\N,9,20,1:41.791,191.403,4
22196,903,1,131,44,1,1,1,1,25,54,1:33:28.338,5608338,42,2,1:41.196,193.916,1
22197,903,3,131,6,4,2,2,2,18,54,+18.062,5626400,39,1,1:40.402,195.45,1
22198,903,4,6,14,5,3,3,3,15,54,+23.604,5631942,48,4,1:42.081,192.235,1
22199,903,817,9,3,2,4,4,4,12,54,+27.136,5635474,39,3,1:41.473,193.387,1
22200,903,20,9,1,3,5,5,5,10,54,+47.778,5656116,37,5,1:42.169,192.07,1
22201,903,807,10,27,8,6,6,6,8,54,+54.295,5662633,33,10,1:42.624,191.218,1
22202,903,822,3,77,7,7,7,7,6,54,+55.697,5664035,52,11,1:42.660,191.151,1
22203,903,8,6,7,11,8,8,8,4,54,+76.335,5684673,34,8,1:42.300,191.824,1
22204,903,815,10,11,16,9,9,9,2,54,+82.647,5690985,32,6,1:42.228,191.959,1
22205,903,826,5,26,13,10,10,10,1,53,\N,\N,33,17,1:43.337,189.899,11
22206,903,18,1,22,12,11,11,11,0,53,\N,\N,30,18,1:43.375,189.829,11
22207,903,818,5,25,9,12,12,12,0,53,\N,\N,34,14,1:42.896,190.712,11
22208,903,825,1,20,15,13,13,13,0,53,\N,\N,33,12,1:42.701,191.075,11
22209,903,813,208,13,22,14,14,14,0,53,\N,\N,34,15,1:43.067,190.396,11
22210,903,13,3,19,6,15,15,15,0,53,\N,\N,34,9,1:42.379,191.676,11
22211,903,821,15,21,17,16,16,16,0,53,\N,\N,42,7,1:42.257,191.904,11
22212,903,824,206,17,19,17,17,17,0,53,\N,\N,36,21,1:44.825,187.203,11
22213,903,155,207,10,18,18,18,18,0,53,\N,\N,48,16,1:43.323,189.924,11
22214,903,820,206,4,21,19,19,19,0,52,\N,\N,50,13,1:42.875,190.751,12
22215,903,828,207,9,20,20,20,20,0,52,\N,\N,30,19,1:43.620,189.38,12
22216,903,154,208,8,10,\N,R,21,0,28,\N,\N,4,20,1:44.366,188.026,6
22217,903,16,15,99,14,\N,R,22,0,5,\N,\N,2,22,1:58.376,165.773,5
22218,904,1,131,44,1,1,1,1,25,66,1:41:05.155,6065155,54,3,1:29.483,187.275,1
22219,904,3,131,6,2,2,2,2,18,66,+0.636,6065791,51,2,1:29.236,187.794,1
22220,904,817,9,3,3,3,3,3,15,66,+49.014,6114169,65,5,1:30.012,186.175,1
22221,904,20,9,1,15,4,4,4,12,66,+76.702,6141857,55,1,1:28.918,188.465,1
22222,904,822,3,77,4,5,5,5,10,66,+79.293,6144448,47,8,1:30.424,185.326,1
22223,904,4,6,14,7,6,6,6,8,66,+87.743,6152898,55,4,1:29.898,186.411,1
22224,904,8,6,7,6,7,7,7,6,65,\N,\N,53,11,1:30.580,185.007,11
22225,904,154,208,8,5,8,8,8,4,65,\N,\N,47,14,1:31.068,184.016,11
22226,904,815,10,11,11,9,9,9,2,65,\N,\N,39,13,1:30.756,184.648,11
22227,904,807,10,27,10,10,10,10,1,65,\N,\N,42,16,1:31.411,183.325,11
22228,904,18,1,22,8,11,11,11,0,65,\N,\N,43,10,1:30.563,185.042,11
22229,904,825,1,20,14,12,12,12,0,65,\N,\N,43,7,1:30.318,185.544,11
22230,904,13,3,19,9,13,13,13,0,65,\N,\N,55,9,1:30.468,185.236,11
22231,904,826,5,26,12,14,14,14,0,65,\N,\N,59,6,1:30.269,185.645,11
22232,904,813,208,13,22,15,15,15,0,65,\N,\N,39,15,1:31.235,183.679,11
22233,904,821,15,21,13,16,16,16,0,65,\N,\N,55,12,1:30.666,184.832,11
22234,904,16,15,99,16,17,17,17,0,65,\N,\N,38,17,1:31.473,183.201,11
22235,904,824,206,17,18,18,18,18,0,64,\N,\N,46,20,1:31.784,182.58,12
22236,904,820,206,4,17,19,19,19,0,64,\N,\N,44,18,1:31.767,182.614,12
22237,904,828,207,9,19,20,20,20,0,64,\N,\N,54,22,1:33.350,179.517,12
22238,904,155,207,10,20,\N,R,21,0,34,\N,\N,25,21,1:33.064,180.069,23
22239,904,818,5,25,21,\N,R,22,0,24,\N,\N,18,19,1:31.781,182.586,43
22240,905,3,131,6,1,1,1,1,25,78,1:49:27.661,6567661,33,4,1:19.425,151.388,1
22241,905,1,131,44,2,2,2,2,18,78,+9.210,6576871,34,3,1:19.361,151.51,1
22242,905,817,9,3,3,3,3,3,15,78,+9.614,6577275,70,2,1:19.252,151.718,1
22243,905,4,6,14,5,4,4,4,12,78,+32.452,6600113,54,5,1:19.727,150.814,1
22244,905,807,10,27,11,5,5,5,10,77,\N,\N,38,9,1:20.767,148.872,11
22245,905,18,1,22,12,6,6,6,8,77,\N,\N,42,12,1:21.047,148.358,11
22246,905,13,3,19,16,7,7,7,6,77,\N,\N,48,6,1:20.314,149.712,11
22247,905,154,208,8,14,8,8,8,4,77,\N,\N,53,11,1:20.979,148.482,11
22248,905,824,206,17,21,9,9,9,2,77,\N,\N,42,16,1:21.254,147.98,11
22249,905,825,1,20,8,10,10,10,1,77,\N,\N,75,8,1:20.657,149.075,11
22250,905,828,207,9,22,11,11,11,0,77,\N,\N,53,10,1:20.911,148.607,11
22251,905,8,6,7,6,12,12,12,0,77,\N,\N,75,1,1:18.479,153.212,11
22252,905,155,207,10,20,13,13,13,0,75,\N,\N,16,19,1:22.425,145.878,12
22253,905,820,206,4,19,14,14,14,0,75,\N,\N,69,7,1:20.579,149.22,13
22254,905,821,15,21,17,\N,R,15,0,59,\N,\N,41,15,1:21.146,148.177,3
22255,905,822,3,77,13,\N,R,16,0,55,\N,\N,50,14,1:21.105,148.252,5
22256,905,818,5,25,7,\N,R,17,0,50,\N,\N,35,13,1:21.083,148.292,5
22257,905,16,15,99,18,\N,R,18,0,23,\N,\N,23,17,1:21.761,147.062,3
22258,905,826,5,26,9,\N,R,19,0,10,\N,\N,8,18,1:22.011,146.614,26
22259,905,20,9,1,4,\N,R,20,0,5,\N,\N,3,20,1:59.505,100.615,101
22260,905,815,10,11,10,\N,R,21,0,0,\N,\N,\N,0,\N,\N,4
22261,905,813,208,13,15,\N,W,22,0,0,\N,\N,\N,0,\N,\N,54
22262,906,817,9,3,6,1,1,1,25,70,1:39:12.830,5952830,68,4,1:18.640,199.638,1
22263,906,3,131,6,1,2,2,2,18,70,+4.236,5957066,33,7,1:18.881,199.028,1
22264,906,20,9,1,3,3,3,3,15,70,+5.247,5958077,48,10,1:19.171,198.299,1
22265,906,18,1,22,9,4,4,4,12,70,+11.755,5964585,64,5,1:18.759,199.337,1
22266,906,807,10,27,11,5,5,5,10,70,+12.843,5965673,64,8,1:18.936,198.89,1
22267,906,4,6,14,7,6,6,6,8,70,+14.869,5967699,64,3,1:18.614,199.704,1
22268,906,822,3,77,4,7,7,7,6,70,+23.578,5976408,52,11,1:19.321,197.924,1
22269,906,818,5,25,8,8,8,8,4,70,+28.026,5980856,56,12,1:19.399,197.73,1
22270,906,825,1,20,12,9,9,9,2,70,+29.254,5982084,56,6,1:18.819,199.185,1
22271,906,8,6,7,10,10,10,10,1,70,+53.678,6006508,68,2,1:18.529,199.921,1
22272,906,815,10,11,13,11,11,11,0,69,\N,\N,63,13,1:19.491,197.501,4
22273,906,13,3,19,5,12,12,12,0,69,\N,\N,58,1,1:18.504,199.984,4
22274,906,16,15,99,16,13,13,13,0,69,\N,\N,66,17,1:20.226,195.692,11
22275,906,821,15,21,22,14,14,14,0,64,\N,\N,51,16,1:20.112,195.97,132
22276,906,154,208,8,14,\N,R,15,0,59,\N,\N,54,14,1:19.650,197.107,65
22277,906,826,5,26,15,\N,R,16,0,47,\N,\N,43,15,1:19.978,196.298,79
22278,906,1,131,44,2,\N,R,17,0,46,\N,\N,24,9,1:18.942,198.875,23
22279,906,155,207,10,21,\N,R,18,0,23,\N,\N,20,19,1:23.130,188.856,22
22280,906,813,208,13,17,\N,R,19,0,21,\N,\N,21,18,1:21.514,192.6,131
22281,906,828,207,9,20,\N,R,20,0,7,\N,\N,7,20,1:51.041,141.385,101
22282,906,820,206,4,18,\N,R,21,0,0,\N,\N,\N,0,\N,\N,4
22283,906,824,206,17,19,\N,R,22,0,0,\N,\N,\N,0,\N,\N,4
22284,907,3,131,6,3,1,1,1,25,71,1:27:54.976,5274976,50,6,1:12.598,214.518,1
22285,907,1,131,44,9,2,2,2,18,71,+1.932,5276908,41,2,1:12.217,215.65,1
22286,907,822,3,77,2,3,3,3,15,71,+8.172,5283148,63,3,1:12.581,214.568,1
22287,907,13,3,19,1,4,4,4,12,71,+17.358,5292334,63,4,1:12.586,214.553,1
22288,907,4,6,14,4,5,5,5,10,71,+18.553,5293529,58,5,1:12.595,214.527,1
22289,907,815,10,11,15,6,6,6,8,71,+28.546,5303522,59,1,1:12.142,215.874,1
22290,907,825,1,20,6,7,7,7,6,71,+32.031,5307007,53,7,1:12.746,214.081,1
22291,907,817,9,3,5,8,8,8,4,71,+43.522,5318498,55,10,1:13.060,213.161,1
22292,907,807,10,27,10,9,9,9,2,71,+44.137,5319113,60,11,1:13.156,212.882,1
22293,907,8,6,7,8,10,10,10,1,71,+47.777,5322753,55,9,1:12.884,213.676,1
22294,907,18,1,22,11,11,11,11,0,71,+50.966,5325942,60,8,1:12.858,213.752,1
22295,907,813,208,13,13,12,12,12,0,70,\N,\N,64,12,1:13.187,212.791,11
22296,907,16,15,99,16,13,13,13,0,70,\N,\N,59,14,1:13.709,211.284,11
22297,907,154,208,8,22,14,14,14,0,70,\N,\N,42,15,1:13.953,210.587,11
22298,907,824,206,17,18,15,15,15,0,69,\N,\N,65,19,1:14.476,209.108,12
22299,907,155,207,10,19,16,16,16,0,69,\N,\N,40,22,1:15.274,206.892,12
22300,907,820,206,4,21,17,17,17,0,69,\N,\N,40,21,1:14.847,208.072,12
22301,907,828,207,9,20,18,18,18,0,69,\N,\N,33,20,1:14.672,208.56,12
22302,907,821,15,21,17,19,19,19,0,69,\N,\N,53,16,1:14.036,210.351,12
22303,907,818,5,25,14,\N,R,20,0,59,\N,\N,55,13,1:13.317,212.414,23
22304,907,20,9,1,12,\N,R,21,0,34,\N,\N,30,17,1:14.254,209.734,10
22305,907,826,5,26,7,\N,R,22,0,24,\N,\N,23,18,1:14.332,209.514,22
22306,908,1,131,44,6,1,1,1,25,52,2:26:52.094,8812094,26,1,1:37.176,218.239,1
22307,908,822,3,77,14,2,2,2,18,52,+30.135,8842229,34,4,1:38.264,215.822,1
22308,908,817,9,3,8,3,3,3,15,52,+46.495,8858589,34,7,1:38.459,215.395,1
22309,908,18,1,22,3,4,4,4,12,52,+47.390,8859484,52,5,1:38.284,215.778,1
22310,908,20,9,1,2,5,5,5,10,52,+53.864,8865958,52,2,1:37.481,217.556,1
22311,908,4,6,14,16,6,6,6,8,52,+59.946,8872040,52,8,1:38.587,215.115,1
22312,908,825,1,20,5,7,7,7,6,52,+62.563,8874657,32,10,1:38.677,214.919,1
22313,908,807,10,27,4,8,8,8,4,52,+88.692,8900786,52,9,1:38.625,215.032,1
22314,908,826,5,26,9,9,9,9,2,52,+89.340,8901434,45,6,1:38.407,215.509,1
22315,908,818,5,25,10,10,10,10,1,51,\N,\N,44,13,1:39.261,213.654,11
22316,908,815,10,11,7,11,11,11,0,51,\N,\N,41,11,1:38.716,214.834,11
22317,908,154,208,8,11,12,12,12,0,51,\N,\N,48,12,1:38.919,214.393,11
22318,908,16,15,99,13,13,13,13,0,51,\N,\N,34,15,1:40.041,211.989,11
22319,908,824,206,17,12,14,14,14,0,51,\N,\N,51,14,1:39.961,212.158,11
22320,908,155,207,10,22,15,15,15,0,50,\N,\N,31,18,1:41.462,209.02,12
22321,908,820,206,4,17,16,16,16,0,50,\N,\N,50,17,1:40.399,211.233,12
22322,908,813,208,13,20,17,17,17,0,49,\N,\N,48,16,1:40.314,211.412,13
22323,908,3,131,6,1,\N,R,18,0,28,\N,\N,26,3,1:38.091,216.203,6
22324,908,828,207,9,21,\N,R,19,0,11,\N,\N,7,20,1:44.319,203.295,22
22325,908,821,15,21,19,\N,R,20,0,9,\N,\N,7,19,1:42.566,206.77,4
22326,908,13,3,19,15,\N,R,21,0,0,\N,\N,\N,0,\N,\N,4
22327,908,8,6,7,18,\N,R,22,0,0,\N,\N,\N,0,\N,\N,4
22328,909,3,131,6,1,1,1,1,25,67,1:33:42.914,5622914,67,6,1:21.298,202.543,1
22329,909,822,3,77,2,2,2,2,18,67,+20.789,5643703,45,9,1:21.494,202.056,1
22330,909,1,131,44,20,3,3,3,15,67,+22.530,5645444,53,1,1:19.908,206.066,1
22331,909,20,9,1,6,4,4,4,12,67,+44.014,5666928,39,10,1:21.545,201.93,1
22332,909,4,6,14,7,5,5,5,10,67,+52.467,5675381,57,3,1:20.548,204.429,1
22333,909,817,9,3,5,6,6,6,8,67,+52.549,5675463,53,5,1:20.846,203.676,1
22334,909,807,10,27,9,7,7,7,6,67,+64.178,5687092,44,13,1:22.098,200.57,1
22335,909,18,1,22,11,8,8,8,4,67,+84.711,5707625,64,8,1:21.346,202.424,1
22336,909,825,1,20,4,9,9,9,2,66,\N,\N,56,2,1:20.224,205.255,11
22337,909,815,10,11,10,10,10,10,1,66,\N,\N,54,4,1:20.752,203.913,11
22338,909,8,6,7,12,11,11,11,0,66,\N,\N,55,7,1:21.338,202.444,11
22339,909,813,208,13,18,12,12,12,0,66,\N,\N,41,15,1:22.305,200.065,11
22340,909,818,5,25,13,13,13,13,0,66,\N,\N,58,11,1:21.876,201.113,11
22341,909,821,15,21,16,14,14,14,0,66,\N,\N,61,12,1:22.008,200.79,11
22342,909,824,206,17,17,15,15,15,0,66,\N,\N,57,16,1:22.522,199.539,11
22343,909,155,207,10,19,16,16,16,0,65,\N,\N,50,18,1:22.866,198.711,12
22344,909,820,206,4,21,17,17,17,0,65,\N,\N,50,19,1:23.035,198.306,12
22345,909,828,207,9,22,18,18,18,0,65,\N,\N,49,20,1:23.230,197.842,12
22346,909,16,15,99,15,\N,R,19,0,47,\N,\N,41,17,1:22.529,199.522,23
22347,909,826,5,26,8,\N,R,20,0,44,\N,\N,34,14,1:22.179,200.372,44
22348,909,154,208,8,14,\N,R,21,0,26,\N,\N,26,21,1:24.137,195.709,47
22349,909,13,3,19,3,\N,R,22,0,0,\N,\N,\N,0,\N,\N,4
22350,910,817,9,3,4,1,1,1,25,70,1:53:05.058,6785058,58,2,1:26.608,182.103,1
22351,910,4,6,14,5,2,2,2,18,70,+5.225,6790283,40,5,1:27.419,180.413,1
22352,910,1,131,44,22,3,3,3,15,70,+5.857,6790915,36,4,1:27.380,180.494,1
22353,910,3,131,6,1,4,4,4,12,70,+6.361,6791419,64,1,1:25.724,183.981,1
22354,910,13,3,19,6,5,5,5,10,70,+29.841,6814899,51,7,1:28.229,178.757,1
22355,910,8,6,7,16,6,6,6,8,70,+31.491,6816549,47,6,1:27.983,179.257,1
22356,910,20,9,1,2,7,7,7,6,70,+40.964,6826022,52,9,1:28.746,177.716,1
22357,910,822,3,77,3,8,8,8,4,70,+41.344,6826402,63,3,1:26.850,181.595,1
22358,910,818,5,25,8,9,9,9,2,70,+58.527,6843585,31,11,1:29.120,176.97,1
22359,910,18,1,22,7,10,10,10,1,70,+67.280,6852338,50,13,1:29.156,176.898,1
22360,910,16,15,99,11,11,11,11,0,70,+68.169,6853227,41,8,1:28.704,177.8,1
22361,910,825,1,20,21,12,12,12,0,70,+78.465,6863523,41,10,1:28.883,177.442,1
22362,910,813,208,13,20,13,13,13,0,70,+84.024,6869082,45,12,1:29.128,176.954,1
22363,910,826,5,26,10,14,14,14,0,69,\N,\N,51,14,1:29.401,176.414,11
22364,910,824,206,17,15,15,15,15,0,69,\N,\N,49,16,1:29.883,175.468,11
22365,910,820,206,4,18,16,16,16,0,69,\N,\N,47,15,1:29.499,176.22,11
22366,910,821,15,21,13,\N,R,17,0,33,\N,\N,29,18,1:30.485,174.3,31
22367,910,155,207,10,17,\N,R,18,0,26,\N,\N,21,19,1:32.888,169.791,31
22368,910,815,10,11,12,\N,R,19,0,23,\N,\N,21,17,1:30.280,174.696,3
22369,910,807,10,27,9,\N,R,20,0,16,\N,\N,14,20,1:41.151,155.921,3
22370,910,154,208,8,14,\N,R,21,0,11,\N,\N,7,21,1:46.312,148.352,3
22371,910,828,207,9,19,\N,R,22,0,8,\N,\N,6,22,1:48.459,145.415,3
22373,911,817,9,3,5,1,1,1,25,44,1:24:36.556,5076556,44,6,1:52.974,223.187,1
22374,911,3,131,6,1,2,2,2,18,44,+3.383,5079939,36,1,1:50.511,228.161,1
22375,911,822,3,77,6,3,3,3,15,44,+28.032,5104588,40,4,1:52.716,223.698,1
22376,911,8,6,7,8,4,4,4,12,44,+36.815,5113371,39,13,1:54.090,221.004,1
22377,911,20,9,1,3,5,5,5,10,44,+52.196,5128752,36,5,1:52.953,223.229,1
22378,911,18,1,22,10,6,6,6,8,44,+54.580,5131136,38,8,1:53.483,222.186,1
22379,911,4,6,14,4,7,7,7,6,44,+61.162,5137718,29,11,1:53.879,221.413,1
22380,911,815,10,11,13,8,8,8,4,44,+64.293,5140849,28,16,1:54.532,220.151,1
22381,911,826,5,26,11,9,9,9,2,44,+65.347,5141903,26,14,1:54.159,220.87,1
22382,911,807,10,27,18,10,10,10,1,44,+65.697,5142253,40,9,1:53.612,221.934,1
22383,911,818,5,25,12,11,11,11,0,44,+71.920,5148476,31,7,1:53.276,222.592,1
22384,911,825,1,20,7,12,12,12,0,44,+74.262,5150818,28,15,1:54.203,220.785,1
22385,911,13,3,19,9,13,13,13,0,44,+75.975,5152531,37,3,1:52.512,224.104,1
22386,911,16,15,99,14,14,14,14,0,44,+82.447,5159003,36,2,1:52.413,224.301,1
22387,911,821,15,21,20,15,15,15,0,44,+90.825,5167381,32,12,1:54.000,221.178,1
22388,911,820,206,4,19,16,16,16,0,43,\N,\N,31,17,1:55.247,218.785,11
22389,911,828,207,9,22,17,17,17,0,43,\N,\N,26,19,1:55.900,217.553,11
22390,911,824,206,17,16,18,18,18,0,39,\N,\N,32,20,1:56.347,216.717,6
22391,911,1,131,44,2,\N,R,19,0,38,\N,\N,33,10,1:53.707,221.748,31
22392,911,154,208,8,15,\N,R,20,0,33,\N,\N,21,18,1:55.649,218.025,31
22393,911,813,208,13,17,\N,R,21,0,1,\N,\N,\N,0,\N,\N,26
22394,911,827,207,45,21,\N,R,22,0,1,\N,\N,\N,0,\N,\N,131
22395,912,1,131,44,1,1,1,1,25,53,1:19:10.236,4750236,29,1,1:28.004,236.975,1
22396,912,3,131,6,2,2,2,2,18,53,+3.175,4753411,51,2,1:28.206,236.432,1
22397,912,13,3,19,4,3,3,3,15,53,+25.026,4775262,46,3,1:28.342,236.068,1
22398,912,822,3,77,3,4,4,4,12,53,+40.786,4791022,50,5,1:28.559,235.49,1
22399,912,817,9,3,9,5,5,5,10,53,+50.309,4800545,53,6,1:28.588,235.413,1
22400,912,20,9,1,8,6,6,6,8,53,+59.965,4810201,34,10,1:29.141,233.952,1
22401,912,815,10,11,10,7,7,7,6,53,+62.518,4812754,35,8,1:29.107,234.042,1
22402,912,18,1,22,6,8,8,8,4,53,+63.063,4813299,35,11,1:29.245,233.68,1
22403,912,8,6,7,11,9,9,9,2,53,+63.535,4813771,43,7,1:28.942,234.476,1
22404,912,825,1,20,5,10,10,10,1,53,+66.171,4816407,34,12,1:29.283,233.58,1
22405,912,826,5,26,21,11,11,11,0,53,+71.184,4821420,51,4,1:28.486,235.684,1
22406,912,807,10,27,13,12,12,12,0,53,+72.606,4822842,35,13,1:29.366,233.363,1
22407,912,818,5,25,12,13,13,13,0,53,+73.093,4823329,39,9,1:29.121,234.005,1
22408,912,813,208,13,16,14,14,14,0,52,\N,\N,32,17,1:29.856,232.091,11
22409,912,16,15,99,14,15,15,15,0,52,\N,\N,46,14,1:29.375,233.34,11
22410,912,154,208,8,17,16,16,16,0,52,\N,\N,38,18,1:30.083,231.506,11
22411,912,155,207,10,18,17,17,17,0,52,\N,\N,35,21,1:30.758,229.784,11
22412,912,824,206,17,19,18,18,18,0,52,\N,\N,51,20,1:30.521,230.386,11
22413,912,821,15,21,15,19,19,19,0,51,\N,\N,40,15,1:29.449,233.147,12
22414,912,828,207,9,22,20,20,20,0,51,\N,\N,47,19,1:30.280,231.001,12
22415,912,4,6,14,7,\N,R,21,0,28,\N,\N,23,16,1:29.680,232.546,5
22416,912,820,206,4,20,\N,R,22,0,5,\N,\N,5,22,1:32.569,225.289,3
22417,913,1,131,44,1,1,1,1,25,60,2:00:04.795,7204795,39,1,1:50.417,165.137,1
22418,913,20,9,1,4,2,2,2,18,60,+13.534,7218329,27,8,1:52.519,162.052,1
22419,913,817,9,3,3,3,3,3,15,60,+14.273,7219068,30,9,1:52.569,161.98,1
22420,913,4,6,14,5,4,4,4,12,60,+15.389,7220184,27,6,1:52.115,162.636,1
22421,913,13,3,19,6,5,5,5,10,60,+42.161,7246956,27,13,1:53.283,160.959,1
22422,913,818,5,25,12,6,6,6,8,60,+56.801,7261596,48,4,1:51.937,162.895,1
22423,913,815,10,11,15,7,7,7,6,60,+59.038,7263833,46,5,1:52.007,162.793,1
22424,913,8,6,7,7,8,8,8,4,60,+60.641,7265436,28,11,1:52.872,161.545,1
22425,913,807,10,27,13,9,9,9,2,60,+61.661,7266456,27,10,1:52.762,161.703,1
22426,913,825,1,20,9,10,10,10,1,60,+62.230,7267025,48,2,1:51.639,163.33,1
22427,913,822,3,77,8,11,11,11,0,60,+65.065,7269860,25,7,1:52.515,162.058,1
22428,913,813,208,13,18,12,12,12,0,60,+66.915,7271710,26,12,1:53.213,161.059,1
22429,913,154,208,8,16,13,13,13,0,60,+68.029,7272824,25,15,1:53.543,160.591,1
22430,913,826,5,26,10,14,14,14,0,60,+72.008,7276803,45,3,1:51.761,163.151,1
22431,913,828,207,9,22,15,15,15,0,60,+94.188,7298983,14,19,1:55.416,157.985,1
22432,913,824,206,17,19,16,16,16,0,60,+94.543,7299338,47,14,1:53.538,160.598,1
22433,913,820,206,4,21,17,17,17,0,59,\N,\N,43,17,1:53.807,160.218,11
22434,913,18,1,22,11,\N,R,18,0,52,\N,\N,16,16,1:53.707,160.359,31
22435,913,16,15,99,17,\N,R,19,0,40,\N,\N,10,18,1:53.948,160.02,34
22436,913,821,15,21,14,\N,R,20,0,17,\N,\N,6,20,1:55.684,157.619,10
22437,913,3,131,6,2,\N,R,21,0,13,\N,\N,5,21,1:56.769,156.154,10
22438,913,155,207,10,20,\N,W,22,0,0,\N,\N,\N,0,\N,\N,131
22439,914,1,131,44,2,1,1,1,25,44,1:51:43.021,6703021,39,1,1:51.600,187.322,1
22440,914,3,131,6,1,2,2,2,18,44,+9.180,6712201,15,6,1:52.551,185.739,1
22441,914,20,9,1,9,3,3,3,15,44,+29.122,6732143,32,3,1:51.915,186.795,1
22442,914,817,9,3,6,4,4,4,12,44,+38.818,6741839,38,4,1:52.231,186.269,1
22443,914,18,1,22,8,5,5,5,10,44,+67.550,6770571,33,2,1:51.721,187.119,1
22444,914,822,3,77,3,6,6,6,8,44,+113.773,6816794,41,13,1:54.103,183.213,1
22445,914,13,3,19,4,7,7,7,6,44,+115.126,6818147,39,8,1:53.450,184.267,1
22446,914,807,10,27,13,8,8,8,4,44,+115.948,6818969,28,7,1:52.814,185.306,1
22447,914,818,5,25,20,9,9,9,2,44,+127.638,6830659,35,11,1:53.562,184.086,1
22448,914,815,10,11,11,10,10,10,1,43,\N,\N,27,10,1:53.556,184.095,11
22449,914,826,5,26,12,11,11,11,0,43,\N,\N,25,12,1:54.021,183.345,11
22450,914,8,6,7,10,12,12,12,0,43,\N,\N,36,5,1:52.426,185.946,11
22451,914,821,15,21,15,13,13,13,0,43,\N,\N,40,17,1:55.372,181.198,11
22452,914,825,1,20,7,14,14,14,0,43,\N,\N,38,9,1:53.510,184.17,11
22453,914,154,208,8,16,15,15,15,0,43,\N,\N,28,16,1:55.302,181.308,11
22454,914,813,208,13,22,16,16,16,0,43,\N,\N,26,15,1:54.702,182.256,11
22455,914,828,207,9,17,17,17,17,0,43,\N,\N,27,14,1:54.669,182.309,11
22456,914,820,206,4,21,18,18,18,0,43,\N,\N,25,21,1:56.472,179.486,11
22457,914,155,207,10,19,19,19,19,0,43,\N,\N,29,18,1:55.641,180.776,11
22458,914,824,206,17,18,20,20,20,0,41,\N,\N,27,20,1:55.985,180.24,3
22459,914,16,15,99,14,21,21,21,0,40,\N,\N,25,19,1:55.753,180.601,3
22460,914,4,6,14,5,\N,R,22,0,2,\N,\N,\N,0,\N,\N,40
22461,915,1,131,44,1,1,1,1,25,53,1:31:50.744,5510744,48,3,1:41.606,207.2,1
22462,915,3,131,6,2,2,2,2,18,53,+13.657,5524401,52,2,1:41.360,207.703,1
22463,915,822,3,77,3,3,3,3,15,53,+17.425,5528169,53,1,1:40.896,208.658,1
22464,915,18,1,22,4,4,4,4,12,53,+30.234,5540978,47,4,1:41.964,206.472,1
22465,915,825,1,20,11,5,5,5,10,53,+53.616,5564360,44,14,1:43.076,204.245,1
22466,915,4,6,14,7,6,6,6,8,53,+60.016,5570760,53,6,1:42.179,206.038,1
22467,915,817,9,3,6,7,7,7,6,53,+61.812,5572556,50,13,1:43.050,204.296,1
22468,915,20,9,1,10,8,8,8,4,53,+66.185,5576929,53,8,1:42.630,205.133,1
22469,915,8,6,7,8,9,9,9,2,53,+78.877,5589621,45,11,1:42.919,204.556,1
22470,915,815,10,11,12,10,10,10,1,53,+80.067,5590811,47,12,1:42.924,204.547,1
22471,915,13,3,19,18,11,11,11,0,53,+80.877,5591621,47,10,1:42.879,204.636,1
22472,915,807,10,27,17,12,12,12,0,53,+81.309,5592053,50,9,1:42.685,205.023,1
22473,915,818,5,25,9,13,13,13,0,53,+97.295,5608039,53,7,1:42.550,205.293,1
22474,915,826,5,26,5,14,14,14,0,52,\N,\N,52,5,1:42.022,206.355,11
22475,915,821,15,21,13,15,15,15,0,52,\N,\N,45,18,1:44.075,202.284,11
22476,915,16,15,99,14,16,16,16,0,52,\N,\N,42,15,1:43.822,202.777,11
22477,915,154,208,8,15,17,17,17,0,52,\N,\N,49,19,1:44.461,201.537,11
22478,915,813,208,13,21,18,18,18,0,52,\N,\N,50,17,1:44.030,202.372,11
22479,915,828,207,9,16,19,19,19,0,51,\N,\N,48,16,1:43.979,202.471,12
22480,915,155,207,10,19,\N,R,20,0,21,\N,\N,17,20,1:47.407,196.009,23
22481,915,820,206,4,20,\N,R,21,0,9,\N,\N,8,21,1:48.268,194.45,22
22482,916,1,131,44,2,1,1,1,25,56,1:40:04.785,6004785,49,4,1:41.929,194.712,1
22483,916,3,131,6,1,2,2,2,18,56,+4.314,6009099,48,5,1:41.932,194.706,1
22484,916,817,9,3,5,3,3,3,15,56,+25.560,6030345,33,7,1:42.831,193.004,1
22485,916,13,3,19,4,4,4,4,12,56,+26.924,6031709,50,9,1:42.971,192.741,1
22486,916,822,3,77,3,5,5,5,10,56,+30.992,6035777,55,6,1:42.505,193.617,1
22487,916,4,6,14,6,6,6,6,8,56,+95.231,6100016,47,2,1:41.474,195.585,1
22488,916,20,9,1,18,7,7,7,6,56,+95.734,6100519,50,1,1:41.379,195.768,1
22489,916,825,1,20,7,8,8,8,4,56,+100.682,6105467,29,14,1:44.287,190.309,1
22490,916,818,5,25,14,10,10,10,1,56,+108.863,6113648,17,12,1:44.180,190.504,1
22491,916,813,208,13,10,9,9,9,2,56,+107.870,6112655,38,11,1:43.808,191.187,1
22492,916,154,208,8,16,11,11,11,0,55,\N,\N,51,15,1:44.440,190.03,11
22493,916,18,1,22,12,12,12,12,0,55,\N,\N,33,13,1:44.255,190.367,11
22494,916,8,6,7,8,13,13,13,0,55,\N,\N,54,8,1:42.888,192.897,11
22495,916,821,15,21,15,14,14,14,0,55,\N,\N,47,10,1:43.006,192.676,11
22496,916,826,5,26,17,15,15,15,0,55,\N,\N,53,3,1:41.689,195.171,11
22497,916,807,10,27,13,\N,R,16,0,16,\N,\N,15,16,1:46.226,186.835,5
22498,916,815,10,11,11,\N,R,17,0,1,\N,\N,\N,0,\N,\N,130
22499,916,16,15,99,9,\N,R,18,0,0,\N,\N,\N,0,\N,\N,4
22500,917,3,131,6,1,1,1,1,25,71,1:30:02.555,5402555,62,2,1:13.619,210.711,1
22501,917,1,131,44,2,2,2,2,18,71,+1.457,5404012,62,1,1:13.555,210.895,1
22502,917,13,3,19,3,3,3,3,15,71,+41.031,5443586,59,7,1:14.101,209.341,1
22503,917,18,1,22,5,4,4,4,12,71,+48.658,5451213,68,4,1:13.999,209.629,1
22504,917,20,9,1,6,5,5,5,10,71,+51.420,5453975,68,5,1:14.018,209.576,1
22505,917,4,6,14,8,6,6,6,8,71,+61.906,5464461,55,10,1:14.313,208.744,1
22506,917,8,6,7,10,7,7,7,6,71,+63.730,5466285,37,17,1:14.963,206.934,1
22507,917,807,10,27,12,8,8,8,4,71,+63.934,5466489,70,3,1:13.728,210.4,1
22508,917,825,1,20,7,9,9,9,2,71,+70.085,5472640,62,11,1:14.544,208.097,1
22509,917,822,3,77,4,10,10,10,1,70,\N,\N,64,9,1:14.229,208.98,11
22510,917,826,5,26,17,11,11,11,0,70,\N,\N,62,8,1:14.144,209.219,11
22511,917,813,208,13,16,12,12,12,0,70,\N,\N,47,14,1:14.810,207.357,11
22512,917,818,5,25,15,13,13,13,0,70,\N,\N,65,13,1:14.774,207.457,11
22513,917,821,15,21,11,14,14,14,0,70,\N,\N,64,16,1:14.875,207.177,11
22514,917,815,10,11,18,15,15,15,0,70,\N,\N,70,12,1:14.550,208.08,11
22515,917,16,15,99,13,16,16,16,0,70,\N,\N,42,15,1:14.834,207.29,11
22516,917,154,208,8,14,17,17,17,0,63,\N,\N,63,6,1:14.070,209.428,18
22517,917,817,9,3,9,\N,R,18,0,39,\N,\N,30,18,1:15.387,205.77,22
22518,918,1,131,44,2,1,1,1,50,55,1:39:02.619,5942619,49,4,1:45.599,189.342,1
22519,918,13,3,19,4,2,2,2,36,55,+2.576,5945195,47,2,1:44.826,190.738,1
22520,918,822,3,77,3,3,3,3,30,55,+28.880,5971499,54,6,1:45.727,189.113,1
22521,918,817,9,3,20,4,4,4,24,55,+37.237,5979856,50,1,1:44.496,191.341,1
22522,918,18,1,22,6,5,5,5,20,55,+60.334,6002953,47,9,1:46.739,187.32,1
22523,918,807,10,27,12,6,6,6,16,55,+62.148,6004767,47,7,1:45.777,189.024,1
22524,918,815,10,11,11,7,7,7,12,55,+71.060,6013679,49,8,1:45.808,188.968,1
22525,918,20,9,1,19,8,8,8,8,55,+72.045,6014664,51,3,1:45.552,189.427,1
22526,918,4,6,14,8,9,9,9,4,55,+85.813,6028432,45,12,1:47.424,186.126,1
22527,918,8,6,7,7,10,10,10,2,55,+87.820,6030439,46,16,1:47.736,185.586,1
22528,918,825,1,20,9,11,11,11,0,55,+90.376,6032995,37,10,1:46.824,187.171,1
22529,918,818,5,25,10,12,12,12,0,55,+91.947,6034566,50,5,1:45.686,189.186,1
22530,918,154,208,8,18,13,13,13,0,54,\N,\N,35,17,1:47.897,185.31,11
22531,918,3,131,6,1,14,14,14,0,54,\N,\N,17,11,1:46.869,187.092,11
22532,918,821,15,21,14,15,15,15,0,54,\N,\N,43,15,1:47.698,185.652,11
22533,918,16,15,99,13,16,16,16,0,54,\N,\N,44,14,1:47.508,185.98,11
22534,918,829,207,46,17,17,17,17,0,54,\N,\N,47,18,1:48.398,184.453,11
22535,918,155,207,10,16,\N,R,18,0,42,\N,\N,38,13,1:47.431,186.113,31
22536,918,813,208,13,15,\N,R,19,0,26,\N,\N,9,20,1:48.933,183.547,131
22537,918,826,5,26,5,\N,R,20,0,14,\N,\N,10,19,1:48.748,183.859,131
22538,926,1,131,44,1,1,1,1,25,58,1:31:54.067,5514067,50,1,1:30.945,209.915,1
22539,926,3,131,6,2,2,2,2,18,58,+1.360,5515427,47,2,1:31.092,209.577,1
22540,926,20,6,5,4,3,3,3,15,58,+34.523,5548590,52,4,1:31.457,208.74,1
22541,926,13,3,19,3,4,4,4,12,58,+38.196,5552263,50,6,1:31.719,208.144,1
22542,926,831,15,12,10,5,5,5,10,58,+95.149,5609216,46,9,1:32.612,206.137,1
22543,926,817,9,3,6,6,6,6,8,57,\N,\N,46,10,1:32.797,205.726,11
22544,926,807,10,27,13,7,7,7,6,57,\N,\N,48,8,1:31.970,207.576,11
22545,926,828,15,9,15,8,8,8,4,57,\N,\N,51,5,1:31.560,208.505,11
22546,926,832,5,55,7,9,9,9,2,57,\N,\N,49,11,1:32.872,205.56,11
22547,926,815,10,11,14,10,10,10,1,57,\N,\N,46,7,1:31.959,207.601,11
22548,926,18,1,22,16,11,11,11,0,56,\N,\N,56,12,1:33.338,204.534,12
22549,926,8,6,7,5,\N,R,12,0,40,\N,\N,36,3,1:31.426,208.811,36
22550,926,830,5,33,11,\N,R,13,0,32,\N,\N,30,13,1:34.295,202.458,5
22551,926,154,208,8,8,\N,R,14,0,0,\N,\N,\N,0,\N,\N,75
22552,926,813,208,13,9,\N,R,15,0,0,\N,\N,\N,0,\N,\N,3
22553,926,826,9,26,12,\N,W,16,0,0,\N,\N,\N,0,\N,\N,54
22554,926,825,1,20,17,\N,W,17,0,0,\N,\N,\N,0,\N,\N,54
22555,926,822,3,77,0,\N,W,18,0,0,\N,\N,\N,0,\N,\N,54
22556,927,20,6,5,2,1,1,1,25,56,1:41:05.793,6065793,46,3,1:43.648,193.501,1
22557,927,1,131,44,1,2,2,2,18,56,+8.569,6074362,45,2,1:43.125,193.501,1
22558,927,3,131,6,3,3,3,3,15,56,+12.310,6078103,43,1,1:42.062,195.516,1
22559,927,8,6,7,11,4,4,4,12,56,+53.822,6119615,40,7,1:44.124,191.644,1
22560,927,822,3,77,8,5,5,5,10,56,+70.409,6136202,42,6,1:44.088,191.71,1
22561,927,13,3,19,7,6,6,6,8,56,+73.586,6139379,40,5,1:43.990,191.891,1
22562,927,830,5,33,6,7,7,7,6,56,+97.762,6163555,42,9,1:44.579,190.81,1
22563,927,832,5,55,15,8,8,8,4,55,\N,\N,37,15,1:45.507,189.132,11
22564,927,826,9,26,5,9,9,9,2,55,\N,\N,41,8,1:44.514,190.929,11
22565,927,817,9,3,4,10,10,10,1,55,\N,\N,42,13,1:45.312,189.482,11
22566,927,154,208,8,10,11,11,11,0,55,\N,\N,36,10,1:44.812,190.386,11
22567,927,831,15,12,16,12,12,12,0,55,\N,\N,45,4,1:43.902,192.054,11
22568,927,815,10,11,14,13,13,13,0,55,\N,\N,37,14,1:45.345,189.423,11
22569,927,807,10,27,13,14,14,14,0,55,\N,\N,46,11,1:44.822,190.368,11
22570,927,833,209,98,19,15,15,15,0,53,\N,\N,44,19,1:49.040,183.004,13
22571,927,813,208,13,12,\N,R,16,0,47,\N,\N,38,12,1:45.070,189.919,31
22572,927,18,1,22,17,\N,R,17,0,41,\N,\N,38,16,1:46.056,188.153,101
22573,927,4,1,14,18,\N,R,18,0,21,\N,\N,17,17,1:48.460,183.983,132
22574,927,828,15,9,9,\N,R,19,0,3,\N,\N,3,18,1:48.760,183.475,20
22575,927,829,209,28,0,\N,W,20,0,0,\N,\N,\N,0,\N,\N,69
22576,928,1,131,44,1,1,1,1,25,56,1:39:42.008,5982008,31,1,1:42.208,191.996,1
22577,928,3,131,6,2,2,2,2,18,56,+0.714,5982722,39,2,1:42.565,191.328,1
22578,928,20,6,5,3,3,3,3,15,56,+2.988,5984996,15,5,1:43.018,190.487,1
22579,928,8,6,7,6,4,4,4,12,56,+3.835,5985843,48,6,1:43.026,190.472,1
22580,928,13,3,19,4,5,5,5,10,56,+8.544,5990552,37,4,1:42.734,191.013,1
22581,928,822,3,77,5,6,6,6,8,56,+9.885,5991893,37,7,1:43.051,190.426,1
22582,928,154,208,8,8,7,7,7,6,56,+19.008,6001016,34,8,1:43.134,190.272,1
22583,928,831,15,12,9,8,8,8,4,56,+22.625,6004633,46,12,1:43.692,189.248,1
22584,928,817,9,3,7,9,9,9,2,56,+32.117,6014125,46,9,1:43.245,190.068,1
22585,928,828,15,9,10,10,10,10,1,55,\N,\N,32,15,1:44.204,188.319,11
22586,928,815,10,11,15,11,11,11,0,55,\N,\N,44,10,1:43.512,189.578,11
22587,928,4,1,14,18,12,12,12,0,55,\N,\N,40,13,1:43.728,189.183,11
22588,928,832,5,55,14,13,13,13,0,55,\N,\N,41,3,1:42.652,191.166,11
22589,928,18,1,22,17,14,14,14,0,55,\N,\N,21,16,1:44.991,186.907,11
22590,928,829,209,28,19,15,15,15,0,54,\N,\N,40,17,1:45.414,186.157,12
22591,928,833,209,98,20,16,16,16,0,54,\N,\N,43,19,1:45.963,185.192,12
22592,928,830,5,33,13,17,17,17,0,52,\N,\N,46,14,1:43.880,188.906,7
22593,928,813,208,13,11,\N,R,18,0,49,\N,\N,37,11,1:43.686,189.259,23
22594,928,826,9,26,12,\N,R,19,0,15,\N,\N,13,20,1:46.291,184.621,131
22595,928,807,10,27,16,\N,R,20,0,9,\N,\N,6,18,1:45.844,185.401,6
22596,929,1,131,44,1,1,1,1,25,57,1:35:05.809,5705809,38,5,1:37.857,199.098,1
22597,929,8,6,7,4,2,2,2,18,57,+3.380,5709189,42,1,1:36.311,202.294,1
22598,929,3,131,6,3,3,3,3,15,57,+6.033,5711842,36,3,1:37.326,200.184,1
22599,929,822,3,77,5,4,4,4,12,57,+42.957,5748766,16,6,1:38.095,198.615,1
22600,929,20,6,5,2,5,5,5,10,57,+43.989,5749798,38,2,1:36.624,201.639,1
22601,929,817,9,3,7,6,6,6,8,57,+61.751,5767560,53,12,1:38.948,196.903,1
22602,929,154,208,8,10,7,7,7,6,57,+84.763,5790572,34,15,1:39.161,196.48,1
22603,929,815,10,11,11,8,8,8,4,56,\N,\N,39,8,1:38.338,198.124,11
22604,929,826,9,26,17,9,9,9,2,56,\N,\N,36,11,1:38.725,197.348,11
22605,929,13,3,19,6,10,10,10,1,56,\N,\N,12,14,1:39.094,196.613,11
22606,929,4,1,14,14,11,11,11,0,56,\N,\N,38,13,1:38.992,196.815,11
22607,929,831,15,12,12,12,12,12,0,56,\N,\N,43,7,1:38.216,198.37,11
22608,929,807,10,27,8,13,13,13,0,56,\N,\N,40,10,1:38.653,197.492,11
22609,929,828,15,9,13,14,14,14,0,56,\N,\N,27,9,1:38.422,197.955,11
22610,929,813,208,13,16,15,15,15,0,56,\N,\N,43,4,1:37.665,199.49,11
22611,929,829,209,28,18,16,16,16,0,55,\N,\N,36,18,1:41.759,191.464,12
22612,929,833,209,98,19,17,17,17,0,54,\N,\N,36,19,1:42.033,190.949,13
22613,929,830,5,33,15,\N,R,18,0,34,\N,\N,32,16,1:39.607,195.6,10
22614,929,832,5,55,9,\N,R,19,0,29,\N,\N,13,17,1:40.651,193.571,5
22615,929,18,1,22,20,\N,W,20,0,0,\N,\N,\N,0,\N,\N,132
22616,930,3,131,6,1,1,1,1,25,66,1:41:12.555,6072555,53,2,1:29.109,188.061,1
22617,930,1,131,44,2,2,2,2,18,66,+17.551,6090106,54,1,1:28.270,189.849,1
22618,930,20,6,5,3,3,3,3,15,66,+45.342,6117897,61,6,1:30.737,184.687,1
22619,930,822,3,77,4,4,4,4,12,66,+59.217,6131772,44,5,1:30.711,184.74,1
22620,930,8,6,7,7,5,5,5,10,66,+60.002,6132557,47,3,1:29.931,186.342,1
22621,930,13,3,19,9,6,6,6,8,66,+81.314,6153869,51,4,1:30.374,185.429,1
22622,930,817,9,3,10,7,7,7,6,65,\N,\N,56,8,1:31.124,183.903,11
22623,930,154,208,8,11,8,8,8,4,65,\N,\N,46,15,1:31.945,182.261,11
22624,930,832,5,55,5,9,9,9,2,65,\N,\N,62,9,1:31.156,183.838,11
22625,930,826,9,26,8,10,10,10,1,65,\N,\N,40,11,1:31.887,182.376,11
22626,930,830,5,33,6,11,11,11,0,65,\N,\N,46,12,1:31.896,182.358,11
22627,930,831,15,12,15,12,12,12,0,65,\N,\N,41,13,1:31.928,182.294,11
22628,930,815,10,11,18,13,13,13,0,65,\N,\N,38,14,1:31.932,182.286,11
22629,930,828,15,9,16,14,14,14,0,65,\N,\N,52,16,1:32.222,181.713,11
22630,930,807,10,27,17,15,15,15,0,65,\N,\N,51,7,1:30.888,184.38,11
22631,930,18,1,22,14,16,16,16,0,65,\N,\N,46,10,1:31.162,183.826,11
22632,930,829,209,28,19,17,17,17,0,63,\N,\N,49,19,1:33.655,178.933,13
22633,930,833,209,98,20,18,18,18,0,62,\N,\N,51,20,1:34.211,177.877,14
22634,930,813,208,13,12,\N,R,19,0,45,\N,\N,17,17,1:32.912,180.364,3
22635,930,4,1,14,13,\N,R,20,0,26,\N,\N,23,18,1:33.387,179.446,23
22636,931,3,131,6,2,1,1,1,25,78,1:49:18.420,6558420,76,2,1:18.599,152.841,1
22637,931,20,6,5,3,2,2,2,18,78,+4.486,6562906,75,4,1:18.854,152.347,1
22638,931,1,131,44,1,3,3,3,15,78,+6.053,6564473,42,3,1:18.676,152.692,1
22639,931,826,9,26,5,4,4,4,12,78,+11.965,6570385,75,7,1:19.130,151.815,1
22640,931,817,9,3,4,5,5,5,10,78,+13.608,6572028,74,1,1:18.063,153.891,1
22641,931,8,6,7,6,6,6,6,8,78,+14.345,6572765,74,10,1:19.651,150.822,1
22642,931,815,10,11,7,7,7,7,6,78,+15.013,6573433,74,11,1:19.657,150.811,1
22643,931,18,1,22,10,8,8,8,4,78,+16.063,6574483,76,9,1:19.490,151.128,1
22644,931,831,15,12,14,9,9,9,2,78,+23.626,6582046,76,15,1:20.017,150.133,1
22645,931,832,5,55,0,10,10,10,1,78,+25.056,6583476,48,13,1:19.816,150.511,1
22646,931,807,10,27,11,11,11,11,0,78,+26.232,6584652,46,14,1:19.921,150.313,1
22647,931,154,208,8,15,12,12,12,0,78,+28.415,6586835,40,17,1:20.483,149.263,1
22648,931,828,15,9,17,13,13,13,0,78,+31.159,6589579,75,8,1:19.285,151.519,1
22649,931,822,3,77,16,14,14,14,0,78,+45.789,6604209,74,6,1:18.944,152.173,1
22650,931,13,3,19,12,15,15,15,0,77,\N,\N,72,12,1:19.764,150.609,11
22651,931,833,209,98,19,16,16,16,0,76,\N,\N,47,18,1:21.715,147.013,12
22652,931,829,209,28,18,17,17,17,0,76,\N,\N,58,20,1:22.693,145.274,12
22653,931,830,5,33,9,\N,R,18,0,62,\N,\N,49,5,1:18.873,152.31,3
22654,931,4,1,14,13,\N,R,19,0,41,\N,\N,36,16,1:20.459,149.308,6
22655,931,813,208,13,8,\N,R,20,0,5,\N,\N,3,19,1:22.271,146.019,23
22656,932,1,131,44,1,1,1,1,25,70,1:31:53.145,5513145,64,3,1:17.472,202.648,1
22657,932,3,131,6,2,2,2,2,18,70,+2.285,5515430,63,5,1:17.637,202.218,1
22658,932,822,3,77,4,3,3,3,15,70,+40.666,5553811,67,6,1:17.922,201.478,1
22659,932,8,6,7,3,4,4,4,12,70,+45.625,5558770,42,1,1:16.987,203.925,1
22660,932,20,6,5,18,5,5,5,10,70,+49.903,5563048,59,2,1:17.105,203.613,1
22661,932,13,3,19,15,6,6,6,8,70,+56.381,5569526,64,4,1:17.553,202.437,1
22662,932,813,208,13,6,7,7,7,6,70,+66.664,5579809,51,10,1:18.385,200.288,1
22663,932,807,10,27,7,8,8,8,4,69,\N,\N,66,9,1:18.238,200.664,11
22664,932,826,9,26,8,9,9,9,2,69,\N,\N,69,8,1:18.048,201.153,11
22665,932,154,208,8,5,10,10,10,1,69,\N,\N,51,7,1:17.969,201.356,11
22666,932,815,10,11,10,11,11,11,0,69,\N,\N,49,14,1:18.889,199.008,11
22667,932,832,5,55,11,12,12,12,0,69,\N,\N,61,12,1:18.811,199.205,11
22668,932,817,9,3,9,13,13,13,0,69,\N,\N,67,16,1:19.060,198.578,11
22669,932,828,15,9,12,14,14,14,0,69,\N,\N,58,15,1:18.890,199.006,11
22670,932,830,5,33,19,15,15,15,0,69,\N,\N,50,11,1:18.616,199.699,11
22671,932,831,15,12,14,16,16,16,0,68,\N,\N,47,17,1:19.088,198.507,12
22672,932,829,209,28,17,17,17,17,0,66,\N,\N,38,19,1:20.707,194.525,14
22673,932,833,209,98,16,\N,R,18,0,57,\N,\N,37,20,1:20.804,194.292,31
22674,932,18,1,22,20,\N,R,19,0,54,\N,\N,49,13,1:18.856,199.092,31
22675,932,4,1,14,13,\N,R,20,0,44,\N,\N,41,18,1:19.580,197.28,5
22676,933,3,131,6,2,1,1,1,25,71,1:30:16.930,5416930,35,1,1:11.235,218.622,1
22677,933,1,131,44,1,2,2,2,18,71,+8.800,5425730,60,2,1:11.475,217.888,1
22678,933,13,3,19,4,3,3,3,15,71,+17.573,5434503,58,4,1:11.613,217.468,1
22679,933,20,6,5,3,4,4,4,12,71,+18.181,5435111,44,3,1:11.499,217.815,1
22680,933,822,3,77,6,5,5,5,10,71,+53.604,5470534,52,7,1:12.248,215.557,1
22681,933,807,10,27,5,6,6,6,8,71,+64.075,5481005,62,12,1:12.541,214.686,1
22682,933,813,208,13,10,7,7,7,6,70,\N,\N,58,6,1:11.785,216.947,11
22683,933,830,5,33,7,8,8,8,4,70,\N,\N,64,9,1:12.349,215.256,11
22684,933,815,10,11,13,9,9,9,2,70,\N,\N,58,10,1:12.377,215.173,11
22685,933,817,9,3,18,10,10,10,1,70,\N,\N,69,5,1:11.689,217.238,11
22686,933,831,15,12,8,11,11,11,0,70,\N,\N,57,14,1:13.050,213.19,11
22687,933,826,9,26,15,12,12,12,0,70,\N,\N,54,8,1:12.316,215.354,11
22688,933,828,15,9,11,13,13,13,0,69,\N,\N,56,11,1:12.516,214.76,12
22689,933,833,209,98,16,14,14,14,0,68,\N,\N,58,16,1:14.939,207.817,13
22690,933,154,208,8,9,\N,R,15,0,35,\N,\N,34,13,1:12.881,213.685,6
22691,933,832,5,55,12,\N,R,16,0,35,\N,\N,28,15,1:13.234,212.655,75
22692,933,18,1,22,20,\N,R,17,0,8,\N,\N,5,17,1:52.208,138.792,31
22693,933,829,209,28,17,\N,R,18,0,1,\N,\N,\N,0,\N,\N,44
22694,933,8,6,7,14,\N,R,19,0,0,\N,\N,\N,0,\N,\N,4
22695,933,4,1,14,19,\N,R,20,0,0,\N,\N,\N,0,\N,\N,4
22696,934,1,131,44,1,1,1,1,25,52,1:31:27.729,5487729,29,1,1:37.093,218.425,1
22697,934,3,131,6,2,2,2,2,18,52,+10.956,5498685,24,2,1:37.403,217.73,1
22698,934,20,6,5,6,3,3,3,15,52,+25.443,5513172,31,6,1:37.707,217.053,1
22699,934,13,3,19,3,4,4,4,12,52,+36.839,5524568,26,3,1:37.466,217.589,1
22700,934,822,3,77,4,5,5,5,10,52,+63.194,5550923,32,5,1:37.513,217.484,1
22701,934,826,9,26,7,6,6,6,8,52,+63.955,5551684,28,7,1:37.910,216.603,1
22702,934,807,10,27,9,7,7,7,6,52,+78.744,5566473,32,9,1:38.296,215.752,1
22703,934,8,6,7,5,8,8,8,4,51,\N,\N,31,4,1:37.493,217.529,11
22704,934,815,10,11,11,9,9,9,2,51,\N,\N,25,10,1:38.466,215.379,11
22705,934,4,1,14,17,10,10,10,1,51,\N,\N,30,12,1:38.883,214.471,11
22706,934,828,15,9,15,11,11,11,0,51,\N,\N,31,8,1:38.131,216.115,11
22707,934,833,209,98,20,12,12,12,0,49,\N,\N,26,15,1:42.324,207.259,13
22708,934,829,209,28,19,13,13,13,0,49,\N,\N,28,14,1:41.919,208.082,13
22709,934,832,5,55,8,\N,R,14,0,31,\N,\N,26,11,1:38.697,214.875,10
22710,934,817,9,3,10,\N,R,15,0,21,\N,\N,14,13,1:39.940,212.203,10
22711,934,830,5,33,13,\N,R,16,0,3,\N,\N,3,16,2:20.776,150.647,20
22712,934,813,208,13,14,\N,R,18,0,0,\N,\N,\N,0,\N,\N,4
22713,934,18,1,22,18,\N,R,19,0,0,\N,\N,\N,0,\N,\N,4
22714,934,154,208,8,12,\N,R,17,0,0,\N,\N,\N,0,\N,\N,4
22715,934,831,15,12,16,\N,W,20,0,0,\N,\N,\N,0,\N,\N,6
22716,936,20,6,5,3,1,1,1,25,69,1:46:09.985,6369985,63,5,1:26.772,181.759,1
22717,936,826,9,26,7,2,2,2,18,69,+15.748,6385733,57,4,1:26.519,182.29,1
22718,936,817,9,3,4,3,3,3,15,69,+25.084,6395069,68,1,1:24.821,185.939,1
22719,936,830,5,33,9,4,4,4,12,69,+44.251,6414236,62,11,1:27.650,179.938,1
22720,936,4,1,14,15,5,5,5,10,69,+49.079,6419064,67,10,1:27.311,180.637,1
22721,936,1,131,44,1,6,6,6,8,69,+52.025,6422010,68,3,1:25.727,183.974,1
22722,936,154,208,8,10,7,7,7,6,69,+58.578,6428563,60,14,1:28.080,179.059,1
22723,936,3,131,6,2,8,8,8,4,69,+58.876,6428861,68,2,1:25.149,185.223,1
22724,936,18,1,22,16,9,9,9,2,69,+67.028,6437013,65,17,1:28.535,178.139,1
22725,936,828,15,9,17,10,10,10,1,69,+69.130,6439115,60,12,1:28.004,179.214,1
22726,936,831,15,12,18,11,11,11,0,69,+73.458,6443443,51,15,1:28.268,178.678,1
22727,936,13,3,19,8,12,12,12,0,69,+74.278,6444263,59,6,1:26.864,181.566,1
22728,936,822,3,77,6,13,13,13,0,69,+80.228,6450213,51,8,1:27.058,181.161,1
22729,936,813,208,13,14,14,14,14,0,69,+85.142,6455127,62,9,1:27.130,181.012,1
22730,936,833,209,98,19,15,15,15,0,67,\N,\N,59,20,1:29.868,175.497,12
22731,936,829,209,28,20,16,16,16,0,65,\N,\N,56,19,1:29.543,176.134,14
22732,936,832,5,55,12,\N,R,17,0,60,\N,\N,38,18,1:28.611,177.986,10
22733,936,8,6,7,5,\N,R,18,0,55,\N,\N,24,7,1:26.954,181.378,131
22734,936,815,10,11,13,\N,R,19,0,53,\N,\N,51,16,1:28.499,178.212,22
22735,936,807,10,27,11,\N,R,20,0,41,\N,\N,38,13,1:28.074,179.072,33
22736,937,1,131,44,1,1,1,1,25,43,1:23:40.387,5020387,34,2,1:52.504,224.12,1
22737,937,3,131,6,2,2,2,2,18,43,+2.058,5022445,34,1,1:52.416,224.295,1
22738,937,154,208,8,9,3,3,3,15,43,+37.988,5058375,37,12,1:54.779,219.677,1
22739,937,826,9,26,12,4,4,4,12,43,+45.692,5066079,29,3,1:53.032,223.073,1
22740,937,815,10,11,4,5,5,5,10,43,+53.997,5074384,29,13,1:54.796,219.645,1
22741,937,13,3,19,6,6,6,6,8,43,+55.283,5075670,23,8,1:54.093,220.998,1
22742,937,8,6,7,16,7,7,7,6,43,+55.703,5076090,30,9,1:54.517,220.18,1
22743,937,830,5,33,18,8,8,8,4,43,+56.076,5076463,36,4,1:53.276,222.592,1
22744,937,822,3,77,3,9,9,9,2,43,+61.040,5081427,23,10,1:54.646,219.932,131
22745,937,828,15,9,13,10,10,10,1,43,+91.234,5111621,30,7,1:54.022,221.136,1
22746,937,831,15,12,14,11,11,11,0,43,+102.311,5122698,29,6,1:53.991,221.196,1
22747,937,20,6,5,8,12,12,12,0,42,\N,\N,29,14,1:55.316,218.654,27
22748,937,4,1,14,20,13,13,13,0,42,\N,\N,34,5,1:53.692,221.778,11
22749,937,18,1,22,19,14,14,14,0,42,\N,\N,38,15,1:55.533,218.244,11
22750,937,833,209,98,17,15,15,15,0,42,\N,\N,32,18,1:58.174,213.366,11
22751,937,829,209,28,15,16,16,16,0,42,\N,\N,33,17,1:58.150,213.41,11
22752,937,832,5,55,10,\N,R,17,0,32,\N,\N,25,11,1:54.680,219.867,131
22753,937,817,9,3,5,\N,R,18,0,19,\N,\N,2,16,1:56.263,216.873,131
22754,937,813,208,13,7,\N,R,19,0,2,\N,\N,\N,0,\N,\N,5
22755,937,807,10,27,11,\N,W,20,0,0,\N,\N,\N,0,\N,\N,75
22756,938,1,131,44,1,1,1,1,25,53,1:18:00.688,4680688,48,1,1:26.672,240.617,1
22757,938,20,6,5,3,2,2,2,18,53,+25.042,4705730,52,3,1:27.376,238.678,1
22758,938,13,3,19,5,3,3,3,15,53,+47.635,4728323,31,8,1:27.874,237.326,1
22759,938,822,3,77,6,4,4,4,12,53,+47.996,4728684,49,6,1:27.525,238.272,1
22760,938,8,6,7,2,5,5,5,10,53,+68.860,4749548,43,7,1:27.584,238.111,1
22761,938,815,10,11,7,6,6,6,8,53,+72.783,4753471,46,10,1:28.140,236.609,1
22762,938,807,10,27,9,7,7,7,6,52,\N,\N,36,14,1:28.913,234.552,11
22763,938,817,9,3,19,8,8,8,4,52,\N,\N,50,9,1:28.065,236.811,11
22764,938,828,15,9,12,9,9,9,2,52,\N,\N,22,12,1:28.516,235.604,11
22765,938,826,9,26,18,10,10,10,1,52,\N,\N,39,11,1:28.231,236.365,11
22766,938,832,5,55,17,11,11,11,0,52,\N,\N,38,5,1:27.510,238.313,11
22767,938,830,5,33,20,12,12,12,0,52,\N,\N,35,4,1:27.390,238.64,11
22768,938,831,15,12,17,13,13,13,0,52,\N,\N,51,13,1:28.653,235.24,11
22769,938,18,1,22,15,14,14,14,0,52,\N,\N,33,16,1:29.766,232.324,11
22770,938,829,209,28,13,15,15,15,0,51,\N,\N,51,17,1:31.098,228.927,12
22771,938,833,209,98,14,16,16,16,0,51,\N,\N,29,18,1:31.311,228.393,12
22772,938,3,131,6,4,17,17,17,0,50,\N,\N,43,2,1:27.067,239.525,13
22773,938,4,1,14,16,18,18,18,0,47,\N,\N,42,15,1:29.285,233.575,16
22774,938,154,208,8,8,\N,R,19,0,1,\N,\N,\N,0,\N,\N,130
22775,938,813,208,13,10,\N,R,20,0,1,\N,\N,\N,0,\N,\N,130
22776,939,20,6,5,1,1,1,1,25,61,2:01:22.118,7282118,53,2,1:50.069,165.659,1
22777,939,817,9,3,2,2,2,2,18,61,+1.478,7283596,52,1,1:50.041,165.701,1
22778,939,8,6,7,3,3,3,3,15,61,+17.154,7299272,48,5,1:50.341,165.251,1
22779,939,3,131,6,6,4,4,4,12,61,+24.720,7306838,50,7,1:50.934,164.368,1
22780,939,822,3,77,7,5,5,5,10,61,+34.204,7316322,49,10,1:51.342,163.765,1
22781,939,826,9,26,4,6,6,6,8,61,+35.508,7317626,36,8,1:51.109,164.109,1
22782,939,815,10,11,13,7,7,7,6,61,+50.836,7332954,44,12,1:51.970,162.847,1
22783,939,830,5,33,8,8,8,8,4,61,+51.450,7333568,43,4,1:50.298,165.315,1
22784,939,832,5,55,14,9,9,9,2,61,+52.860,7334978,43,6,1:50.401,165.161,1
22785,939,831,15,12,16,10,10,10,1,61,+90.045,7372163,36,15,1:52.566,161.984,1
22786,939,828,15,9,17,11,11,11,0,61,+97.507,7379625,30,11,1:51.594,163.395,1
22787,939,813,208,13,18,12,12,12,0,61,+97.718,7379836,57,3,1:50.175,165.5,1
22788,939,154,208,8,10,13,13,13,0,59,\N,\N,28,13,1:52.353,162.292,27
22789,939,834,209,53,20,14,14,14,0,59,\N,\N,43,19,1:55.312,158.127,12
22790,939,829,209,28,19,15,15,15,0,59,\N,\N,45,20,1:55.890,157.338,12
22791,939,18,1,22,15,\N,R,16,0,52,\N,\N,43,9,1:51.167,164.023,6
22792,939,4,1,14,12,\N,R,17,0,33,\N,\N,27,16,1:53.325,160.9,6
22793,939,1,131,44,5,\N,R,18,0,32,\N,\N,24,14,1:52.505,162.072,37
22794,939,13,3,19,9,\N,R,19,0,30,\N,\N,19,17,1:53.666,160.417,6
22795,939,807,10,27,11,\N,R,20,0,12,\N,\N,6,18,1:53.868,160.132,4
22796,940,1,131,44,2,1,1,1,25,53,1:28:06.508,5286508,33,1,1:36.145,217.434,1
22797,940,3,131,6,1,2,2,2,18,53,+18.964,5305472,31,2,1:37.147,215.191,1
22798,940,20,6,5,4,3,3,3,15,53,+20.850,5307358,32,3,1:37.906,213.523,1
22799,940,8,6,7,6,4,4,4,12,53,+33.768,5320276,32,4,1:38.035,213.242,1
22800,940,822,3,77,3,5,5,5,10,53,+36.746,5323254,41,8,1:38.241,212.795,1
22801,940,807,10,27,13,6,6,6,8,53,+55.559,5342067,43,9,1:38.331,212.6,1
22802,940,154,208,8,8,7,7,7,6,53,+72.298,5358806,35,6,1:38.167,212.955,1
22803,940,813,208,13,11,8,8,8,4,53,+73.575,5360083,39,5,1:38.136,213.022,1
22804,940,830,5,33,17,9,9,9,2,53,+95.315,5381823,32,7,1:38.237,212.803,1
22805,940,832,5,55,10,10,10,10,1,52,\N,\N,16,13,1:38.686,211.835,11
22806,940,4,1,14,12,11,11,11,0,52,\N,\N,45,16,1:39.614,209.862,11
22807,940,815,10,11,9,12,12,12,0,52,\N,\N,50,11,1:38.591,212.039,11
22808,940,826,9,26,20,13,13,13,0,52,\N,\N,36,10,1:38.366,212.524,11
22809,940,828,15,9,15,14,14,14,0,52,\N,\N,28,15,1:39.343,210.434,11
22810,940,817,9,3,7,15,15,15,0,52,\N,\N,32,14,1:38.898,211.381,11
22811,940,18,1,22,14,16,16,16,0,52,\N,\N,31,18,1:40.121,208.799,11
22812,940,13,3,19,5,17,17,17,0,51,\N,\N,51,12,1:38.595,212.031,12
22813,940,834,209,53,19,18,18,18,0,51,\N,\N,35,20,1:41.467,206.029,12
22814,940,829,209,28,18,19,19,19,0,50,\N,\N,44,19,1:41.452,206.06,13
22815,940,831,15,12,16,\N,R,20,0,49,\N,\N,39,17,1:40.088,208.868,31
22816,941,1,131,44,2,1,1,1,25,53,1:37:11.024,5831024,44,3,1:40.573,209.328,1
22817,941,20,6,5,4,2,2,2,18,53,+5.953,5836977,51,1,1:40.071,210.378,1
22818,941,815,10,11,7,3,3,3,15,53,+28.918,5859942,48,9,1:41.772,206.862,1
22819,941,13,3,19,15,4,4,4,12,53,+38.831,5869855,48,4,1:40.881,208.689,1
22820,941,8,6,7,5,8,8,8,4,53,+72.358,5903382,48,2,1:40.294,209.91,1
22821,941,831,15,12,12,6,6,6,8,53,+56.508,5887532,52,6,1:41.372,207.678,1
22822,941,813,208,13,14,7,7,7,6,53,+61.088,5892112,52,7,1:41.507,207.402,1
22824,941,18,1,22,13,9,9,9,2,53,+79.467,5910491,53,13,1:43.068,204.261,1
22825,941,830,5,33,9,10,10,10,1,53,+88.424,5919448,45,15,1:43.265,203.871,1
22826,941,4,1,14,19,11,11,11,0,53,+91.210,5922234,29,12,1:42.639,205.115,1
22827,941,822,3,77,3,12,12,12,0,52,\N,\N,45,5,1:41.134,208.167,4
22828,941,833,209,98,18,13,13,13,0,52,\N,\N,50,17,1:45.049,200.409,11
22829,941,829,209,28,17,14,14,14,0,51,\N,\N,50,16,1:44.926,200.644,12
22830,941,817,9,3,10,15,15,15,0,47,\N,\N,43,10,1:41.888,206.626,22
22831,941,832,5,55,20,\N,R,16,0,45,\N,\N,44,11,1:42.258,205.879,23
22832,941,154,208,8,8,\N,R,17,0,11,\N,\N,7,18,1:45.266,199.996,3
22833,941,3,131,6,1,\N,R,18,0,7,\N,\N,6,14,1:43.133,204.132,37
22834,941,807,10,27,6,\N,R,19,0,0,\N,\N,\N,0,\N,\N,4
22835,941,828,15,9,17,\N,R,20,0,0,\N,\N,\N,0,\N,\N,4
22837,942,1,131,44,2,1,1,1,25,56,1:50:52.703,6652703,48,2,1:40.738,197.014,1
22836,941,826,9,26,11,5,5,5,10,53,+47.566,5878590,\N,0,\N,\N,1
22838,942,3,131,6,1,2,2,2,18,56,+2.850,6655553,49,1,1:40.666,197.154,1
22839,942,20,6,5,13,3,3,3,15,56,+3.381,6656084,52,3,1:41.330,195.863,1
22840,942,830,5,33,8,4,4,4,12,56,+22.359,6675062,51,9,1:43.172,192.366,1
22841,942,815,10,11,5,5,5,5,10,56,+24.413,6677116,54,7,1:43.010,192.668,1
22842,942,18,1,22,11,6,6,6,8,56,+28.058,6680761,50,8,1:43.026,192.638,1
22843,942,832,5,55,20,7,7,7,6,56,+30.619,6683322,51,5,1:42.660,193.325,1
22844,942,813,208,13,12,8,8,8,4,56,+32.273,6684976,51,6,1:42.849,192.97,1
22845,942,831,15,12,15,9,9,9,2,56,+40.257,6692960,54,12,1:44.407,190.09,1
22846,942,817,9,3,3,10,10,10,1,56,+53.371,6706074,53,4,1:41.980,194.614,1
22847,942,4,1,14,9,11,11,11,0,56,+54.816,6707519,55,11,1:44.323,190.243,1
22848,942,834,209,53,17,12,12,12,0,56,+75.277,6727980,50,16,1:48.173,183.472,1
22849,942,826,9,26,4,\N,R,13,0,41,\N,\N,41,10,1:43.728,191.335,3
22850,942,807,10,27,6,\N,R,14,0,35,\N,\N,24,13,1:45.095,188.846,3
22851,942,828,15,9,14,\N,R,15,0,25,\N,\N,24,15,1:47.381,184.825,31
22852,942,8,6,7,18,\N,R,16,0,25,\N,\N,24,14,1:46.186,186.905,135
22853,942,13,3,19,7,\N,R,17,0,23,\N,\N,22,17,1:48.231,183.374,31
22854,942,154,208,8,10,\N,R,18,0,10,\N,\N,8,18,1:59.612,165.926,31
22855,942,822,3,77,16,\N,R,19,0,5,\N,\N,3,19,2:31.939,130.623,31
22856,942,829,209,28,19,\N,R,20,0,1,\N,\N,\N,0,\N,\N,31
22857,943,3,131,6,1,1,1,1,25,71,1:42:35.038,6155038,67,1,1:20.521,192.426,1
22858,943,1,131,44,2,2,2,2,18,71,+1.954,6156992,67,2,1:20.723,191.945,1
22859,943,822,3,77,6,3,3,3,15,71,+14.592,6169630,68,4,1:21.585,189.917,1
22860,943,826,9,26,4,4,4,4,12,71,+16.572,6171610,69,3,1:21.549,190.001,1
22861,943,817,9,3,5,5,5,5,10,71,+19.682,6174720,70,5,1:21.625,189.824,1
22862,943,13,3,19,7,6,6,6,8,71,+21.493,6176531,71,7,1:22.009,188.935,1
22863,943,807,10,27,10,7,7,7,6,71,+25.860,6180898,69,9,1:22.391,188.059,1
22864,943,815,10,11,9,8,8,8,4,71,+34.343,6189381,51,12,1:22.757,187.227,1
22865,943,830,5,33,8,9,9,9,2,71,+35.229,6190267,70,10,1:22.603,187.576,1
22866,943,154,208,8,12,10,10,10,1,71,+37.934,6192972,69,13,1:22.893,186.92,1
22867,943,813,208,13,13,11,11,11,0,71,+38.538,6193576,70,14,1:22.963,186.762,1
22868,943,828,15,9,14,12,12,12,0,71,+40.180,6195218,62,11,1:22.716,187.32,1
22869,943,832,5,55,11,13,13,13,0,71,+48.772,6203810,46,8,1:22.172,188.56,1
22870,943,18,1,22,20,14,14,14,0,71,+49.214,6204252,49,15,1:23.006,186.666,1
22871,943,834,209,53,16,15,15,15,0,69,\N,\N,69,18,1:25.005,182.276,12
22872,943,829,209,28,17,16,16,16,0,69,\N,\N,67,19,1:25.540,181.136,12
22873,943,831,15,12,15,\N,R,17,0,57,\N,\N,48,16,1:23.350,185.895,23
22874,943,20,6,5,3,\N,R,18,0,50,\N,\N,48,6,1:21.847,189.309,3
22875,943,8,6,7,19,\N,R,19,0,21,\N,\N,20,17,1:24.054,184.338,4
22876,943,4,1,14,18,\N,R,20,0,1,\N,\N,\N,0,\N,\N,31
22877,944,3,131,6,1,1,1,1,25,71,1:31:09.090,5469090,57,2,1:14.957,206.95,1
22878,944,1,131,44,2,2,2,2,18,71,+7.756,5476846,51,1,1:14.832,207.296,1
22879,944,20,6,5,3,3,3,3,15,71,+14.244,5483334,57,3,1:15.046,206.705,1
22880,944,8,6,7,4,4,4,4,12,71,+47.543,5516633,48,4,1:15.416,205.691,1
22881,944,822,3,77,7,5,5,5,10,70,\N,\N,61,10,1:16.039,204.005,11
22882,944,807,10,27,5,6,6,6,8,70,\N,\N,66,16,1:16.774,202.052,11
22883,944,826,9,26,6,7,7,7,6,70,\N,\N,41,14,1:16.500,202.776,11
22884,944,154,208,8,14,8,8,8,4,70,\N,\N,57,5,1:15.739,204.813,11
22885,944,830,5,33,9,9,9,9,2,70,\N,\N,56,9,1:15.972,204.185,11
22886,944,813,208,13,15,10,10,10,1,70,\N,\N,63,13,1:16.354,203.164,11
22887,944,817,9,3,19,11,11,11,0,70,\N,\N,56,11,1:16.313,203.273,11
22888,944,815,10,11,11,12,12,12,0,70,\N,\N,53,8,1:15.970,204.191,11
22889,944,831,15,12,13,13,13,13,0,70,\N,\N,41,17,1:16.794,202,11
22890,944,18,1,22,16,14,14,14,0,70,\N,\N,53,12,1:16.321,203.252,11
22891,944,4,1,14,20,15,15,15,0,70,\N,\N,54,15,1:16.519,202.726,11
22892,944,828,15,9,12,16,16,16,0,69,\N,\N,57,7,1:15.789,204.678,12
22893,944,829,209,28,18,17,17,17,0,67,\N,\N,42,19,1:19.098,196.116,14
22894,944,834,209,53,17,18,18,18,0,67,\N,\N,43,18,1:18.617,197.316,14
22895,944,832,5,55,10,\N,R,19,0,0,\N,\N,\N,0,\N,\N,31
22896,944,13,3,19,8,\N,E,20,0,70,\N,\N,57,6,1:15.743,204.803,96
22897,945,3,131,6,1,1,1,1,25,55,1:38:30.175,5910175,37,5,1:45.356,189.779,1
22898,945,1,131,44,2,2,2,2,18,55,+8.271,5918446,44,1,1:44.517,191.302,1
22899,945,8,6,7,3,3,3,3,15,55,+19.430,5929605,47,4,1:44.942,190.528,1
22900,945,20,6,5,15,4,4,4,12,55,+43.735,5953910,48,2,1:44.550,191.242,1
22901,945,815,10,11,4,5,5,5,10,55,+63.952,5974127,30,8,1:45.892,188.818,1
22902,945,817,9,3,5,6,6,6,8,55,+65.010,5975185,46,9,1:46.305,188.085,1
22903,945,807,10,27,7,7,7,7,6,55,+93.618,6003793,29,16,1:47.064,186.751,1
22904,945,13,3,19,8,8,8,8,4,55,+97.751,6007926,33,14,1:46.984,186.891,1
22905,945,154,208,8,18,9,9,9,2,55,+98.201,6008376,47,7,1:45.859,188.877,1
22906,945,826,9,26,9,10,10,10,1,55,+102.371,6012546,27,13,1:46.882,187.069,1
22907,945,832,5,55,10,11,11,11,0,55,+103.525,6013700,38,15,1:46.998,186.867,1
22908,945,18,1,22,12,12,12,12,0,54,\N,\N,29,17,1:47.509,185.978,11
22909,945,822,3,77,6,13,13,13,0,54,\N,\N,45,11,1:46.464,187.804,11
22910,945,828,15,9,17,14,14,14,0,54,\N,\N,48,12,1:46.517,187.71,11
22911,945,831,15,12,14,15,15,15,0,54,\N,\N,46,10,1:46.424,187.874,11
22912,945,830,5,33,11,16,16,16,0,54,\N,\N,40,6,1:45.746,189.079,11
22913,945,4,1,14,16,17,17,17,0,53,\N,\N,52,3,1:44.796,190.793,12
22914,945,829,209,28,19,18,18,18,0,53,\N,\N,53,18,1:49.610,182.414,12
22915,945,833,209,98,20,19,19,19,0,52,\N,\N,26,19,1:51.213,179.784,13
22916,945,813,208,13,13,\N,R,20,0,0,\N,\N,\N,0,\N,\N,4
22917,948,3,131,6,2,1,1,1,25,57,1:48:15.565,6495565,21,3,1:30.557,210.815,1
22918,948,1,131,44,1,2,2,2,18,57,+8.060,6503625,48,4,1:30.646,210.608,1
22919,948,20,6,5,3,3,3,3,15,57,+9.643,6505208,23,2,1:29.951,212.235,1
22920,948,817,9,3,8,4,4,4,12,57,+24.330,6519895,49,1,1:28.997,214.51,1
22921,948,13,3,19,6,5,5,5,10,57,+58.979,6554544,39,9,1:32.288,206.861,1
22922,948,154,210,8,19,6,6,6,8,57,+72.081,6567646,48,17,1:32.862,205.582,1
22923,948,807,10,27,10,7,7,7,6,57,+74.199,6569764,49,16,1:32.833,205.646,1
22924,948,822,3,77,16,8,8,8,4,57,+75.153,6570718,51,14,1:32.725,205.886,1
22925,948,832,5,55,7,9,9,9,2,57,+75.680,6571245,23,7,1:31.671,208.253,1
22926,948,830,5,33,5,10,10,10,1,57,+76.833,6572398,44,6,1:31.516,208.606,1
22927,948,835,4,30,13,11,11,11,0,57,+83.399,6578964,14,18,1:32.955,205.376,1
22928,948,825,4,20,14,12,12,12,0,57,+85.606,6581171,45,10,1:32.452,206.494,1
22929,948,815,10,11,9,13,13,13,0,57,+91.699,6587264,39,15,1:32.780,205.764,1
22930,948,18,1,22,12,14,14,14,0,56,\N,\N,33,8,1:31.684,208.223,11
22931,948,831,15,12,17,15,15,15,0,56,\N,\N,48,13,1:32.711,205.917,11
22932,948,836,209,94,21,16,16,16,0,56,\N,\N,34,12,1:32.673,206.001,11
22933,948,828,15,9,15,\N,R,17,0,38,\N,\N,15,21,1:33.892,203.327,5
22934,948,8,6,7,4,\N,R,18,0,21,\N,\N,21,5,1:30.701,210.48,5
22935,948,837,209,88,22,\N,R,19,0,17,\N,\N,15,20,1:33.847,203.424,26
22936,948,821,210,21,20,\N,R,20,0,16,\N,\N,4,19,1:32.998,205.281,4
22937,948,4,1,14,11,\N,R,21,0,16,\N,\N,14,11,1:32.553,206.268,4
22938,948,826,9,26,18,\N,W,22,0,0,\N,\N,\N,0,\N,\N,31
22939,949,3,131,6,2,1,1,1,25,57,1:33:34.696,5614696,41,1,1:34.482,206.21,1
22940,949,8,6,7,4,2,2,2,18,57,+10.282,5624978,39,3,1:35.158,204.745,1
22941,949,1,131,44,1,3,3,3,15,57,+30.148,5644844,43,2,1:34.677,205.785,1
22942,949,817,9,3,5,4,4,4,12,57,+62.494,5677190,44,9,1:36.064,202.814,1
22943,949,154,210,8,9,5,5,5,10,57,+78.299,5692995,42,11,1:36.095,202.749,1
22944,949,830,5,33,10,6,6,6,8,57,+80.929,5695625,49,7,1:35.504,204.004,1
22945,949,826,9,26,15,7,7,7,6,56,\N,\N,36,8,1:35.678,203.633,11
22946,949,13,3,19,7,8,8,8,4,56,\N,\N,31,16,1:37.560,199.704,11
22947,949,822,3,77,6,9,9,9,2,56,\N,\N,37,15,1:37.077,200.698,11
22948,949,838,1,47,12,10,10,10,1,56,\N,\N,44,12,1:36.121,202.694,11
22949,949,825,4,20,22,11,11,11,0,56,\N,\N,40,14,1:36.730,201.418,11
22950,949,828,15,9,17,12,12,12,0,56,\N,\N,32,17,1:38.003,198.802,11
22951,949,836,209,94,16,13,13,13,0,56,\N,\N,43,6,1:35.448,204.123,11
22952,949,831,15,12,21,14,14,14,0,56,\N,\N,49,5,1:35.360,204.312,11
22953,949,807,10,27,8,15,15,15,0,56,\N,\N,53,4,1:35.188,204.681,11
22954,949,815,10,11,18,16,16,16,0,56,\N,\N,39,10,1:36.067,202.808,11
22955,949,837,209,88,20,17,17,17,0,56,\N,\N,47,13,1:36.685,201.512,11
22956,949,832,5,55,11,\N,R,18,0,29,\N,\N,22,18,1:38.408,197.983,31
22957,949,821,210,21,13,\N,R,19,0,9,\N,\N,2,19,1:39.341,196.124,31
22958,949,18,1,22,14,\N,R,20,0,6,\N,\N,3,20,1:39.427,195.954,131
22959,949,20,6,5,3,\N,W,21,0,0,\N,\N,\N,0,\N,\N,5
22960,949,835,4,30,19,\N,W,22,0,0,\N,\N,\N,0,\N,\N,9
22961,950,3,131,6,1,1,1,1,25,56,1:38:53.891,5933891,38,6,1:40.418,195.419,1
22962,950,20,6,5,4,2,2,2,18,56,+37.776,5971667,37,9,1:40.610,195.046,1
22963,950,826,9,26,6,3,3,3,15,56,+45.936,5979827,38,14,1:41.546,193.248,1
22964,950,817,9,3,2,4,4,4,12,56,+52.688,5986579,55,11,1:41.015,194.264,1
22965,950,8,6,7,3,5,5,5,10,56,+65.872,5999763,40,8,1:40.593,195.079,1
22966,950,13,3,19,10,6,6,6,8,56,+75.511,6009402,34,16,1:41.815,192.737,1
22967,950,1,131,44,22,7,7,7,6,56,+78.230,6012121,32,10,1:40.662,194.945,1
22968,950,830,5,33,9,8,8,8,4,56,+79.268,6013159,41,5,1:40.399,195.456,1
22969,950,832,5,55,8,9,9,9,2,56,+84.127,6018018,35,12,1:41.485,193.364,1
22970,950,822,3,77,5,10,10,10,1,56,+86.192,6020083,23,15,1:41.558,193.225,1
22971,950,815,10,11,7,11,11,11,0,56,+94.283,6028174,30,17,1:41.846,192.679,1
22972,950,4,1,14,11,12,12,12,0,56,+97.253,6031144,36,19,1:42.226,191.962,1
22973,950,18,1,22,12,13,13,13,0,56,+101.990,6035881,46,3,1:40.298,195.652,1
22974,950,821,210,21,18,14,14,14,0,55,\N,\N,45,4,1:40.368,195.516,11
22975,950,807,10,27,13,15,15,15,0,55,\N,\N,48,1,1:39.824,196.581,11
22976,950,828,15,9,15,16,16,16,0,55,\N,\N,41,22,1:43.269,190.024,11
22977,950,825,4,20,17,17,17,17,0,55,\N,\N,22,21,1:42.311,191.803,11
22978,950,836,209,94,21,18,18,18,0,55,\N,\N,48,13,1:41.489,193.356,11
22979,950,154,210,8,14,19,19,19,0,55,\N,\N,47,2,1:39.923,196.387,11
22980,950,831,15,12,16,20,20,20,0,55,\N,\N,42,7,1:40.582,195.1,11
22981,950,837,209,88,20,21,21,21,0,55,\N,\N,42,18,1:42.009,192.371,11
22982,950,835,4,30,19,22,22,22,0,55,\N,\N,26,20,1:42.232,191.951,11
22983,951,3,131,6,1,1,1,1,25,53,1:32:41.997,5561997,52,1,1:39.094,212.452,1
22984,951,1,131,44,10,2,2,2,18,53,+25.022,5587019,36,4,1:40.266,209.969,1
22985,951,8,6,7,3,3,3,3,15,53,+31.998,5593995,47,3,1:40.101,210.315,1
22986,951,822,3,77,2,4,4,4,12,53,+50.217,5612214,37,6,1:41.159,208.115,1
22987,951,13,3,19,4,5,5,5,10,53,+74.427,5636424,52,2,1:39.743,211.07,1
22988,951,4,1,14,14,6,6,6,8,52,\N,\N,52,5,1:40.347,209.799,11
22989,951,825,4,20,17,7,7,7,6,52,\N,\N,50,9,1:41.832,206.74,11
22990,951,154,210,8,15,8,8,8,4,52,\N,\N,51,12,1:42.026,206.347,11
22991,951,815,10,11,6,9,9,9,2,52,\N,\N,47,10,1:41.897,206.608,11
22992,951,18,1,22,12,10,10,10,1,52,\N,\N,50,8,1:41.720,206.968,11
22993,951,817,9,3,5,11,11,11,0,52,\N,\N,46,7,1:41.179,208.074,11
22994,951,832,5,55,11,12,12,12,0,52,\N,\N,41,15,1:42.205,205.986,11
22995,951,835,4,30,18,13,13,13,0,52,\N,\N,37,19,1:42.660,205.073,11
22996,951,828,15,9,22,14,14,14,0,52,\N,\N,45,14,1:42.050,206.298,11
22997,951,826,9,26,8,15,15,15,0,52,\N,\N,44,17,1:42.344,205.706,11
22998,951,831,15,12,19,16,16,16,0,52,\N,\N,50,16,1:42.253,205.889,11
22999,951,821,210,21,16,17,17,17,0,52,\N,\N,52,18,1:42.378,205.637,11
23000,951,836,209,94,20,18,18,18,0,51,\N,\N,43,11,1:41.907,206.588,12
23001,951,830,5,33,9,\N,R,19,0,33,\N,\N,32,13,1:42.029,206.341,131
23002,951,20,6,5,7,\N,R,20,0,0,\N,\N,\N,0,\N,\N,4
23003,951,807,10,27,13,\N,R,21,0,0,\N,\N,\N,0,\N,\N,4
23004,951,837,209,88,21,\N,R,22,0,0,\N,\N,\N,0,\N,\N,4
23005,952,830,9,33,4,1,1,1,25,66,1:41:40.017,6100017,36,6,1:28.816,188.682,1
23006,952,8,6,7,5,2,2,2,18,66,+0.616,6100633,38,4,1:28.538,189.274,1
23007,952,20,6,5,6,3,3,3,15,66,+5.581,6105598,39,2,1:27.974,190.488,1
23008,952,817,9,3,3,4,4,4,12,66,+43.950,6143967,46,3,1:28.209,189.98,1
23009,952,822,3,77,7,5,5,5,10,66,+45.271,6145288,60,8,1:29.081,188.12,1
23010,952,832,5,55,8,6,6,6,8,66,+61.395,6161412,42,11,1:29.663,186.899,1
23011,952,815,10,11,9,7,7,7,6,66,+79.538,6179555,37,15,1:29.801,186.612,1
23012,952,13,3,19,18,8,8,8,4,66,+80.707,6180724,43,9,1:29.238,187.789,1
23013,952,18,1,22,12,9,9,9,2,65,\N,\N,39,18,1:30.260,185.663,11
23014,952,826,5,26,13,10,10,10,1,65,\N,\N,53,1,1:26.948,192.735,11
23015,952,821,210,21,16,11,11,11,0,65,\N,\N,34,17,1:30.139,185.912,11
23016,952,828,15,9,19,12,12,12,0,65,\N,\N,42,12,1:29.715,186.791,11
23017,952,835,4,30,17,13,13,13,0,65,\N,\N,35,14,1:29.779,186.658,11
23018,952,825,4,20,15,14,14,14,0,65,\N,\N,57,5,1:28.716,188.894,11
23019,952,831,15,12,20,15,15,15,0,65,\N,\N,38,16,1:29.905,186.396,11
23020,952,836,209,94,21,16,16,16,0,65,\N,\N,37,19,1:31.182,183.786,11
23021,952,837,209,88,22,17,17,17,0,65,\N,\N,52,10,1:29.402,187.445,11
23022,952,154,210,8,14,\N,R,18,0,56,\N,\N,41,7,1:28.974,188.347,5
23023,952,4,1,14,10,\N,R,19,0,45,\N,\N,41,13,1:29.750,186.718,5
23024,952,807,10,27,11,\N,R,20,0,20,\N,\N,8,20,1:31.810,182.529,5
23025,952,1,131,44,1,\N,R,21,0,0,\N,\N,\N,0,\N,\N,4
23026,952,3,131,6,2,\N,R,22,0,0,\N,\N,\N,0,\N,\N,4
23027,953,1,131,44,3,1,1,1,25,78,1:59:29.133,7169133,71,1,1:17.939,154.135,1
23028,953,817,9,3,1,2,2,2,18,78,+7.252,7176385,67,3,1:18.294,153.437,1
23029,953,815,10,11,7,3,3,3,15,78,+13.825,7182958,64,4,1:18.446,153.139,1
23030,953,20,6,5,4,4,4,4,12,78,+15.846,7184979,62,2,1:18.005,154.005,1
23031,953,4,1,14,9,5,5,5,10,78,+85.076,7254209,72,8,1:19.170,151.739,1
23032,953,807,10,27,5,6,6,6,8,78,+92.999,7262132,74,11,1:19.232,151.62,1
23033,953,3,131,6,2,7,7,7,6,78,+93.290,7262423,74,6,1:18.763,152.523,1
23034,953,832,5,55,6,8,8,8,4,77,\N,\N,70,5,1:18.519,152.997,11
23035,953,18,1,22,13,9,9,9,2,77,\N,\N,66,12,1:19.670,150.786,11
23036,953,13,3,19,14,10,10,10,1,77,\N,\N,69,9,1:19.213,151.656,11
23037,953,821,210,21,12,11,11,11,0,77,\N,\N,69,7,1:19.131,151.814,11
23038,953,822,3,77,10,12,12,12,0,77,\N,\N,66,10,1:19.223,151.637,11
23039,953,154,210,8,15,13,13,13,0,76,\N,\N,65,14,1:20.219,149.755,12
23040,953,836,209,94,20,14,14,14,0,76,\N,\N,60,15,1:20.372,149.469,12
23041,953,837,209,88,19,15,15,15,0,74,\N,\N,70,13,1:19.868,150.413,14
23042,953,828,15,9,17,\N,R,16,0,51,\N,\N,51,16,1:21.342,147.687,4
23043,953,831,15,12,0,\N,R,17,0,48,\N,\N,46,17,1:21.889,146.701,31
23044,953,830,9,33,0,\N,R,18,0,34,\N,\N,34,18,1:26.563,138.779,3
23045,953,825,4,20,16,\N,R,19,0,32,\N,\N,27,19,1:29.802,133.774,31
23046,953,826,5,26,8,\N,R,20,0,18,\N,\N,14,20,1:37.895,122.715,3
23047,953,8,6,7,11,\N,R,21,0,10,\N,\N,10,21,1:47.149,112.116,3
23048,953,835,4,30,18,\N,R,22,0,7,\N,\N,2,22,1:58.474,101.399,3
23049,954,1,131,44,1,1,1,1,25,70,1:31:05.296,5465296,68,2,1:15.981,206.625,1
23050,954,20,6,5,3,2,2,2,18,70,+5.011,5470307,70,3,1:16.297,205.769,1
23051,954,822,3,77,7,3,3,3,15,70,+46.422,5511718,68,10,1:16.938,204.055,1
23052,954,830,9,33,5,4,4,4,12,70,+53.020,5518316,49,4,1:16.319,205.71,1
23053,954,3,131,6,2,5,5,5,10,70,+62.093,5527389,60,1,1:15.599,207.669,1
23054,954,8,6,7,6,6,6,6,8,70,+63.017,5528313,44,9,1:16.919,204.105,1
23055,954,817,9,3,4,7,7,7,6,70,+63.634,5528930,51,5,1:16.506,205.207,1
23056,954,807,10,27,9,8,8,8,4,69,\N,\N,68,8,1:16.604,204.944,11
23057,954,832,5,55,20,9,9,9,2,69,\N,\N,54,7,1:16.578,205.014,11
23058,954,815,10,11,11,10,10,10,1,69,\N,\N,54,6,1:16.559,205.065,11
23059,954,4,1,14,10,11,11,11,0,69,\N,\N,67,13,1:17.307,203.081,11
23060,954,826,5,26,15,12,12,12,0,69,\N,\N,50,11,1:16.942,204.044,11
23061,954,821,210,21,13,13,13,13,0,68,\N,\N,48,15,1:17.728,201.981,12
23062,954,154,210,8,14,14,14,14,0,68,\N,\N,50,12,1:17.281,203.149,12
23063,954,828,15,9,21,15,15,15,0,68,\N,\N,63,17,1:18.100,201.019,12
23064,954,825,4,20,22,16,16,16,0,68,\N,\N,42,18,1:18.224,200.7,12
23065,954,836,209,94,17,17,17,17,0,68,\N,\N,48,19,1:18.282,200.551,12
23066,954,831,15,12,18,18,18,18,0,68,\N,\N,66,16,1:17.883,201.579,12
23067,954,837,209,88,19,19,19,19,0,68,\N,\N,57,20,1:18.658,199.593,12
23068,954,13,3,19,8,\N,R,20,0,35,\N,\N,32,14,1:17.424,202.774,31
23069,954,835,4,30,16,\N,R,21,0,16,\N,\N,6,22,1:19.879,196.542,31
23070,954,18,1,22,12,\N,R,22,0,9,\N,\N,5,21,1:19.456,197.588,131
23071,955,3,131,6,1,1,1,1,25,51,1:32:52.366,5572366,48,1,1:46.485,202.946,1
23072,955,20,6,5,3,2,2,2,18,51,+16.696,5589062,49,5,1:47.028,201.917,1
23073,955,815,10,11,7,3,3,3,15,51,+25.241,5597607,45,4,1:46.990,201.988,1
23074,955,8,6,7,4,4,4,4,12,51,+33.102,5605468,41,6,1:47.181,201.629,1
23075,955,1,131,44,10,5,5,5,10,51,+56.335,5628701,42,2,1:46.822,202.306,1
23076,955,822,3,77,8,6,6,6,8,51,+60.886,5633252,50,9,1:47.604,200.836,1
23077,955,817,9,3,2,7,7,7,6,51,+69.229,5641595,51,12,1:47.736,200.59,1
23078,955,830,9,33,9,8,8,8,4,51,+70.696,5643062,50,3,1:46.973,202.021,1
23079,955,807,10,27,12,9,9,9,2,51,+77.708,5650074,37,15,1:48.012,200.077,1
23080,955,13,3,19,5,10,10,10,1,51,+85.375,5657741,35,13,1:47.761,200.543,1
23081,955,18,1,22,19,11,11,11,0,51,+104.817,5677183,50,10,1:47.622,200.802,1
23082,955,831,15,12,15,12,12,12,0,50,\N,\N,48,11,1:47.708,200.642,11
23083,955,154,210,8,11,13,13,13,0,50,\N,\N,48,14,1:47.943,200.205,11
23084,955,825,4,20,22,14,14,14,0,50,\N,\N,41,19,1:49.282,197.752,11
23085,955,835,4,30,21,15,15,15,0,50,\N,\N,48,8,1:47.583,200.875,11
23086,955,821,210,21,14,16,16,16,0,50,\N,\N,50,7,1:47.563,200.912,11
23087,955,828,15,9,20,17,17,17,0,50,\N,\N,48,17,1:48.898,198.449,11
23088,955,837,209,88,16,18,18,18,0,49,\N,\N,27,21,1:51.365,194.053,12
23089,955,4,1,14,13,\N,R,19,0,42,\N,\N,27,18,1:49.101,198.08,6
23090,955,836,209,94,17,\N,R,20,0,39,\N,\N,33,20,1:50.571,195.447,23
23091,955,832,5,55,18,\N,R,21,0,31,\N,\N,31,16,1:48.804,198.621,22
23092,955,826,5,26,6,\N,R,22,0,6,\N,\N,2,22,1:53.167,190.963,22
23093,956,1,131,44,1,1,1,1,25,71,1:27:38.107,5258107,67,1,1:08.411,227.647,1
23094,956,830,9,33,8,2,2,2,18,71,+5.719,5263826,69,5,1:09.618,223.7,1
23095,956,8,6,7,4,3,3,3,15,71,+6.024,5264131,66,4,1:08.876,226.11,1
23096,956,3,131,6,6,4,4,4,12,71,+26.710,5284817,66,2,1:08.491,227.381,1
23097,956,817,9,3,5,5,5,5,10,71,+30.981,5289088,66,3,1:08.770,226.459,1
23098,956,18,1,22,3,6,6,6,8,71,+37.706,5295813,70,9,1:10.001,222.476,1
23099,956,154,210,8,13,7,7,7,6,71,+44.668,5302775,67,8,1:09.925,222.718,1
23100,956,832,5,55,15,8,8,8,4,71,+47.400,5305507,68,11,1:10.138,222.042,1
23101,956,822,3,77,7,9,9,9,2,70,\N,\N,55,12,1:10.210,221.814,11
23102,956,836,209,94,12,10,10,10,1,70,\N,\N,67,19,1:10.859,219.782,11
23103,956,821,210,21,11,11,11,11,0,70,\N,\N,55,6,1:09.694,223.456,11
23104,956,835,4,30,19,12,12,12,0,70,\N,\N,53,13,1:10.228,221.757,11
23105,956,831,15,12,21,13,13,13,0,70,\N,\N,46,16,1:10.415,221.168,11
23106,956,825,4,20,17,14,14,14,0,70,\N,\N,56,17,1:10.450,221.058,11
23107,956,828,15,9,18,15,15,15,0,70,\N,\N,58,18,1:10.704,220.264,11
23108,956,837,209,88,20,16,16,16,0,70,\N,\N,66,15,1:10.342,221.398,11
23109,956,815,10,11,16,17,17,17,0,69,\N,\N,66,10,1:10.120,222.099,23
23110,956,4,1,14,14,18,18,18,0,64,\N,\N,44,20,1:11.020,219.284,84
23111,956,807,10,27,2,19,19,19,0,64,\N,\N,53,14,1:10.309,221.502,23
23112,956,13,3,19,0,20,20,20,0,63,\N,\N,59,7,1:09.899,222.801,23
23113,956,20,6,5,9,\N,R,21,0,26,\N,\N,10,21,1:11.441,217.992,27
23114,956,826,5,26,0,\N,R,22,0,2,\N,\N,2,22,1:18.302,198.891,31
23115,957,1,131,44,1,1,1,1,25,52,1:34:55.831,5695831,45,3,1:35.771,221.44,1
23116,957,830,9,33,3,2,2,2,18,52,+8.250,5704081,41,6,1:36.407,219.979,1
23117,957,3,131,6,2,3,3,3,15,52,+16.911,5712742,44,1,1:35.548,221.957,1
23118,957,817,9,3,4,4,4,4,12,52,+26.211,5722042,52,4,1:36.013,220.882,1
23119,957,8,6,7,5,5,5,5,10,52,+69.743,5765574,39,8,1:36.994,218.648,1
23120,957,815,10,11,10,6,6,6,8,52,+76.941,5772772,35,15,1:37.900,216.625,1
23121,957,807,10,27,8,7,7,7,6,52,+77.712,5773543,51,11,1:37.618,217.25,1
23122,957,832,5,55,7,8,8,8,4,52,+85.858,5781689,43,10,1:37.401,217.734,1
23123,957,20,6,5,11,9,9,9,2,52,+91.654,5787485,44,7,1:36.933,218.786,1
23124,957,826,5,26,15,10,10,10,1,52,+92.600,5788431,35,13,1:37.667,217.141,1
23125,957,13,3,19,12,11,11,11,0,51,\N,\N,40,5,1:36.141,220.588,11
23126,957,18,1,22,17,12,12,12,0,51,\N,\N,36,16,1:37.907,216.609,11
23127,957,4,1,14,9,13,13,13,0,51,\N,\N,43,2,1:35.669,221.676,11
23128,957,822,3,77,6,14,14,14,0,51,\N,\N,45,9,1:37.383,217.775,11
23129,957,831,15,12,21,15,15,15,0,51,\N,\N,43,17,1:38.710,214.847,11
23130,957,821,210,21,14,16,16,16,0,51,\N,\N,44,14,1:37.713,217.039,11
23131,957,825,4,20,16,17,17,17,0,49,\N,\N,43,12,1:37.619,217.248,6
23132,957,835,4,30,18,\N,R,18,0,37,\N,\N,36,18,1:39.755,212.596,6
23133,957,837,209,88,19,\N,R,19,0,24,\N,\N,23,19,1:41.380,209.189,20
23134,957,154,210,8,13,\N,R,20,0,17,\N,\N,14,20,1:55.507,183.604,31
23135,957,828,15,9,22,\N,R,21,0,11,\N,\N,9,21,2:00.286,176.309,131
23136,957,836,209,94,20,\N,R,22,0,6,\N,\N,4,22,2:48.804,125.634,20
23137,958,1,131,44,2,1,1,1,25,70,1:40:30.115,6030115,69,3,1:23.849,188.095,1
23138,958,3,131,6,1,2,2,2,18,70,+1.977,6032092,60,2,1:23.670,188.497,1
23139,958,817,9,3,3,3,3,3,15,70,+27.539,6057654,60,5,1:24.608,186.407,1
23140,958,20,6,5,5,4,4,4,12,70,+28.213,6058328,59,4,1:24.383,186.904,1
23141,958,830,9,33,4,5,5,5,10,70,+48.659,6078774,40,7,1:24.687,186.234,1
23142,958,8,6,7,14,6,6,6,8,70,+49.044,6079159,52,1,1:23.086,189.822,1
23143,958,4,1,14,7,7,7,7,6,69,\N,\N,62,8,1:24.958,185.639,11
23144,958,832,5,55,6,8,8,8,4,69,\N,\N,67,10,1:25.103,185.323,11
23145,958,822,3,77,10,9,9,9,2,69,\N,\N,59,11,1:25.273,184.954,11
23146,958,807,10,27,9,10,10,10,1,69,\N,\N,69,13,1:25.392,184.696,11
23147,958,815,10,11,13,11,11,11,0,69,\N,\N,65,9,1:25.021,185.502,11
23148,958,835,4,30,17,12,12,12,0,69,\N,\N,41,16,1:25.743,183.94,11
23149,958,821,210,21,15,13,13,13,0,69,\N,\N,39,17,1:25.955,183.486,11
23150,958,154,210,8,11,14,14,14,0,69,\N,\N,56,18,1:25.958,183.48,11
23151,958,825,4,20,19,15,15,15,0,69,\N,\N,39,19,1:26.230,182.901,11
23152,958,826,5,26,12,16,16,16,0,69,\N,\N,48,6,1:24.669,186.273,11
23153,958,831,15,12,16,17,17,17,0,69,\N,\N,66,15,1:25.676,184.084,11
23154,958,13,3,19,18,18,18,18,0,68,\N,\N,68,12,1:25.296,184.904,12
23155,958,836,209,94,20,19,19,19,0,68,\N,\N,47,20,1:26.524,182.28,12
23156,958,828,15,9,22,20,20,20,0,68,\N,\N,47,14,1:25.475,184.517,12
23157,958,837,209,88,21,21,21,21,0,68,\N,\N,64,22,1:27.791,179.649,12
23158,958,18,1,22,8,\N,R,22,0,60,\N,\N,9,21,1:26.744,181.817,44
23159,959,1,131,44,2,1,1,1,25,67,1:30:44.200,5444200,52,3,1:18.746,209.107,1
23160,959,817,9,3,3,2,2,2,18,67,+6.996,5451196,48,1,1:18.442,209.918,1
23161,959,830,9,33,4,3,3,3,15,67,+13.413,5457613,47,4,1:18.910,208.673,1
23162,959,3,131,6,1,4,4,4,12,67,+15.845,5460045,51,5,1:19.122,208.114,1
23163,959,20,6,5,6,5,5,5,10,67,+32.570,5476770,48,2,1:18.710,209.203,1
23164,959,8,6,7,5,6,6,6,8,67,+37.023,5481223,36,6,1:19.572,206.937,1
23165,959,807,10,27,8,7,7,7,6,67,+70.049,5514249,46,12,1:20.056,205.686,1
23166,959,18,1,22,12,8,8,8,4,66,\N,\N,48,9,1:19.781,206.395,11
23167,959,822,3,77,7,9,9,9,2,66,\N,\N,36,15,1:20.442,204.699,11
23168,959,815,10,11,9,10,10,10,1,66,\N,\N,46,8,1:19.606,206.848,11
23169,959,821,210,21,11,11,11,11,0,66,\N,\N,56,10,1:19.883,206.131,11
23170,959,4,1,14,13,12,12,12,0,66,\N,\N,50,13,1:20.132,205.49,11
23171,959,154,210,8,20,13,13,13,0,66,\N,\N,58,14,1:20.250,205.188,11
23172,959,832,5,55,15,14,14,14,0,66,\N,\N,54,11,1:19.957,205.94,11
23173,959,826,5,26,18,15,15,15,0,66,\N,\N,51,7,1:19.585,206.903,11
23174,959,825,4,20,16,16,16,16,0,66,\N,\N,42,21,1:21.649,201.673,11
23175,959,836,209,94,17,17,17,17,0,65,\N,\N,49,16,1:20.710,204.019,12
23176,959,828,15,9,22,18,18,18,0,65,\N,\N,35,18,1:21.212,202.758,12
23177,959,835,4,30,14,19,19,19,0,65,\N,\N,55,17,1:21.127,202.97,12
23178,959,837,209,88,19,20,20,20,0,65,\N,\N,56,22,1:21.845,201.19,12
23179,959,831,15,12,21,\N,R,21,0,57,\N,\N,45,19,1:21.420,202.24,131
23180,959,13,3,19,10,\N,R,22,0,36,\N,\N,31,20,1:21.476,202.101,22
23181,960,3,131,6,1,1,1,1,25,44,1:44:51.058,6291058,11,2,1:51.746,225.64,1
23182,960,817,9,3,5,2,2,2,18,44,+14.113,6305171,11,4,1:52.461,224.205,1
23183,960,1,131,44,21,3,3,3,15,44,+27.634,6318692,40,1,1:51.583,225.969,1
23184,960,807,10,27,7,4,4,4,12,44,+35.907,6326965,41,10,1:53.530,222.094,1
23185,960,815,10,11,6,5,5,5,10,44,+40.660,6331718,34,8,1:53.414,222.321,1
23186,960,20,6,5,4,6,6,6,8,44,+45.394,6336452,35,5,1:52.728,223.674,1
23187,960,4,1,14,22,7,7,7,6,44,+59.445,6350503,43,15,1:54.484,220.243,1
23188,960,822,3,77,8,8,8,8,4,44,+60.151,6351209,31,12,1:54.120,220.946,1
23189,960,8,6,7,3,9,9,9,2,44,+61.109,6352167,27,9,1:53.498,222.157,1
23190,960,13,3,19,10,10,10,10,1,44,+65.873,6356931,25,14,1:54.342,220.517,1
23191,960,830,9,33,2,11,11,11,0,44,+71.138,6362196,32,7,1:53.281,222.582,1
23192,960,821,210,21,18,12,12,12,0,44,+73.877,6364935,26,13,1:54.335,220.53,1
23193,960,154,210,8,11,13,13,13,0,44,+76.474,6367532,25,11,1:53.803,221.561,1
23194,960,826,5,26,19,14,14,14,0,44,+87.097,6378155,37,3,1:52.081,224.965,1
23195,960,835,4,30,13,15,15,15,0,44,+93.165,6384223,41,6,1:53.251,222.641,1
23196,960,839,209,31,17,16,16,16,0,43,\N,\N,26,16,1:55.734,217.865,11
23197,960,831,15,12,16,17,17,17,0,43,\N,\N,31,17,1:56.152,217.081,11
23198,960,825,4,20,12,\N,R,18,0,5,\N,\N,4,18,1:56.588,216.269,3
23199,960,828,15,9,20,\N,R,19,0,3,\N,\N,2,19,2:15.255,186.421,6
23200,960,832,5,55,14,\N,R,20,0,1,\N,\N,\N,0,\N,\N,29
23201,960,18,1,22,9,\N,R,21,0,1,\N,\N,\N,0,\N,\N,130
23202,960,836,209,94,15,\N,R,22,0,0,\N,\N,\N,0,\N,\N,130
23203,961,3,131,6,2,1,1,1,25,53,1:17:28.089,4648089,26,9,1:26.599,240.82,1
23204,961,1,131,44,1,2,2,2,18,53,+15.070,4663159,27,4,1:26.303,241.646,1
23205,961,20,6,5,3,3,3,3,15,53,+20.990,4669079,48,5,1:26.310,241.626,1
23206,961,8,6,7,4,4,4,4,12,53,+27.561,4675650,50,3,1:26.016,242.452,1
23207,961,817,9,3,6,5,5,5,10,53,+45.295,4693384,52,2,1:25.919,242.726,1
23208,961,822,3,77,5,6,6,6,8,53,+51.015,4699104,46,10,1:26.708,240.517,1
23209,961,830,9,33,7,7,7,7,6,53,+54.236,4702325,50,8,1:26.405,241.361,1
23210,961,815,10,11,8,8,8,8,4,53,+64.954,4713043,40,12,1:26.920,239.93,1
23211,961,13,3,19,11,9,9,9,2,53,+65.617,4713706,50,7,1:26.400,241.375,1
23212,961,807,10,27,9,10,10,10,1,53,+78.656,4726745,40,13,1:26.954,239.837,1
23213,961,154,210,8,17,11,11,11,0,52,\N,\N,50,15,1:27.227,239.086,11
23214,961,18,1,22,14,12,12,12,0,52,\N,\N,40,6,1:26.354,241.503,11
23215,961,821,210,21,10,13,13,13,0,52,\N,\N,42,14,1:27.106,239.418,11
23216,961,4,1,14,12,14,14,14,0,52,\N,\N,51,1,1:25.340,244.373,11
23217,961,832,5,55,15,15,15,15,0,52,\N,\N,41,11,1:26.751,240.398,11
23218,961,828,15,9,19,16,16,16,0,52,\N,\N,37,19,1:28.552,235.509,11
23219,961,825,4,20,21,17,17,17,0,52,\N,\N,52,16,1:27.618,238.019,11
23220,961,839,209,31,22,18,18,18,0,51,\N,\N,51,18,1:28.534,235.556,12
23221,961,826,5,26,16,\N,R,19,0,36,\N,\N,35,17,1:28.037,236.886,84
23222,961,836,209,94,13,\N,R,20,0,26,\N,\N,18,20,1:28.723,235.055,44
23223,961,835,4,30,20,\N,R,21,0,7,\N,\N,4,21,1:31.361,228.268,130
23224,961,831,15,12,18,\N,R,22,0,6,\N,\N,\N,0,\N,\N,130
23225,962,3,131,6,1,1,1,1,25,61,1:55:48.950,6948950,38,6,1:50.296,165.318,1
23226,962,817,9,3,2,2,2,2,18,61,+0.488,6949438,49,1,1:47.187,170.113,1
23227,962,1,131,44,3,3,3,3,15,61,+8.038,6956988,52,3,1:47.752,169.221,1
23228,962,8,6,7,5,4,4,4,12,61,+10.219,6959169,51,4,1:48.204,168.515,1
23229,962,20,6,5,22,5,5,5,10,61,+27.694,6976644,45,2,1:47.345,169.863,1
23230,962,830,9,33,4,6,6,6,8,61,+71.197,7020147,46,5,1:49.050,167.207,1
23231,962,4,1,14,9,7,7,7,6,61,+89.198,7038148,49,12,1:51.249,163.902,1
23232,962,815,10,11,17,8,8,8,4,61,+111.062,7060012,34,15,1:51.517,163.508,1
23233,962,826,5,26,7,9,9,9,2,61,+111.557,7060507,39,9,1:50.944,164.353,1
23234,962,825,4,20,15,10,10,10,1,61,+119.952,7068902,44,8,1:50.858,164.48,1
23235,962,821,210,21,13,11,11,11,0,60,\N,\N,39,11,1:51.075,164.159,11
23236,962,13,3,19,11,12,12,12,0,60,\N,\N,53,14,1:51.455,163.599,11
23237,962,831,15,12,16,13,13,13,0,60,\N,\N,41,17,1:51.683,163.265,11
23238,962,832,5,55,6,14,14,14,0,60,\N,\N,56,7,1:50.532,164.965,11
23239,962,835,4,30,18,15,15,15,0,60,\N,\N,36,19,1:51.777,163.128,11
23240,962,836,209,94,19,16,16,16,0,60,\N,\N,40,20,1:52.021,162.773,11
23241,962,828,15,9,14,17,17,17,0,60,\N,\N,27,10,1:50.963,164.325,11
23242,962,839,209,31,21,18,18,18,0,59,\N,\N,47,18,1:51.748,163.17,12
23243,962,18,1,22,12,\N,R,19,0,43,\N,\N,18,16,1:51.631,163.341,23
23244,962,822,3,77,10,\N,R,20,0,35,\N,\N,17,13,1:51.368,163.727,25
23245,962,807,10,27,8,\N,R,21,0,0,\N,\N,\N,0,\N,\N,4
23246,962,154,210,8,20,\N,W,22,0,0,\N,\N,\N,0,\N,\N,54
23247,963,817,9,3,4,1,1,1,25,56,1:37:12.776,5832776,44,3,1:37.449,204.771,1
23248,963,830,9,33,3,2,2,2,18,56,+2.443,5835219,44,2,1:37.376,204.925,1
23249,963,3,131,6,2,3,3,3,15,56,+25.516,5858292,44,1,1:36.424,206.948,1
23250,963,8,6,7,6,4,4,4,12,56,+28.785,5861561,47,4,1:37.466,204.736,1
23251,963,822,3,77,11,5,5,5,10,56,+61.582,5894358,53,9,1:39.199,201.159,1
23252,963,815,10,11,7,6,6,6,8,56,+63.794,5896570,51,11,1:39.328,200.898,1
23253,963,4,1,14,22,7,7,7,6,56,+65.205,5897981,44,6,1:38.291,203.017,1
23254,963,807,10,27,8,8,8,8,4,56,+74.062,5906838,43,5,1:37.793,204.051,1
23255,963,18,1,22,9,9,9,9,2,56,+81.816,5914592,51,8,1:38.740,202.094,1
23256,963,835,4,30,19,10,10,10,1,56,+95.466,5928242,53,12,1:39.350,200.853,1
23257,963,832,5,55,16,11,11,11,0,56,+98.878,5931654,44,10,1:39.243,201.07,1
23258,963,828,15,9,17,12,12,12,0,55,\N,\N,55,14,1:39.781,199.985,11
23259,963,13,3,19,10,13,13,13,0,55,\N,\N,53,16,1:39.920,199.707,11
23260,963,826,5,26,15,14,14,14,0,55,\N,\N,43,15,1:39.798,199.951,11
23261,963,836,209,94,21,15,15,15,0,55,\N,\N,55,13,1:39.653,200.242,11
23262,963,839,209,31,20,16,16,16,0,55,\N,\N,45,18,1:41.467,196.662,11
23263,963,831,15,12,18,\N,R,17,0,46,\N,\N,43,17,1:40.490,198.574,23
23264,963,1,131,44,1,\N,R,18,0,40,\N,\N,31,7,1:38.595,202.391,5
23265,963,821,210,21,13,\N,R,19,0,39,\N,\N,37,19,1:41.775,196.067,61
23266,963,825,4,20,14,\N,R,20,0,17,\N,\N,3,21,1:43.379,193.025,75
23267,963,154,210,8,12,\N,R,21,0,7,\N,\N,7,20,1:42.142,195.363,23
23268,963,20,6,5,5,\N,R,22,0,0,\N,\N,\N,0,\N,\N,4
23269,964,3,131,6,1,1,1,1,25,53,1:26:43.333,5203333,31,5,1:36.049,217.651,1
23270,964,830,9,33,3,2,2,2,18,53,+4.978,5208311,43,6,1:36.386,216.89,1
23271,964,1,131,44,2,3,3,3,15,53,+5.776,5209109,36,2,1:35.152,219.703,1
23272,964,20,6,5,6,4,4,4,12,53,+20.269,5223602,36,1,1:35.118,219.781,1
23273,964,8,6,7,8,5,5,5,10,53,+28.370,5231703,33,4,1:35.990,217.785,1
23274,964,817,9,3,4,6,6,6,8,53,+33.941,5237274,36,3,1:35.511,218.877,1
23275,964,815,10,11,5,7,7,7,6,53,+57.495,5260828,31,7,1:36.756,216.061,1
23276,964,807,10,27,9,8,8,8,4,53,+59.177,5262510,39,10,1:37.351,214.74,1
23277,964,13,3,19,12,9,9,9,2,53,+97.763,5301096,35,14,1:37.785,213.787,1
23278,964,822,3,77,11,10,10,10,1,53,+98.323,5301656,33,15,1:37.844,213.658,1
23279,964,154,210,8,7,11,11,11,0,53,+99.254,5302587,32,8,1:37.020,215.473,1
23280,964,835,4,30,16,12,12,12,0,52,\N,\N,43,16,1:37.978,213.366,11
23281,964,826,5,26,13,13,13,13,0,52,\N,\N,25,11,1:37.597,214.199,11
23282,964,825,4,20,17,14,14,14,0,52,\N,\N,27,18,1:38.036,213.24,11
23283,964,828,15,9,18,15,15,15,0,52,\N,\N,28,21,1:38.496,212.244,11
23284,964,4,1,14,15,16,16,16,0,52,\N,\N,29,19,1:38.208,212.866,11
23285,964,832,5,55,14,17,17,17,0,52,\N,\N,41,12,1:37.723,213.923,11
23286,964,18,1,22,22,18,18,18,0,52,\N,\N,39,9,1:37.177,215.124,11
23287,964,831,15,12,19,19,19,19,0,52,\N,\N,28,22,1:38.544,212.14,11
23288,964,821,210,21,10,20,20,20,0,52,\N,\N,30,13,1:37.775,213.809,11
23289,964,839,209,31,20,21,21,21,0,52,\N,\N,33,20,1:38.380,212.494,11
23290,964,836,209,94,21,22,22,22,0,52,\N,\N,39,17,1:38.000,213.318,11
23291,965,1,131,44,1,1,1,1,25,56,1:38:12.618,5892618,45,4,1:42.386,193.842,1
23292,965,3,131,6,2,2,2,2,18,56,+4.520,5897138,34,3,1:41.897,194.773,1
23293,965,817,9,3,3,3,3,3,15,56,+19.692,5912310,51,7,1:42.555,193.523,1
23294,965,20,6,5,6,4,4,4,12,56,+43.134,5935752,55,1,1:39.877,198.712,1
23295,965,4,1,14,12,5,5,5,10,56,+93.953,5986571,36,10,1:43.502,191.752,1
23296,965,832,5,55,10,6,6,6,8,56,+96.124,5988742,33,8,1:42.832,193.002,1
23297,965,13,3,19,9,7,7,7,6,55,\N,\N,33,9,1:43.414,191.915,11
23298,965,815,10,11,11,8,8,8,4,55,\N,\N,33,12,1:43.925,190.972,11
23299,965,18,1,22,19,9,9,9,2,55,\N,\N,37,15,1:44.468,189.979,11
23300,965,154,210,8,17,10,10,10,1,55,\N,\N,35,14,1:44.335,190.221,11
23301,965,826,5,26,13,11,11,11,0,55,\N,\N,45,6,1:42.475,193.674,11
23302,965,825,4,20,18,12,12,12,0,55,\N,\N,48,17,1:44.730,189.504,11
23303,965,835,4,30,15,13,13,13,0,55,\N,\N,18,16,1:44.724,189.515,11
23304,965,828,15,9,16,14,14,14,0,55,\N,\N,19,19,1:45.140,188.765,11
23305,965,831,15,12,21,15,15,15,0,55,\N,\N,55,13,1:44.117,190.62,11
23306,965,822,3,77,8,16,16,16,0,55,\N,\N,34,18,1:44.977,189.058,11
23307,965,836,209,94,20,17,17,17,0,55,\N,\N,36,21,1:45.451,188.208,11
23308,965,839,209,31,22,18,18,18,0,54,\N,\N,46,11,1:43.585,191.599,12
23309,965,8,6,7,5,\N,R,19,0,38,\N,\N,26,2,1:41.841,194.88,36
23310,965,830,9,33,4,\N,R,20,0,28,\N,\N,28,5,1:42.424,193.77,6
23311,965,821,210,21,14,\N,R,21,0,16,\N,\N,15,20,1:45.364,188.364,23
23312,965,807,10,27,7,\N,R,22,0,1,\N,\N,\N,0,\N,\N,4
23313,966,1,131,44,1,1,1,1,25,71,1:40:31.402,6031402,66,4,1:22.596,187.592,1
23314,966,3,131,6,2,2,2,2,18,71,+8.354,6039756,43,5,1:22.792,187.148,1
23315,966,817,9,3,4,3,3,3,15,71,+20.858,6052260,53,1,1:21.134,190.972,1
23316,966,830,9,33,3,4,4,4,12,71,+21.323,6052725,66,6,1:22.887,186.934,1
23317,966,20,6,5,7,5,5,5,10,71,+27.313,6058715,61,2,1:22.497,187.817,1
23318,966,8,6,7,6,6,6,6,8,71,+49.376,6080778,47,3,1:22.512,187.783,1
23319,966,807,10,27,5,7,7,7,6,71,+58.891,6090293,50,9,1:23.288,186.034,1
23320,966,822,3,77,8,8,8,8,4,71,+65.612,6097014,65,11,1:23.540,185.472,1
23321,966,13,3,19,9,9,9,9,2,71,+76.206,6107608,64,12,1:23.576,185.392,1
23322,966,815,10,11,12,10,10,10,1,71,+76.798,6108200,62,13,1:23.607,185.324,1
23323,966,828,15,9,15,11,11,11,0,70,\N,\N,65,18,1:24.340,183.713,11
23324,966,18,1,22,13,12,12,12,0,70,\N,\N,70,17,1:23.777,184.948,11
23325,966,4,1,14,11,13,13,13,0,70,\N,\N,69,16,1:23.668,185.189,11
23326,966,835,4,30,21,14,14,14,0,70,\N,\N,64,20,1:24.574,183.205,11
23327,966,831,15,12,19,15,15,15,0,70,\N,\N,58,15,1:23.657,185.213,11
23328,966,832,5,55,10,16,16,16,0,70,\N,\N,52,19,1:24.467,183.437,11
23329,966,825,4,20,14,17,17,17,0,70,\N,\N,53,7,1:23.146,186.351,11
23330,966,826,5,26,18,18,18,18,0,70,\N,\N,59,14,1:23.618,185.299,11
23331,966,821,210,21,17,19,19,19,0,70,\N,\N,63,10,1:23.456,185.659,11
23332,966,154,210,8,22,20,20,20,0,70,\N,\N,53,8,1:23.278,186.056,11
23333,966,839,209,31,20,21,21,21,0,69,\N,\N,43,21,1:24.964,182.364,12
23334,966,836,209,94,16,\N,R,22,0,0,\N,\N,\N,0,\N,\N,4
23335,967,1,131,44,1,1,1,1,25,71,3:01:01.335,10861335,44,3,1:25.639,181.137,1
23336,967,3,131,6,2,2,2,2,18,71,+11.455,10872790,47,6,1:26.222,179.912,1
23337,967,830,9,33,4,3,3,3,15,71,+21.481,10882816,67,1,1:25.305,181.846,1
23338,967,815,10,11,9,4,4,4,12,71,+25.346,10886681,41,11,1:27.093,178.113,1
23339,967,20,6,5,5,5,5,5,10,71,+26.334,10887669,70,5,1:26.195,179.968,1
23340,967,832,5,55,15,6,6,6,8,71,+29.160,10890495,38,13,1:27.153,177.99,1
23341,967,807,10,27,8,7,7,7,6,71,+29.827,10891162,69,8,1:26.728,178.862,1
23342,967,817,9,3,6,8,8,8,4,71,+30.486,10891821,42,2,1:25.532,181.363,1
23343,967,831,15,12,21,9,9,9,2,71,+42.620,10903955,70,15,1:27.547,177.189,1
23344,967,4,1,14,10,10,10,10,1,71,+44.432,10905767,70,12,1:27.104,178.09,1
23345,967,822,3,77,11,11,11,11,0,71,+45.292,10906627,70,4,1:26.062,180.246,1
23346,967,839,209,31,22,12,12,12,0,71,+45.809,10907144,47,16,1:27.796,176.686,1
23347,967,826,5,26,14,13,13,13,0,71,+51.192,10912527,42,14,1:27.476,177.333,1
23348,967,825,4,20,18,14,14,14,0,71,+51.555,10912890,69,7,1:26.524,179.284,1
23349,967,836,209,94,19,15,15,15,0,71,+60.498,10921833,69,18,1:27.919,176.439,1
23350,967,18,1,22,17,16,16,16,0,71,+81.994,10943329,38,10,1:26.983,178.338,1
23351,967,821,210,21,12,\N,R,17,0,60,\N,\N,43,17,1:27.805,176.668,31
23352,967,13,3,19,13,\N,R,18,0,46,\N,\N,39,9,1:26.767,178.782,4
23353,967,835,4,30,16,\N,R,19,0,20,\N,\N,11,21,1:34.334,164.441,130
23354,967,8,6,7,3,\N,R,20,0,19,\N,\N,12,19,1:28.847,174.596,4
23355,967,828,15,9,20,\N,R,21,0,11,\N,\N,11,20,1:31.265,169.97,4
23356,967,154,210,8,7,\N,W,22,0,0,\N,\N,\N,0,\N,\N,54
23357,968,1,131,44,1,1,1,1,25,55,1:38:04.013,5884013,37,5,1:45.137,190.174,1
23358,968,3,131,6,2,2,2,2,18,55,+0.439,5884452,33,9,1:45.261,189.95,1
23359,968,20,6,5,5,3,3,3,15,55,+0.843,5884856,43,1,1:43.729,192.756,1
23360,968,830,9,33,6,4,4,4,12,55,+1.685,5885698,36,7,1:45.187,190.084,1
23361,968,817,9,3,3,5,5,5,10,55,+5.315,5889328,29,3,1:44.889,190.624,1
23362,968,8,6,7,4,6,6,6,8,55,+18.816,5902829,35,6,1:45.163,190.127,1
23363,968,807,10,27,7,7,7,7,6,55,+50.114,5934127,31,13,1:45.949,188.717,1
23364,968,815,10,11,8,8,8,8,4,55,+58.776,5942789,30,8,1:45.249,189.972,1
23365,968,13,3,19,10,9,9,9,2,55,+59.436,5943449,33,10,1:45.675,189.206,1
23366,968,4,1,14,9,10,10,10,1,55,+59.896,5943909,50,2,1:44.495,191.343,1
23367,968,154,210,8,14,11,11,11,0,55,+76.777,5960790,45,4,1:44.970,190.477,1
23368,968,821,210,21,13,12,12,12,0,55,+95.113,5979126,45,12,1:45.928,188.754,1
23369,968,839,209,31,20,13,13,13,0,54,\N,\N,46,15,1:46.189,188.29,11
23370,968,836,209,94,16,14,14,14,0,54,\N,\N,26,14,1:46.145,188.368,11
23371,968,828,15,9,22,15,15,15,0,54,\N,\N,40,16,1:46.216,188.242,11
23372,968,831,15,12,19,16,16,16,0,54,\N,\N,44,17,1:46.287,188.117,11
23373,968,835,4,30,15,17,17,17,0,54,\N,\N,46,11,1:45.715,189.134,11
23374,968,832,5,55,21,\N,R,18,0,41,\N,\N,30,18,1:46.591,187.58,130
23375,968,826,5,26,17,\N,R,19,0,14,\N,\N,13,21,1:48.752,183.853,6
23376,968,18,1,22,12,\N,R,20,0,12,\N,\N,4,22,1:48.753,183.851,22
23377,968,822,3,77,11,\N,R,21,0,6,\N,\N,4,19,1:47.837,185.413,22
23378,968,825,4,20,18,\N,R,22,0,5,\N,\N,4,20,1:48.601,184.108,22
23379,969,20,6,5,2,1,1,1,25,57,1:24:11.672,5051672,53,3,1:26.638,220.351,1
23380,969,1,131,44,1,2,2,2,18,57,+9.975,5061647,44,6,1:27.033,219.351,1
23381,969,822,131,77,3,3,3,3,15,57,+11.250,5062922,56,2,1:26.593,220.465,1
23382,969,8,6,7,4,4,4,4,12,57,+22.393,5074065,56,1,1:26.538,220.605,1
23383,969,830,9,33,5,5,5,5,10,57,+28.827,5080499,43,5,1:26.964,219.525,1
23384,969,13,3,19,7,6,6,6,8,57,+83.386,5135058,49,9,1:28.045,216.83,1
23385,969,815,10,11,10,7,7,7,6,56,\N,\N,56,10,1:28.336,216.115,11
23386,969,832,5,55,8,8,8,8,4,56,\N,\N,53,8,1:27.677,217.74,11
23387,969,826,5,26,9,9,9,9,2,56,\N,\N,51,4,1:26.711,220.165,11
23388,969,839,10,31,13,10,10,10,1,56,\N,\N,55,11,1:28.475,215.776,11
23389,969,807,4,27,11,11,11,11,0,56,\N,\N,55,12,1:28.486,215.749,11
23390,969,841,15,36,16,12,12,12,0,55,\N,\N,51,13,1:29.052,214.378,12
23391,969,838,1,2,18,13,13,13,0,55,\N,\N,53,15,1:29.440,213.448,12
23392,969,4,1,14,12,\N,R,14,0,50,\N,\N,48,17,1:30.077,211.938,76
23393,969,825,210,20,17,\N,R,15,0,46,\N,\N,46,7,1:27.568,218.011,22
23394,969,840,3,18,20,\N,R,16,0,40,\N,\N,38,14,1:29.389,213.569,23
23395,969,817,9,3,0,\N,R,17,0,25,\N,\N,21,16,1:29.447,213.431,131
23396,969,828,15,9,14,\N,R,18,0,21,\N,\N,18,19,1:32.052,207.391,9
23397,969,835,4,30,19,\N,R,19,0,15,\N,\N,6,20,1:32.195,207.069,23
23398,969,154,210,8,6,\N,R,20,0,13,\N,\N,12,18,1:30.183,211.689,47
23399,970,1,131,44,1,1,1,1,25,56,1:37:36.158,5856158,44,1,1:35.378,205.745,1
23400,970,20,6,5,2,2,2,2,18,56,+6.250,5862408,40,2,1:35.423,205.648,1
23401,970,830,9,33,16,3,3,3,15,56,+45.192,5901350,31,7,1:36.722,202.886,1
23402,970,817,9,3,5,4,4,4,12,56,+46.035,5902193,36,8,1:36.791,202.741,1
23403,970,8,6,7,4,5,5,5,10,56,+48.076,5904234,42,4,1:36.003,204.406,1
23404,970,822,131,77,3,6,6,6,8,56,+48.808,5904966,41,3,1:35.849,204.734,1
23405,970,832,5,55,11,7,7,7,6,56,+72.893,5929051,30,10,1:37.398,201.478,1
23406,970,825,210,20,12,8,8,8,4,55,\N,\N,35,11,1:37.528,201.209,11
23407,970,815,10,11,8,9,9,9,2,55,\N,\N,55,6,1:36.531,203.288,11
23408,970,839,10,31,17,10,10,10,1,55,\N,\N,55,9,1:37.036,202.23,11
23409,970,154,210,8,19,11,11,11,0,55,\N,\N,50,12,1:37.551,201.162,11
23410,970,807,4,27,7,12,12,12,0,55,\N,\N,36,13,1:38.015,200.21,11
23411,970,835,4,30,20,13,13,13,0,55,\N,\N,47,14,1:38.181,199.871,11
23412,970,13,3,19,6,14,14,14,0,55,\N,\N,50,5,1:36.511,203.33,11
23413,970,828,15,9,14,15,15,15,0,55,\N,\N,50,16,1:39.732,196.763,11
23414,970,4,1,14,13,\N,R,16,0,33,\N,\N,31,15,1:39.496,197.23,30
23415,970,826,5,26,9,\N,R,17,0,18,\N,\N,18,17,1:40.090,196.059,9
23416,970,838,1,2,15,\N,R,18,0,17,\N,\N,15,18,1:41.460,193.412,32
23417,970,841,15,36,18,\N,R,19,0,3,\N,\N,\N,0,\N,\N,3
23418,970,840,3,18,10,\N,R,20,0,0,\N,\N,\N,0,\N,\N,4
23419,971,20,6,5,3,1,1,1,25,57,1:33:53.374,5633374,36,4,1:33.826,207.652,1
23420,971,1,131,44,2,2,2,2,18,57,+6.660,5640034,46,1,1:32.798,209.952,1
23421,971,822,131,77,1,3,3,3,15,57,+20.397,5653771,33,5,1:34.087,207.076,1
23422,971,8,6,7,5,4,4,4,12,57,+22.475,5655849,55,3,1:33.720,207.887,1
23423,971,817,9,3,4,5,5,5,10,57,+39.346,5672720,42,2,1:33.495,208.387,1
23424,971,13,3,19,8,6,6,6,8,57,+54.326,5687700,39,6,1:34.256,206.705,1
23425,971,815,10,11,18,7,7,7,6,57,+62.606,5695980,39,7,1:34.609,205.933,1
23426,971,154,210,8,9,8,8,8,4,57,+74.865,5708239,33,8,1:34.948,205.198,1
23427,971,807,4,27,7,9,9,9,2,57,+80.188,5713562,40,12,1:35.372,204.286,1
23428,971,839,10,31,14,10,10,10,1,57,+95.711,5729085,39,11,1:35.179,204.7,1
23429,971,836,15,94,13,11,11,11,0,56,\N,\N,43,17,1:36.786,201.301,11
23430,971,826,5,26,11,12,12,12,0,56,\N,\N,45,9,1:34.985,205.118,11
23431,971,835,4,30,10,13,13,13,0,56,\N,\N,43,13,1:35.552,203.901,11
23432,971,4,1,14,15,14,14,14,0,54,\N,\N,47,14,1:35.595,203.809,131
23433,971,828,15,9,19,\N,R,15,0,50,\N,\N,35,10,1:35.086,204.9,6
23434,971,832,5,55,16,\N,R,16,0,12,\N,\N,8,18,1:38.026,198.755,4
23435,971,840,3,18,12,\N,R,17,0,12,\N,\N,10,15,1:36.303,202.311,4
23436,971,830,9,33,6,\N,R,18,0,11,\N,\N,4,16,1:36.681,201.52,23
23437,971,825,210,20,20,\N,R,19,0,8,\N,\N,6,19,1:38.718,197.362,10
23438,971,838,1,2,17,\N,R,20,0,0,\N,\N,\N,0,\N,\N,131
23439,972,822,131,77,3,1,1,1,25,52,1:28:08.743,5288743,49,3,1:37.367,216.221,1
23440,972,20,6,5,1,2,2,2,18,52,+0.617,5289360,49,2,1:37.312,216.343,1
23441,972,8,6,7,2,3,3,3,15,52,+11.000,5299743,49,1,1:36.844,217.388,1
23442,972,1,131,44,4,4,4,4,12,52,+36.320,5325063,18,6,1:38.398,213.955,1
23443,972,830,9,33,7,5,5,5,10,52,+60.416,5349159,47,8,1:38.429,213.888,1
23444,972,815,10,11,9,6,6,6,8,52,+86.788,5375531,51,9,1:38.661,213.385,1
23445,972,839,10,31,10,7,7,7,6,52,+95.004,5383747,50,10,1:38.745,213.203,1
23446,972,807,4,27,8,8,8,8,4,52,+96.188,5384931,52,7,1:38.418,213.912,1
23447,972,13,3,19,6,9,9,9,2,51,\N,\N,45,4,1:38.232,214.317,11
23448,972,832,5,55,14,10,10,10,1,51,\N,\N,51,11,1:38.858,212.96,11
23449,972,840,3,18,11,11,11,11,0,51,\N,\N,50,12,1:38.870,212.934,11
23450,972,826,5,26,12,12,12,12,0,51,\N,\N,50,5,1:38.300,214.168,11
23451,972,825,210,20,13,13,13,13,0,51,\N,\N,40,13,1:39.566,211.445,11
23452,972,838,1,2,20,14,14,14,0,51,\N,\N,47,14,1:39.790,210.971,11
23453,972,828,15,9,18,15,15,15,0,51,\N,\N,48,15,1:39.835,210.875,11
23454,972,836,15,94,17,16,16,16,0,50,\N,\N,37,16,1:40.922,208.604,12
23455,972,817,9,3,5,\N,R,17,0,5,\N,\N,4,17,1:42.285,205.824,23
23456,972,835,4,30,16,\N,R,18,0,0,\N,\N,\N,0,\N,\N,4
23457,972,154,210,8,19,\N,R,19,0,0,\N,\N,\N,0,\N,\N,4
23458,972,4,1,14,15,\N,W,20,0,0,\N,\N,\N,0,\N,\N,131
23459,973,1,131,44,1,1,1,1,25,66,1:35:56.497,5756497,64,1,1:23.593,200.471,1
23460,973,20,6,5,2,2,2,2,18,66,+3.490,5759987,43,2,1:23.674,200.277,1
23461,973,817,9,3,6,3,3,3,15,66,+75.820,5832317,40,3,1:23.686,200.248,1
23462,973,815,10,11,8,4,4,4,12,65,\N,\N,51,7,1:25.755,195.417,11
23463,973,839,10,31,10,5,5,5,10,65,\N,\N,40,11,1:26.276,194.237,11
23464,973,807,4,27,13,6,6,6,8,65,\N,\N,56,15,1:26.703,193.28,11
23465,973,832,5,55,12,7,7,7,6,65,\N,\N,61,9,1:26.186,194.439,11
23466,973,836,15,94,15,8,8,8,4,65,\N,\N,58,14,1:26.476,193.787,11
23467,973,826,5,26,19,9,9,9,2,65,\N,\N,37,8,1:25.976,194.914,11
23468,973,154,210,8,14,10,10,10,1,65,\N,\N,50,17,1:26.871,192.906,11
23469,973,828,15,9,16,11,11,11,0,64,\N,\N,60,10,1:26.213,194.379,12
23470,973,4,1,14,7,12,12,12,0,64,\N,\N,64,4,1:23.894,199.752,12
23471,973,13,3,19,9,13,13,13,0,64,\N,\N,64,13,1:26.472,193.796,12
23472,973,825,210,20,11,14,14,14,0,64,\N,\N,15,12,1:26.371,194.023,12
23473,973,835,4,30,17,15,15,15,0,64,\N,\N,44,6,1:24.843,197.517,12
23474,973,840,3,18,18,16,16,16,0,64,\N,\N,50,16,1:26.838,192.98,12
23475,973,822,131,77,3,\N,R,17,0,38,\N,\N,28,5,1:24.696,197.86,131
23476,973,838,1,2,20,\N,R,18,0,32,\N,\N,14,18,1:27.554,191.401,4
23477,973,830,9,33,5,\N,R,19,0,1,\N,\N,\N,0,\N,\N,130
23478,973,8,6,7,4,\N,R,20,0,0,\N,\N,\N,0,\N,\N,130
23479,974,20,6,5,2,1,1,1,25,78,1:44:44.340,6284340,38,2,1:15.238,159.669,1
23480,974,8,6,7,1,2,2,2,18,78,+3.145,6287485,39,3,1:15.527,159.058,1
23481,974,817,9,3,5,3,3,3,15,78,+3.745,6288085,51,4,1:15.756,158.577,1
23482,974,822,131,77,3,4,4,4,12,78,+5.517,6289857,22,9,1:16.439,157.16,1
23483,974,830,9,33,4,5,5,5,10,78,+6.199,6290539,56,8,1:16.329,157.387,1
23484,974,832,5,55,6,6,6,6,8,78,+12.038,6296378,39,14,1:16.649,156.73,1
23485,974,1,131,44,13,7,7,7,6,78,+15.801,6300141,54,5,1:15.825,158.433,1
23486,974,154,210,8,8,8,8,8,4,78,+18.150,6302490,45,18,1:17.095,155.823,1
23487,974,13,3,19,14,9,9,9,2,78,+19.445,6303785,50,12,1:16.543,156.947,1
23488,974,825,210,20,11,10,10,10,1,78,+21.443,6305783,44,7,1:16.313,157.42,1
23489,974,835,4,30,16,11,11,11,0,78,+22.737,6307077,55,13,1:16.614,156.801,1
23490,974,839,10,31,15,12,12,12,0,78,+23.725,6308065,52,10,1:16.482,157.072,1
23491,974,815,10,11,7,13,13,13,0,78,+49.089,6333429,76,1,1:14.820,160.561,1
23492,974,826,5,26,9,14,14,14,0,71,\N,\N,43,11,1:16.539,156.955,130
23493,974,840,3,18,17,15,15,15,0,71,\N,\N,71,6,1:16.075,157.912,23
23494,974,838,1,2,12,\N,R,16,0,66,\N,\N,45,15,1:16.665,156.697,3
23495,974,828,15,9,19,\N,R,17,0,63,\N,\N,39,16,1:16.829,156.362,3
23496,974,18,1,22,20,\N,R,18,0,57,\N,\N,47,17,1:16.912,156.194,130
23497,974,836,15,94,18,\N,R,19,0,57,\N,\N,25,20,1:18.034,153.948,4
23498,974,807,4,27,10,\N,R,20,0,15,\N,\N,13,19,1:17.885,154.242,6
23499,975,1,131,44,1,1,1,1,25,70,1:33:05.154,5585154,64,1,1:14.551,210.588,1
23500,975,822,131,77,3,2,2,2,18,70,+19.783,5604937,65,5,1:15.894,206.862,1
23501,975,817,9,3,6,3,3,3,15,70,+35.297,5620451,67,8,1:16.165,206.126,1
23502,975,20,6,5,2,4,4,4,12,70,+35.907,5621061,70,2,1:14.719,210.115,1
23503,975,815,10,11,8,5,5,5,10,70,+40.476,5625630,62,11,1:16.367,205.58,1
23504,975,839,10,31,9,6,6,6,8,70,+40.716,5625870,68,9,1:16.247,205.904,1
23505,975,8,6,7,4,7,7,7,6,70,+58.632,5643786,59,3,1:15.388,208.25,1
23506,975,807,4,27,10,8,8,8,4,70,+60.374,5645528,64,7,1:16.136,206.204,1
23507,975,840,3,18,17,9,9,9,2,69,\N,\N,64,6,1:15.979,206.63,11
23508,975,154,210,8,14,10,10,10,1,69,\N,\N,58,15,1:16.949,204.026,11
23509,975,835,4,30,15,11,11,11,0,69,\N,\N,64,12,1:16.704,204.677,11
23510,975,825,210,20,18,12,12,12,0,69,\N,\N,65,10,1:16.341,205.65,11
23511,975,828,15,9,19,13,13,13,0,69,\N,\N,50,16,1:16.995,203.904,11
23512,975,838,1,2,16,14,14,14,0,69,\N,\N,69,14,1:16.774,204.491,11
23513,975,836,15,94,20,15,15,15,0,68,\N,\N,66,17,1:17.091,203.65,12
23514,975,4,1,14,12,16,16,16,0,66,\N,\N,63,4,1:15.853,206.974,131
23515,975,826,5,26,11,\N,R,17,0,54,\N,\N,33,13,1:16.713,204.653,131
23516,975,830,9,33,5,\N,R,18,0,10,\N,\N,9,18,1:17.187,203.396,10
23517,975,13,3,19,7,\N,R,19,0,0,\N,\N,\N,0,\N,\N,4
23518,975,832,5,55,13,\N,R,20,0,0,\N,\N,\N,0,\N,\N,4
23519,976,817,9,3,10,1,1,1,25,51,2:03:55.573,7435573,46,4,1:44.882,206.048,1
23520,976,822,131,77,2,2,2,2,18,51,+3.904,7439477,51,3,1:43.925,207.946,1
23521,976,840,3,18,8,3,3,3,15,51,+4.009,7439582,44,5,1:45.108,205.605,1
23522,976,20,6,5,4,4,4,4,12,51,+5.976,7441549,47,1,1:43.441,208.919,1
23523,976,1,131,44,1,5,5,5,10,51,+6.188,7441761,46,2,1:43.469,208.862,1
23524,976,839,10,31,7,6,6,6,8,51,+30.298,7465871,39,9,1:45.634,204.581,1
23525,976,825,210,20,12,7,7,7,6,51,+41.753,7477326,45,11,1:46.312,203.277,1
23526,976,832,5,55,15,8,8,8,4,51,+49.400,7484973,46,10,1:45.866,204.133,1
23527,976,4,1,14,19,9,9,9,2,51,+59.551,7495124,49,6,1:45.168,205.488,1
23528,976,836,15,94,14,10,10,10,1,51,+89.093,7524666,46,15,1:47.120,201.743,1
23529,976,828,15,9,17,11,11,11,0,51,+91.794,7527367,45,16,1:47.186,201.619,1
23530,976,838,1,2,18,12,12,12,0,51,+92.160,7527733,45,13,1:46.648,202.636,1
23531,976,154,210,8,16,13,13,13,0,50,\N,\N,45,14,1:46.831,202.289,11
23532,976,8,6,7,3,14,14,14,0,46,\N,\N,44,7,1:45.542,204.76,34
23533,976,815,10,11,6,\N,R,15,0,39,\N,\N,37,8,1:45.588,204.67,136
23534,976,13,3,19,9,\N,R,16,0,25,\N,\N,10,17,1:47.340,201.33,22
23535,976,807,4,27,13,\N,R,17,0,24,\N,\N,9,19,1:48.536,199.111,3
23536,976,830,9,33,5,\N,R,18,0,12,\N,\N,10,12,1:46.398,203.112,51
23537,976,826,5,26,11,\N,R,19,0,9,\N,\N,9,18,1:48.394,199.372,84
23538,976,835,4,30,20,\N,R,20,0,7,\N,\N,5,20,1:51.673,193.518,131
23539,841,24,164,23,0,\N,F,23,0,0,\N,\N,\N,0,\N,\N,81
23540,841,39,164,22,0,\N,F,24,0,0,\N,\N,\N,0,\N,\N,81
23541,846,815,15,17,0,\N,W,24,0,0,\N,\N,\N,0,\N,\N,82
23542,977,822,131,77,1,1,1,1,25,71,1:21:48.523,4908523,51,5,1:07.847,229.115,1
23543,977,20,6,5,2,2,2,2,18,71,+0.658,4909181,69,4,1:07.496,230.306,1
23544,977,817,9,3,4,3,3,3,15,71,+6.012,4914535,69,2,1:07.442,230.491,1
23545,977,1,131,44,8,4,4,4,12,71,+7.430,4915953,69,1,1:07.411,230.597,1
23546,977,8,6,7,3,5,5,5,10,71,+20.370,4928893,68,3,1:07.486,230.341,1
23547,977,154,210,8,6,6,6,6,8,71,+73.160,4981683,65,10,1:08.590,226.633,1
23548,977,815,10,11,7,7,7,7,6,70,\N,\N,58,9,1:08.470,227.03,11
23549,977,839,10,31,9,8,8,8,4,70,\N,\N,68,12,1:08.659,226.405,11
23550,977,13,3,19,17,9,9,9,2,70,\N,\N,49,7,1:08.419,227.2,11
23551,977,840,3,18,18,10,10,10,1,70,\N,\N,67,13,1:08.777,226.017,11
23552,977,835,4,30,16,11,11,11,0,70,\N,\N,64,11,1:08.652,226.428,11
23553,977,838,1,2,13,12,12,12,0,70,\N,\N,67,8,1:08.422,227.19,11
23554,977,807,4,27,11,13,13,13,0,70,\N,\N,64,14,1:09.043,225.146,11
23555,977,836,15,94,20,14,14,14,0,70,\N,\N,60,16,1:09.241,224.502,11
23556,977,828,15,9,19,15,15,15,0,69,\N,\N,56,17,1:09.284,224.363,12
23557,977,826,5,26,14,16,16,16,0,68,\N,\N,57,6,1:08.061,228.395,13
23558,977,832,5,55,10,\N,R,17,0,44,\N,\N,42,15,1:09.150,224.798,5
23559,977,825,210,20,15,\N,R,18,0,29,\N,\N,23,18,1:10.402,220.8,9
23560,977,4,1,14,12,\N,R,19,0,1,\N,\N,\N,0,\N,\N,130
23561,977,830,9,33,5,\N,R,20,0,0,\N,\N,\N,0,\N,\N,130
23562,978,1,131,44,1,1,1,1,25,51,1:21:27.430,4887430,48,1,1:30.621,234.025,1
23563,978,822,131,77,9,2,2,2,18,51,+14.063,4901493,46,3,1:30.905,233.294,1
23564,978,8,6,7,2,3,3,3,15,51,+36.570,4924000,44,4,1:31.517,231.733,1
23565,978,830,9,33,4,4,4,4,12,51,+52.125,4939555,51,2,1:30.678,233.878,1
23566,978,817,9,3,19,5,5,5,10,51,+65.955,4953385,47,6,1:31.874,230.833,1
23567,978,807,4,27,5,6,6,6,8,51,+68.109,4955539,43,8,1:32.577,229.08,1
23568,978,20,6,5,3,7,7,7,6,51,+93.989,4981419,38,5,1:31.872,230.838,1
23569,978,839,10,31,7,8,8,8,4,50,\N,\N,39,15,1:33.521,226.768,11
23570,978,815,10,11,6,9,9,9,2,50,\N,\N,42,14,1:33.504,226.809,11
23571,978,13,3,19,14,10,10,10,1,50,\N,\N,39,16,1:33.562,226.668,11
23572,978,838,1,2,8,11,11,11,0,50,\N,\N,43,13,1:33.464,226.906,11
23573,978,825,210,20,16,12,12,12,0,50,\N,\N,41,9,1:32.683,228.818,11
23574,978,154,210,8,10,13,13,13,0,50,\N,\N,45,7,1:32.290,229.793,11
23575,978,828,15,9,18,14,14,14,0,50,\N,\N,30,10,1:33.119,227.747,11
23576,978,826,5,26,12,15,15,15,0,50,\N,\N,29,17,1:33.594,226.591,11
23577,978,840,3,18,15,16,16,16,0,50,\N,\N,44,12,1:33.400,227.062,11
23578,978,836,15,94,17,17,17,17,0,50,\N,\N,34,11,1:33.342,227.203,11
23579,978,4,1,14,20,\N,R,18,0,32,\N,\N,22,18,1:34.263,224.983,131
23580,978,832,5,55,13,\N,R,19,0,0,\N,\N,\N,0,\N,\N,130
23581,978,835,4,30,11,\N,R,20,0,0,\N,\N,\N,0,\N,\N,9
23582,979,20,6,5,1,1,1,1,25,70,1:39:46.713,5986713,69,4,1:20.807,195.176,1
23583,979,8,6,7,2,2,2,2,18,70,+0.908,5987621,70,2,1:20.461,196.015,1
23584,979,822,131,77,3,3,3,3,15,70,+12.462,5999175,68,6,1:21.214,194.198,1
23585,979,1,131,44,4,4,4,4,12,70,+12.885,5999598,66,5,1:20.818,195.149,1
23586,979,830,9,33,5,5,5,5,10,70,+13.276,5999989,44,3,1:20.490,195.944,1
23587,979,4,1,14,7,6,6,6,8,70,+71.223,6057936,69,1,1:20.182,196.697,1
23588,979,832,5,55,9,7,7,7,6,69,\N,\N,67,11,1:21.871,192.639,11
23589,979,815,10,11,13,8,8,8,4,69,\N,\N,68,14,1:22.105,192.09,11
23590,979,839,10,31,11,9,9,9,2,69,\N,\N,60,15,1:22.431,191.33,11
23591,979,838,1,2,8,10,10,10,1,69,\N,\N,44,12,1:21.960,192.43,11
23592,979,826,5,26,16,11,11,11,0,69,\N,\N,42,9,1:21.631,193.206,11
23593,979,835,4,30,10,12,12,12,0,69,\N,\N,68,7,1:21.589,193.305,11
23594,979,825,210,20,15,13,13,13,0,69,\N,\N,67,13,1:22.100,192.102,11
23595,979,840,3,18,17,14,14,14,0,69,\N,\N,53,16,1:22.830,190.409,11
23596,979,836,15,94,18,15,15,15,0,68,\N,\N,50,18,1:23.573,188.716,12
23597,979,828,15,9,20,16,16,16,0,68,\N,\N,66,10,1:21.752,192.92,12
23598,979,807,4,27,12,17,17,17,0,67,\N,\N,61,8,1:21.611,193.253,23
23599,979,814,3,40,19,\N,R,18,0,60,\N,\N,49,17,1:23.242,189.466,44
23600,979,154,210,8,14,\N,R,19,0,20,\N,\N,19,19,1:24.702,186.201,61
23601,979,817,9,3,6,\N,R,20,0,0,\N,\N,\N,0,\N,\N,4
23602,980,1,131,44,1,1,1,1,25,44,1:24:42.820,5082820,35,2,1:46.603,236.526,1
23603,980,20,6,5,2,2,2,2,18,44,+2.358,5085178,41,1,1:46.577,236.583,1
23604,980,817,9,3,6,3,3,3,15,44,+10.791,5093611,44,3,1:47.549,234.445,1
23605,980,8,6,7,4,4,4,4,12,44,+14.471,5097291,36,5,1:47.730,234.051,1
23606,980,822,131,77,3,5,5,5,10,44,+16.456,5099276,37,4,1:47.721,234.071,1
23607,980,807,4,27,7,6,6,6,8,44,+28.087,5110907,39,7,1:48.922,231.49,1
23608,980,154,210,8,11,7,7,7,6,44,+31.553,5114373,37,8,1:49.087,231.14,1
23609,980,13,3,19,16,8,8,8,4,44,+36.649,5119469,37,11,1:49.637,229.98,1
23610,980,839,10,31,9,9,9,9,2,44,+38.154,5120974,37,14,1:49.721,229.804,1
23611,980,832,5,55,13,10,10,10,1,44,+39.447,5122267,39,13,1:49.709,229.829,1
23612,980,840,3,18,15,11,11,11,0,44,+48.999,5131819,41,16,1:50.543,228.095,1
23613,980,826,5,26,19,12,12,12,0,44,+49.940,5132760,39,12,1:49.708,229.831,1
23614,980,835,4,30,14,13,13,13,0,44,+53.239,5136059,44,10,1:49.283,230.725,1
23615,980,838,1,2,20,14,14,14,0,44,+57.078,5139898,44,15,1:49.907,229.415,1
23616,980,825,210,20,12,15,15,15,0,44,+67.262,5150082,36,9,1:49.126,231.057,1
23617,980,828,15,9,17,16,16,16,0,44,+69.711,5152531,25,17,1:50.775,227.618,1
23618,980,815,10,11,8,17,17,17,0,42,\N,\N,27,6,1:48.300,232.819,6
23619,980,4,1,14,10,\N,R,18,0,25,\N,\N,12,19,1:51.720,225.692,5
23620,980,830,9,33,5,\N,R,19,0,7,\N,\N,5,18,1:51.022,227.111,5
23621,980,836,15,94,18,\N,R,20,0,2,\N,\N,\N,0,\N,\N,4
23622,981,1,131,44,1,1,1,1,25,53,1:15:32.312,4532312,50,2,1:23.488,249.793,1
23623,981,822,131,77,4,2,2,2,18,53,+4.471,4536783,53,3,1:23.488,249.095,1
23624,981,20,6,5,6,3,3,3,15,53,+36.317,4568629,51,4,1:23.897,248.576,1
23625,981,817,9,3,16,4,4,4,12,53,+40.335,4572647,49,1,1:23.361,250.174,1
23626,981,8,6,7,5,5,5,5,10,53,+60.082,4592394,43,8,1:25.054,245.194,1
23627,981,839,10,31,3,6,6,6,8,53,+71.528,4603840,53,11,1:25.054,243.482,1
23628,981,840,3,18,2,7,7,7,6,53,+74.156,4606468,51,10,1:25.625,243.559,1
23629,981,13,3,19,7,8,8,8,4,53,+74.834,4607146,30,9,1:25.477,243.981,1
23630,981,815,10,11,10,9,9,9,2,53,+75.276,4607588,48,6,1:24.968,245.442,1
23631,981,830,9,33,13,10,10,10,1,52,\N,\N,48,5,1:24.351,247.238,11
23632,981,825,210,20,9,11,11,11,0,52,\N,\N,48,15,1:26.037,242.393,11
23633,981,826,5,26,8,12,12,12,0,52,\N,\N,43,14,1:25.894,242.796,11
23634,981,807,4,27,14,13,13,13,0,52,\N,\N,46,16,1:26.131,242.128,11
23635,981,832,5,55,15,14,14,14,0,52,\N,\N,46,17,1:26.210,241.906,11
23636,981,154,210,8,20,15,15,15,0,52,\N,\N,48,7,1:25.020,245.292,11
23637,981,836,15,94,12,16,16,16,0,51,\N,\N,47,18,1:26.547,240.965,12
23638,981,4,1,14,19,17,17,17,0,50,\N,\N,44,13,1:25.871,242.861,6
23639,981,828,15,9,11,18,18,18,0,49,\N,\N,20,20,1:27.663,237.897,6
23640,981,838,1,2,18,\N,R,19,0,33,\N,\N,30,19,1:26.912,239.953,5
23641,981,835,4,30,17,\N,R,20,0,29,\N,\N,27,12,1:25.752,243.198,5
23642,982,1,131,44,5,1,1,1,25,58,2:03:23.544,7403544,55,1,1:45.008,173.643,1
23643,982,817,9,3,3,2,2,2,18,58,+4.507,7408051,57,2,1:45.301,173.16,1
23644,982,822,131,77,6,3,3,3,15,58,+8.800,7412344,54,3,1:45.405,172.989,1
23645,982,832,5,55,10,4,4,4,12,58,+22.822,7426366,52,4,1:46.537,171.151,1
23646,982,815,10,11,12,5,5,5,10,58,+25.359,7428903,52,7,1:46.731,170.84,1
23647,982,835,4,30,11,6,6,6,8,58,+27.259,7430803,52,5,1:46.722,170.855,1
23648,982,838,1,2,9,7,7,7,6,58,+30.388,7433932,57,6,1:46.722,170.855,1
23649,982,840,3,18,18,8,8,8,4,58,+41.696,7445240,55,9,1:47.512,169.599,1
23650,982,154,210,8,15,9,9,9,2,58,+43.282,7446826,54,11,1:47.637,169.402,1
23651,982,839,10,31,14,10,10,10,1,58,+44.795,7448339,52,12,1:47.677,169.339,1
23652,982,13,3,19,17,11,11,11,0,58,+46.536,7450080,58,8,1:47.055,170.323,1
23653,982,836,15,94,19,12,12,12,0,56,\N,\N,56,14,1:49.061,167.19,12
23654,982,825,210,20,16,\N,R,13,0,50,\N,\N,44,10,1:47.585,169.484,5
23655,982,807,4,27,7,\N,R,14,0,48,\N,\N,37,13,1:48.011,168.816,5
23656,982,828,15,9,20,\N,R,15,0,35,\N,\N,35,15,1:52.496,162.085,3
23657,982,826,5,26,13,\N,R,16,0,10,\N,\N,10,16,2:10.512,139.711,3
23658,982,4,1,14,8,\N,R,17,0,8,\N,\N,6,17,2:13.579,136.503,130
23659,982,20,6,5,1,\N,R,18,0,0,\N,\N,\N,0,\N,\N,3
23660,982,830,9,33,2,\N,R,19,0,0,\N,\N,\N,0,\N,\N,3
23661,982,8,6,7,4,\N,R,20,0,0,\N,\N,\N,0,\N,\N,3
23662,983,830,9,33,3,1,1,1,25,56,1:30:01.290,5401290,50,4,1:34.467,211.235,1
23663,983,1,131,44,1,2,2,2,18,56,+12.770,5414060,48,3,1:34.452,211.269,1
23664,983,817,9,3,4,3,3,3,15,56,+22.519,5423809,55,5,1:34.770,210.56,1
23665,983,20,6,5,20,4,4,4,12,56,+37.362,5438652,41,1,1:34.080,212.104,1
23666,983,822,131,77,5,5,5,5,10,56,+56.021,5457311,44,6,1:35.284,209.424,1
23667,983,815,10,11,9,6,6,6,8,56,+78.630,5479920,32,7,1:35.591,208.751,1
23668,983,838,1,2,7,7,7,7,6,55,\N,\N,49,9,1:35.931,208.012,11
23669,983,840,3,18,13,8,8,8,4,55,\N,\N,46,12,1:36.627,206.513,11
23670,983,13,3,19,11,9,9,9,2,55,\N,\N,44,14,1:36.944,205.838,11
23671,983,839,10,31,6,10,10,10,1,55,\N,\N,36,15,1:37.075,205.56,11
23672,983,4,1,14,10,11,11,11,0,55,\N,\N,11,11,1:36.501,206.783,11
23673,983,825,210,20,17,12,12,12,0,55,\N,\N,46,18,1:37.192,205.313,11
23674,983,154,210,8,16,13,13,13,0,55,\N,\N,49,8,1:35.796,208.305,11
23675,983,842,5,10,15,14,14,14,0,55,\N,\N,45,16,1:37.170,205.359,11
23676,983,835,4,30,12,15,15,15,0,55,\N,\N,45,17,1:37.186,205.325,11
23677,983,807,4,27,8,16,16,16,0,55,\N,\N,52,2,1:34.266,211.686,11
23678,983,836,15,94,18,17,17,17,0,55,\N,\N,53,10,1:36.395,207.01,11
23679,983,828,15,9,19,18,18,18,0,54,\N,\N,54,13,1:36.630,206.507,12
23680,983,832,5,55,14,\N,R,19,0,29,\N,\N,27,19,1:38.123,203.365,5
23681,983,8,6,7,0,\N,R,20,0,0,\N,\N,\N,0,\N,\N,84
23682,984,1,131,44,1,1,1,1,25,53,1:27:31.194,5251194,43,6,1:33.780,222.917,1
23683,984,830,9,33,4,2,2,2,18,53,+1.211,5252405,51,5,1:33.730,223.036,1
23684,984,817,9,3,3,3,3,3,15,53,+9.679,5260873,52,3,1:33.694,223.122,1
23685,984,822,131,77,6,4,4,4,12,53,+10.580,5261774,50,1,1:33.144,224.439,1
23686,984,8,6,7,10,5,5,5,10,53,+32.622,5283816,50,2,1:33.175,224.364,1
23687,984,839,10,31,5,6,6,6,8,53,+67.788,5318982,50,11,1:34.843,220.419,1
23688,984,815,10,11,7,7,7,7,6,53,+71.424,5322618,23,10,1:34.744,220.649,1
23689,984,825,210,20,12,8,8,8,4,53,+88.953,5340147,50,13,1:35.338,219.274,1
23690,984,154,210,8,13,9,9,9,2,53,+89.883,5341077,50,14,1:35.347,219.253,1
23691,984,13,3,19,8,10,10,10,1,52,\N,\N,50,16,1:35.943,217.891,11
23692,984,4,1,14,20,11,11,11,0,52,\N,\N,45,12,1:35.111,219.797,11
23693,984,835,4,30,18,12,12,12,0,52,\N,\N,50,7,1:34.095,222.171,11
23694,984,842,5,10,14,13,13,13,0,52,\N,\N,45,8,1:34.533,221.141,11
23695,984,838,1,2,9,14,14,14,0,52,\N,\N,49,4,1:33.724,223.05,11
23696,984,836,15,94,17,15,15,15,0,51,\N,\N,27,17,1:36.430,216.791,12
23697,984,840,3,18,15,\N,R,16,0,45,\N,\N,37,9,1:34.548,221.106,36
23698,984,807,4,27,11,\N,R,17,0,40,\N,\N,28,15,1:35.883,218.028,33
23699,984,828,15,9,16,\N,R,18,0,7,\N,\N,7,18,1:38.596,212.028,3
23700,984,20,6,5,2,\N,R,19,0,4,\N,\N,2,19,2:06.457,165.314,105
23701,984,832,5,55,19,\N,R,20,0,0,\N,\N,\N,0,\N,\N,3
23702,985,1,131,44,1,1,1,1,25,56,1:33:50.991,5630991,48,5,1:38.776,200.927,1
23703,985,20,6,5,2,2,2,2,18,56,+10.143,5641134,51,1,1:37.766,203.003,1
23704,985,8,6,7,5,3,3,3,15,56,+15.779,5646770,42,6,1:38.809,200.86,1
23705,985,830,9,33,16,4,4,4,12,56,+16.768,5647759,39,4,1:38.060,202.394,1
23706,985,822,131,77,3,5,5,5,10,56,+34.967,5665958,54,2,1:37.767,203.001,1
23707,985,839,10,31,6,6,6,6,8,56,+90.980,5721971,53,13,1:40.499,197.482,1
23708,985,832,4,55,7,7,7,7,6,56,+92.944,5723935,43,12,1:40.462,197.555,1
23709,985,815,10,11,9,8,8,8,4,55,\N,\N,14,14,1:40.851,196.793,11
23710,985,13,3,19,10,9,9,9,2,55,\N,\N,36,10,1:40.131,198.208,11
23711,985,826,5,26,11,10,10,10,1,55,\N,\N,19,15,1:40.971,196.559,11
23712,985,840,3,18,15,11,11,11,0,55,\N,\N,38,7,1:39.666,199.133,11
23713,985,838,1,2,20,12,12,12,0,55,\N,\N,27,11,1:40.349,197.777,11
23714,985,843,5,39,19,13,13,13,0,55,\N,\N,47,8,1:39.979,198.509,11
23715,985,154,210,8,12,14,14,14,0,55,\N,\N,36,17,1:41.259,196,11
23716,985,828,15,9,13,15,15,15,0,55,\N,\N,42,16,1:41.041,196.423,11
23717,985,825,210,20,17,16,16,16,0,55,\N,\N,51,3,1:37.893,202.739,11
23718,985,4,1,14,8,\N,R,17,0,24,\N,\N,21,18,1:41.537,195.463,5
23719,985,817,9,3,4,\N,R,18,0,14,\N,\N,14,9,1:40.102,198.265,5
23720,985,836,15,94,14,\N,R,19,0,5,\N,\N,2,20,1:47.073,185.357,4
23721,985,807,4,27,18,\N,R,20,0,3,\N,\N,2,19,1:44.270,190.34,5
23722,986,830,9,33,2,1,1,1,25,71,1:36:26.552,5786552,65,2,1:18.892,196.4,1
23723,986,822,131,77,4,2,2,2,18,71,+19.678,5806230,70,3,1:19.374,195.207,1
23724,986,8,6,7,5,3,3,3,15,71,+54.007,5840559,59,6,1:20.054,193.549,1
23725,986,20,6,5,1,4,4,4,12,71,+70.078,5856630,68,1,1:18.785,196.666,1
23726,986,839,10,31,6,5,5,5,10,70,\N,\N,67,9,1:20.946,191.416,11
23727,986,840,3,18,11,6,6,6,8,70,\N,\N,53,12,1:21.062,191.142,11
23728,986,815,10,11,9,7,7,7,6,70,\N,\N,54,4,1:19.929,193.852,11
23729,986,825,210,20,14,8,8,8,4,70,\N,\N,68,14,1:21.214,190.784,11
23730,986,1,131,44,3,9,9,9,2,70,\N,\N,69,5,1:19.945,193.813,11
23731,986,4,1,14,18,10,10,10,1,70,\N,\N,50,11,1:21.014,191.255,11
23732,986,13,3,19,10,11,11,11,0,70,\N,\N,55,13,1:21.136,190.968,11
23733,986,838,1,2,19,12,12,12,0,70,\N,\N,66,10,1:20.972,191.355,11
23734,986,842,5,10,20,13,13,13,0,70,\N,\N,70,8,1:20.859,191.622,11
23735,986,836,15,94,13,14,14,14,0,69,\N,\N,56,16,1:21.638,189.793,12
23736,986,154,210,8,15,15,15,15,0,69,\N,\N,64,7,1:20.345,192.848,12
23737,986,832,4,55,8,\N,R,16,0,59,\N,\N,34,15,1:21.360,190.442,5
23738,986,828,15,9,12,\N,R,17,0,55,\N,\N,54,17,1:21.686,189.682,5
23739,986,843,5,28,17,\N,R,18,0,30,\N,\N,28,19,1:22.572,187.647,5
23740,986,807,4,27,7,\N,R,19,0,24,\N,\N,18,18,1:21.691,189.67,10
23741,986,817,9,3,16,\N,R,20,0,5,\N,\N,4,20,1:22.789,187.155,5
23742,987,20,6,5,2,1,1,1,25,71,1:31:26.262,5486262,63,7,1:12.539,213.849,1
23743,987,822,131,77,1,2,2,2,18,71,+2.762,5489024,58,5,1:12.466,214.064,1
23744,987,8,6,7,3,3,3,3,15,71,+4.600,5490862,61,6,1:12.492,213.987,1
23745,987,1,131,44,20,4,4,4,12,71,+5.468,5491730,63,2,1:11.845,215.914,1
23746,987,830,9,33,4,5,5,5,10,71,+32.940,5519202,64,1,1:11.044,218.349,1
23747,987,817,9,3,14,6,6,6,8,71,+48.691,5534953,71,4,1:12.029,215.363,1
23748,987,13,3,19,9,7,7,7,6,71,+68.882,5555144,60,11,1:13.452,211.19,1
23749,987,4,1,14,6,8,8,8,4,71,+69.363,5555625,57,10,1:13.451,211.193,1
23750,987,815,10,11,5,9,9,9,2,71,+69.500,5555762,61,8,1:13.052,212.347,1
23751,987,807,4,27,7,10,10,10,1,70,\N,\N,57,15,1:13.758,210.314,11
23752,987,832,4,55,8,11,11,11,0,70,\N,\N,67,13,1:13.625,210.694,11
23753,987,842,5,10,19,12,12,12,0,70,\N,\N,61,9,1:13.323,211.562,11
23754,987,828,15,9,17,13,13,13,0,70,\N,\N,70,14,1:13.666,210.577,11
23755,987,836,15,94,15,14,14,14,0,70,\N,\N,60,17,1:14.812,207.351,11
23756,987,154,210,8,11,15,15,15,0,69,\N,\N,66,12,1:13.532,210.961,12
23757,987,840,3,18,16,16,16,16,0,69,\N,\N,69,3,1:11.862,215.863,12
23758,987,843,5,28,18,\N,R,17,0,40,\N,\N,29,16,1:14.658,207.779,5
23759,987,839,10,31,10,\N,R,18,0,0,\N,\N,\N,0,\N,\N,3
23760,987,838,1,2,12,\N,R,19,0,0,\N,\N,\N,0,\N,\N,3
23761,987,825,210,20,13,\N,R,20,0,0,\N,\N,\N,0,\N,\N,3
23762,988,822,131,77,1,1,1,1,25,55,1:34:14.062,5654062,52,1,1:40.650,198.652,1
23763,988,1,131,44,2,2,2,2,18,55,+3.899,5657961,51,3,1:41.473,197.041,1
23764,988,20,6,5,3,3,3,3,15,55,+19.330,5673392,5,2,1:40.770,198.416,1
23765,988,8,6,7,5,4,4,4,12,55,+45.386,5699448,53,7,1:42.338,195.376,1
23766,988,830,9,33,6,5,5,5,10,55,+46.269,5700331,43,5,1:42.028,195.969,1
23767,988,807,4,27,7,6,6,6,8,55,+85.713,5739775,53,8,1:42.376,195.303,1
23768,988,815,10,11,8,7,7,7,6,55,+92.062,5746124,52,11,1:42.689,194.708,1
23769,988,839,10,31,9,8,8,8,4,55,+98.911,5752973,47,10,1:42.609,194.86,1
23770,988,4,1,14,11,9,9,9,2,54,\N,\N,26,4,1:43.378,193.41,11
23771,988,13,3,19,10,10,10,10,1,54,\N,\N,45,13,1:43.026,194.071,11
23772,988,154,210,8,16,11,11,11,0,54,\N,\N,51,9,1:42.437,195.187,11
23773,988,838,1,2,13,12,12,12,0,54,\N,\N,50,20,1:43.986,192.279,11
23774,988,825,210,20,14,13,13,13,0,54,\N,\N,50,19,1:43.928,192.387,11
23775,988,836,15,94,18,14,14,14,0,54,\N,\N,50,17,1:43.867,192.5,11
23776,988,843,5,28,20,15,15,15,0,54,\N,\N,52,18,1:43.897,192.444,11
23777,988,842,5,10,17,16,16,16,0,54,\N,\N,33,16,1:43.844,192.542,11
23778,988,828,15,9,19,17,17,17,0,54,\N,\N,36,15,1:43.567,193.057,11
23779,988,840,3,18,15,18,18,18,0,54,\N,\N,52,6,1:42.324,195.402,11
23780,988,832,4,55,12,\N,R,19,0,31,\N,\N,26,14,1:43.378,193.41,36
23781,988,817,9,3,4,\N,R,20,0,20,\N,\N,13,12,1:42.757,194.579,9
23782,989,20,6,5,3,1,1,1,25,58,1:29:33.283,5373283,53,4,1:26.469,220.782,1
23783,989,1,131,44,1,2,2,2,18,58,+5.036,5378319,50,3,1:26.444,220.845,1
23784,989,8,6,7,2,3,3,3,15,58,+6.309,5379592,57,2,1:26.373,221.027,1
23785,989,817,9,3,8,4,4,4,12,58,+7.069,5380352,54,1,1:25.945,222.128,1
23786,989,4,1,14,10,5,5,5,10,58,+27.886,5401169,57,7,1:26.978,219.489,1
23787,989,830,9,33,4,6,6,6,8,58,+28.945,5402228,54,5,1:26.880,219.737,1
23788,989,807,4,27,7,7,7,7,6,58,+32.671,5405954,57,9,1:27.081,219.23,1
23789,989,822,131,77,15,8,8,8,4,58,+34.339,5407622,54,8,1:27.019,219.386,1
23790,989,838,1,2,11,9,9,9,2,58,+34.921,5408204,57,6,1:26.958,219.54,1
23791,989,832,4,55,9,10,10,10,1,58,+45.722,5419005,51,12,1:27.944,217.079,1
23792,989,815,10,11,12,11,11,11,0,58,+46.817,5420100,51,11,1:27.633,217.849,1
23793,989,839,10,31,14,12,12,12,0,58,+60.278,5433561,57,10,1:27.600,217.931,1
23794,989,844,15,16,18,13,13,13,0,58,+75.759,5449042,56,15,1:28.759,215.085,1
23795,989,840,3,18,13,14,14,14,0,58,+78.288,5451571,55,14,1:28.511,215.688,1
23796,989,843,5,28,16,15,15,15,0,57,\N,\N,57,13,1:28.176,216.507,11
23797,989,154,210,8,6,\N,R,16,0,24,\N,\N,23,16,1:28.805,214.974,36
23798,989,825,210,20,5,\N,R,17,0,22,\N,\N,21,17,1:29.534,213.224,36
23799,989,842,5,10,20,\N,R,18,0,13,\N,\N,13,18,1:30.649,210.601,5
23800,989,828,15,9,17,\N,R,19,0,5,\N,\N,4,19,1:32.210,207.036,38
23801,989,845,3,35,19,\N,R,20,0,4,\N,\N,3,20,1:32.573,206.224,23
23802,990,20,6,5,1,1,1,1,25,57,1:32:01.940,5521940,21,7,1:34.453,206.274,1
23803,990,822,131,77,3,2,2,2,18,57,+0.699,5522639,22,1,1:33.740,207.842,1
23804,990,1,131,44,9,3,3,3,15,57,+6.512,5528452,51,2,1:33.953,207.371,1
23805,990,842,5,10,5,4,4,4,12,57,+62.234,5584174,46,11,1:34.863,205.382,1
23806,990,825,210,20,6,5,5,5,10,57,+75.046,5596986,29,5,1:34.327,206.549,1
23807,990,807,4,27,7,6,6,6,8,57,+99.024,5620964,50,9,1:34.667,205.807,1
23808,990,4,1,14,13,7,7,7,6,56,\N,\N,47,4,1:34.168,206.898,11
23809,990,838,1,2,14,8,8,8,4,56,\N,\N,30,16,1:35.131,204.803,11
23810,990,828,15,9,17,9,9,9,2,56,\N,\N,26,15,1:35.093,204.885,11
23811,990,839,10,31,8,10,10,10,1,56,\N,\N,38,12,1:35.043,204.993,11
23812,990,832,4,55,10,11,11,11,0,56,\N,\N,35,18,1:35.535,203.937,11
23813,990,844,15,16,19,12,12,12,0,56,\N,\N,35,14,1:35.075,204.924,11
23814,990,154,210,8,16,13,13,13,0,56,\N,\N,44,10,1:34.689,205.759,11
23815,990,840,3,18,20,14,14,14,0,56,\N,\N,40,13,1:35.058,204.961,11
23816,990,845,3,35,18,15,15,15,0,56,\N,\N,47,3,1:34.053,207.151,11
23817,990,815,10,11,12,16,16,16,0,56,\N,\N,32,17,1:35.266,204.513,11
23818,990,843,5,28,11,17,17,17,0,56,\N,\N,42,8,1:34.563,206.034,11
23819,990,8,6,7,2,\N,R,18,0,35,\N,\N,22,6,1:34.337,206.527,36
23820,990,830,9,33,15,\N,R,19,0,3,\N,\N,\N,0,\N,\N,29
23821,990,817,9,3,4,\N,R,20,0,1,\N,\N,\N,0,\N,\N,10
23822,991,817,9,3,6,1,1,1,25,56,1:35:36.380,5736380,55,1,1:35.785,204.871,1
23823,991,822,131,77,3,2,2,2,18,56,+8.894,5745274,50,6,1:36.987,202.332,1
23824,991,8,6,7,2,3,3,3,15,56,+9.637,5746017,48,3,1:36.456,203.446,1
23825,991,1,131,44,4,4,4,4,12,56,+16.985,5753365,20,4,1:36.878,202.559,1
23826,991,830,9,33,5,5,5,5,10,56,+20.436,5756816,50,2,1:36.206,203.974,1
23827,991,807,4,27,7,6,6,6,8,56,+21.052,5757432,56,5,1:36.881,202.553,1
23828,991,4,1,14,13,7,7,7,6,56,+30.639,5767019,56,7,1:37.234,201.818,1
23829,991,20,6,5,1,8,8,8,4,56,+35.286,5771666,24,9,1:37.479,201.311,1
23830,991,832,4,55,9,9,9,9,2,56,+35.763,5772143,54,11,1:37.754,200.744,1
23831,991,825,210,20,11,10,10,10,1,56,+39.594,5775974,54,14,1:38.152,199.93,1
23832,991,839,10,31,12,11,11,11,0,56,+44.050,5780430,47,12,1:37.985,200.271,1
23833,991,815,10,11,8,12,12,12,0,56,+44.725,5781105,54,10,1:37.673,200.911,1
23834,991,838,1,2,14,13,13,13,0,56,+49.373,5785753,54,13,1:38.137,199.961,1
23835,991,840,3,18,18,14,14,14,0,56,+55.490,5791870,54,17,1:38.500,199.224,1
23836,991,845,3,35,16,15,15,15,0,56,+58.241,5794621,47,18,1:38.624,198.973,1
23837,991,828,15,9,20,16,16,16,0,56,+62.604,5798984,52,16,1:38.386,199.455,1
23838,991,154,210,8,10,17,17,17,0,56,+65.296,5801676,51,8,1:37.410,201.453,1
23839,991,842,5,10,17,18,18,18,0,56,+66.330,5802710,54,15,1:38.367,199.493,1
23840,991,844,15,16,19,19,19,19,0,56,+82.575,5818955,23,19,1:38.808,198.603,1
23841,991,843,5,28,15,20,20,20,0,51,\N,\N,50,20,1:39.376,197.468,130
23842,992,1,131,44,2,1,1,1,25,51,1:43:44.291,6224291,35,2,1:45.412,205.012,1
23843,992,8,6,7,6,2,2,2,18,51,+2.460,6226751,50,7,1:46.523,202.874,1
23844,992,815,10,11,8,3,3,3,15,51,+4.024,6228315,51,6,1:46.206,203.48,1
23845,992,20,6,5,1,4,4,4,12,51,+5.329,6229620,38,4,1:45.530,204.783,1
23846,992,832,4,55,9,5,5,5,10,51,+7.515,6231806,50,9,1:46.856,202.242,1
23847,992,844,15,16,13,6,6,6,8,51,+9.158,6233449,31,11,1:47.403,201.212,1
23848,992,4,1,14,12,7,7,7,6,51,+10.931,6235222,32,12,1:47.449,201.126,1
23849,992,840,3,18,10,8,8,8,4,51,+12.546,6236837,50,8,1:46.815,202.319,1
23850,992,838,1,2,16,9,9,9,2,51,+14.152,6238443,50,13,1:47.666,200.72,1
23851,992,843,5,28,19,10,10,10,1,51,+18.030,6242321,51,17,1:48.288,199.567,1
23852,992,828,15,9,18,11,11,11,0,51,+18.512,6242803,51,14,1:47.925,200.239,1
23853,992,842,5,10,17,12,12,12,0,51,+24.720,6249011,38,15,1:48.035,200.035,1
23854,992,825,210,20,15,13,13,13,0,51,+40.663,6264954,35,16,1:48.155,199.813,1
23855,992,822,131,77,3,\N,R,14,0,48,\N,\N,37,1,1:45.149,205.525,29
23856,992,154,210,8,20,\N,R,15,0,42,\N,\N,34,10,1:46.880,202.196,3
23857,992,830,9,33,5,\N,R,16,0,39,\N,\N,31,5,1:45.771,204.316,4
23858,992,817,9,3,4,\N,R,17,0,39,\N,\N,34,3,1:45.419,204.999,4
23859,992,807,4,27,14,\N,R,18,0,10,\N,\N,10,18,1:48.867,198.506,3
23860,992,839,10,31,7,\N,R,19,0,0,\N,\N,\N,0,\N,\N,4
23861,992,845,3,35,11,\N,R,20,0,0,\N,\N,\N,0,\N,\N,4
23862,993,1,131,44,1,1,1,1,25,66,1:35:29.972,5729972,64,3,1:19.133,211.77,1
23863,993,822,131,77,2,2,2,2,18,66,+20.593,5750565,56,5,1:19.478,210.85,1
23864,993,830,9,33,5,3,3,3,15,66,+26.873,5756845,62,4,1:19.422,210.999,1
23865,993,20,6,5,3,4,4,4,12,66,+27.584,5757556,61,2,1:19.128,211.783,1
23866,993,817,9,3,6,5,5,5,10,66,+50.058,5780030,61,1,1:18.441,213.638,1
23867,993,825,210,20,7,6,6,6,8,65,\N,\N,64,6,1:20.246,208.832,11
23868,993,832,4,55,9,7,7,7,6,65,\N,\N,61,9,1:21.324,206.064,11
23869,993,4,1,14,8,8,8,8,4,65,\N,\N,64,7,1:20.727,207.588,11
23870,993,815,10,11,15,9,9,9,2,64,\N,\N,43,8,1:21.128,206.562,12
23871,993,844,15,16,14,10,10,10,1,64,\N,\N,51,14,1:22.122,204.062,12
23872,993,840,3,18,18,11,11,11,0,64,\N,\N,60,12,1:22.095,204.129,12
23873,993,843,5,28,20,12,12,12,0,64,\N,\N,63,10,1:21.439,205.773,12
23874,993,828,15,9,17,13,13,13,0,64,\N,\N,50,15,1:22.487,203.159,12
23875,993,845,3,35,19,14,14,14,0,63,\N,\N,57,17,1:22.680,202.685,13
23876,993,838,1,2,11,\N,R,15,0,45,\N,\N,38,16,1:22.594,202.896,6
23877,993,839,10,31,13,\N,R,16,0,38,\N,\N,36,13,1:22.117,204.074,44
23878,993,8,6,7,4,\N,R,17,0,25,\N,\N,23,11,1:21.531,205.541,101
23879,993,154,210,8,10,\N,R,18,0,0,\N,\N,\N,0,\N,\N,4
23880,993,842,5,10,12,\N,R,19,0,0,\N,\N,\N,0,\N,\N,4
23881,993,807,4,27,16,\N,R,20,0,0,\N,\N,\N,0,\N,\N,4
23882,994,817,9,3,1,1,1,1,25,78,1:42:54.807,6174807,13,5,1:15.562,158.984,1
23883,994,20,6,5,2,2,2,2,18,78,+7.336,6182143,14,7,1:16.065,157.933,1
23884,994,1,131,44,3,3,3,3,15,78,+17.013,6191820,15,8,1:16.270,157.508,1
23885,994,8,6,7,4,4,4,4,12,78,+18.127,6192934,13,10,1:16.392,157.257,1
23886,994,822,131,77,5,5,5,5,10,78,+18.822,6193629,21,9,1:16.312,157.422,1
23887,994,839,10,31,6,6,6,6,8,78,+23.667,6198474,63,14,1:17.027,155.96,1
23888,994,842,5,10,10,7,7,7,6,78,+24.331,6199138,68,15,1:17.099,155.815,1
23889,994,807,4,27,11,8,8,8,4,78,+24.839,6199646,57,6,1:16.061,157.941,1
23890,994,830,9,33,20,9,9,9,2,78,+25.317,6200124,60,1,1:14.260,161.772,1
23891,994,832,4,55,8,10,10,10,1,78,+69.013,6243820,19,18,1:17.491,155.027,1
23892,994,828,15,9,16,11,11,11,0,78,+69.864,6244671,19,12,1:16.936,156.145,1
23893,994,815,10,11,9,12,12,12,0,78,+70.461,6245268,24,19,1:17.546,154.917,1
23894,994,825,210,20,19,13,13,13,0,78,+74.823,6249630,20,17,1:17.476,155.057,1
23895,994,838,1,2,12,14,14,14,0,77,\N,\N,76,11,1:16.864,156.291,11
23896,994,154,210,8,18,15,15,15,0,77,\N,\N,74,2,1:14.822,160.557,11
23897,994,845,3,35,13,16,16,16,0,77,\N,\N,75,4,1:15.325,159.484,11
23898,994,840,3,18,17,17,17,17,0,76,\N,\N,61,3,1:14.944,160.295,12
23899,994,844,15,16,14,\N,R,18,0,70,\N,\N,17,20,1:17.710,154.59,4
23900,994,843,5,28,15,\N,R,19,0,70,\N,\N,15,16,1:17.172,155.667,4
23901,994,4,1,14,7,\N,R,20,0,52,\N,\N,23,13,1:17.018,155.979,6
23902,995,20,6,5,1,1,1,1,25,68,1:28:31.377,5311377,57,2,1:13.964,212.26,1
23903,995,822,131,77,2,2,2,2,18,68,+7.376,5318753,51,3,1:13.992,212.179,1
23904,995,830,9,33,3,3,3,3,15,68,+8.360,5319737,65,1,1:13.864,212.547,1
23905,995,817,9,3,6,4,4,4,12,68,+20.892,5332269,59,5,1:14.159,211.701,1
23906,995,1,131,44,4,5,5,5,10,68,+21.559,5332936,66,6,1:14.183,211.633,1
23907,995,8,6,7,5,6,6,6,8,68,+27.184,5338561,59,4,1:14.075,211.941,1
23908,995,807,4,27,7,7,7,7,6,67,\N,\N,64,11,1:15.588,207.699,11
23909,995,832,4,55,9,8,8,8,4,67,\N,\N,61,13,1:15.666,207.485,11
23910,995,839,10,31,8,9,9,9,2,67,\N,\N,61,12,1:15.610,207.639,11
23911,995,844,15,16,13,10,10,10,1,67,\N,\N,65,10,1:15.480,207.996,11
23912,995,842,5,10,16,11,11,11,0,67,\N,\N,67,14,1:15.699,207.395,11
23913,995,154,210,8,20,12,12,12,0,67,\N,\N,56,9,1:15.470,208.024,11
23914,995,825,210,20,11,13,13,13,0,67,\N,\N,65,8,1:15.401,208.214,11
23915,995,815,10,11,10,14,14,14,0,67,\N,\N,64,7,1:15.100,209.049,11
23916,995,828,15,9,19,15,15,15,0,66,\N,\N,62,18,1:16.403,205.484,12
23917,995,838,1,2,15,16,16,16,0,66,\N,\N,55,15,1:15.765,207.214,12
23918,995,845,3,35,18,17,17,17,0,66,\N,\N,53,16,1:15.924,206.78,12
23919,995,4,1,14,14,\N,R,18,0,40,\N,\N,33,17,1:16.180,206.085,43
23920,995,843,5,28,12,\N,R,19,0,0,\N,\N,\N,0,\N,\N,4
23921,995,840,3,18,17,\N,R,20,0,0,\N,\N,\N,0,\N,\N,4
23922,996,1,131,44,1,1,1,1,25,53,1:30:11.385,5411385,49,5,1:34.509,222.531,1
23923,996,830,9,33,4,2,2,2,18,53,+7.090,5418475,47,2,1:34.275,223.083,1
23924,996,8,6,7,6,3,3,3,15,53,+25.888,5437273,48,3,1:34.398,222.792,1
23925,996,817,9,3,5,4,4,4,12,53,+34.736,5446121,37,7,1:35.382,220.494,1
23926,996,20,6,5,3,5,5,5,10,53,+61.935,5473320,42,4,1:34.485,222.587,1
23927,996,825,210,20,9,6,6,6,8,53,+79.364,5490749,50,8,1:35.425,220.395,1
23928,996,822,131,77,2,7,7,7,6,53,+80.632,5492017,41,1,1:34.225,223.201,1
23929,996,832,4,55,7,8,8,8,4,53,+87.184,5498569,46,9,1:35.638,219.904,1
23930,996,807,4,27,12,9,9,9,2,53,+91.989,5503374,46,11,1:35.873,219.365,1
23931,996,844,15,16,8,10,10,10,1,53,+93.873,5505258,45,12,1:35.977,219.127,1
23932,996,154,210,8,10,11,11,11,0,52,\N,\N,47,10,1:35.695,219.773,11
23933,996,838,1,2,17,12,12,12,0,52,\N,\N,48,14,1:36.675,217.545,11
23934,996,828,15,9,15,13,13,13,0,52,\N,\N,37,13,1:36.494,217.953,11
23935,996,843,5,28,20,14,14,14,0,52,\N,\N,40,15,1:36.839,217.176,11
23936,996,845,3,35,18,15,15,15,0,52,\N,\N,35,16,1:38.300,213.949,11
23937,996,4,1,14,16,16,16,16,0,50,\N,\N,48,6,1:35.133,221.071,36
23938,996,840,3,18,19,17,17,17,0,48,\N,\N,35,18,1:38.319,213.907,29
23939,996,815,10,11,13,\N,R,18,0,27,\N,\N,25,17,1:38.319,213.907,5
23940,996,839,10,31,11,\N,R,19,0,0,\N,\N,\N,0,\N,\N,4
23941,996,842,5,10,14,\N,R,20,0,0,\N,\N,\N,0,\N,\N,4
23942,997,830,9,33,4,1,1,1,25,71,1:21:56.024,4916024,70,4,1:07.442,230.491,1
23943,997,8,6,7,3,2,2,2,18,71,+1.504,4917528,71,1,1:06.957,232.16,1
23944,997,20,6,5,6,3,3,3,15,71,+3.181,4919205,67,2,1:07.082,231.728,1
23945,997,154,210,8,5,4,4,4,12,70,\N,\N,17,16,1:09.071,225.055,11
23946,997,825,210,20,8,5,5,5,10,70,\N,\N,70,7,1:08.476,227.01,11
23947,997,839,10,31,11,6,6,6,8,70,\N,\N,64,11,1:08.850,225.777,11
23948,997,815,10,11,16,7,7,7,6,70,\N,\N,66,8,1:08.504,226.918,11
23949,997,4,1,14,13,8,8,8,4,70,\N,\N,69,9,1:08.661,226.399,11
23950,997,844,15,16,18,9,9,9,2,70,\N,\N,68,14,1:09.006,225.267,11
23951,997,828,15,9,20,10,10,10,1,70,\N,\N,67,6,1:08.216,227.876,11
23952,997,842,5,10,12,11,11,11,0,70,\N,\N,38,19,1:09.295,224.327,11
23953,997,832,4,55,9,12,12,12,0,70,\N,\N,37,10,1:08.766,226.053,11
23954,997,845,3,35,17,13,13,13,0,69,\N,\N,64,13,1:08.971,225.381,12
23955,997,840,3,18,14,14,14,14,0,69,\N,\N,68,18,1:09.203,224.626,12
23956,997,838,1,2,15,15,15,15,0,65,\N,\N,63,12,1:08.894,225.633,130
23957,997,1,131,44,2,\N,R,16,0,62,\N,\N,58,3,1:07.241,231.18,32
23958,997,843,5,28,19,\N,R,17,0,54,\N,\N,42,17,1:09.171,224.73,9
23959,997,817,9,3,7,\N,R,18,0,53,\N,\N,46,5,1:07.591,229.983,43
23960,997,822,131,77,1,\N,R,19,0,13,\N,\N,12,15,1:09.044,225.143,9
23961,997,807,4,27,10,\N,R,20,0,11,\N,\N,7,20,1:10.380,220.869,5
23962,998,20,6,5,2,1,1,1,25,52,1:27:29.784,5249784,47,1,1:30.696,233.831,1
23963,998,1,131,44,1,2,2,2,18,52,+2.264,5252048,52,3,1:31.245,232.424,1
23964,998,8,6,7,3,3,3,3,15,52,+3.652,5253436,51,2,1:30.795,233.576,1
23965,998,822,131,77,4,4,4,4,12,52,+8.883,5258667,43,4,1:31.377,232.089,1
23966,998,817,9,3,6,5,5,5,10,52,+9.500,5259284,46,5,1:31.589,231.551,1
23967,998,807,4,27,11,6,6,6,8,52,+28.220,5278004,48,7,1:33.405,227.049,1
23968,998,839,10,31,10,7,7,7,6,52,+29.930,5279714,48,13,1:33.606,226.562,1
23969,998,4,1,14,13,8,8,8,4,52,+31.115,5280899,52,10,1:33.482,226.862,1
23970,998,825,210,20,7,9,9,9,2,52,+33.188,5282972,48,12,1:33.604,226.567,1
23971,998,815,10,11,12,10,10,10,1,52,+34.708,5284492,48,9,1:33.472,226.887,1
23972,998,838,1,2,17,11,11,11,0,52,+35.774,5285558,48,11,1:33.551,226.695,1
23973,998,840,3,18,19,12,12,12,0,52,+38.106,5287890,48,15,1:33.869,225.927,1
23974,998,842,5,10,14,13,13,13,0,52,+39.129,5288913,48,8,1:33.465,226.904,1
23975,998,845,3,35,18,14,14,14,0,52,+48.113,5297897,52,18,1:34.620,224.134,1
23982,998,843,5,28,0,\N,R,20,0,1,\N,\N,\N,0,\N,\N,131
23977,998,830,9,33,5,\N,R,15,0,46,\N,\N,42,6,1:32.007,230.499,23
23978,998,154,210,8,8,\N,R,16,0,37,\N,\N,28,16,1:34.391,224.678,4
23979,998,832,4,55,16,\N,R,17,0,37,\N,\N,25,17,1:34.602,224.177,4
23980,998,828,15,9,15,\N,R,18,0,31,\N,\N,26,14,1:33.675,226.395,3
23981,998,844,15,16,9,\N,R,19,0,18,\N,\N,3,19,1:35.209,222.747,27
23983,999,1,131,44,14,1,1,1,25,67,1:32:29.845,5549845,66,1,1:15.545,217.968,1
23984,999,822,131,77,2,2,2,2,18,67,+4.535,5554380,65,2,1:15.721,217.461,1
23985,999,8,6,7,3,3,3,3,15,67,+6.732,5556577,64,4,1:15.990,216.691,1
23986,999,830,9,33,4,4,4,4,12,67,+7.654,5557499,66,3,1:15.852,217.085,1
23987,999,807,4,27,7,5,5,5,10,67,+26.609,5576454,66,16,1:17.910,211.351,1
23988,999,154,210,8,6,6,6,6,8,67,+28.871,5578716,66,5,1:16.716,214.641,1
23989,999,815,10,11,10,7,7,7,6,67,+30.556,5580401,66,15,1:17.867,211.468,1
23990,999,839,10,31,15,8,8,8,4,67,+31.750,5581595,64,17,1:17.941,211.267,1
23991,999,828,15,9,13,9,9,9,2,67,+32.362,5582207,65,12,1:17.745,211.8,1
23992,999,843,5,28,17,10,10,10,1,67,+34.197,5584042,66,9,1:17.681,211.974,1
23993,999,825,210,20,5,11,11,11,0,67,+34.919,5584764,66,10,1:17.697,211.93,1
23994,999,832,4,55,8,12,12,12,0,67,+43.069,5592914,63,7,1:17.430,212.661,1
23995,999,838,1,2,19,13,13,13,0,67,+46.617,5596462,67,8,1:17.537,212.368,1
23996,999,842,5,10,16,14,14,14,0,66,\N,\N,66,13,1:17.762,211.753,11
23997,999,844,15,16,9,15,15,15,0,66,\N,\N,64,14,1:17.852,211.509,11
23998,999,4,1,14,11,16,16,16,0,65,\N,\N,60,11,1:17.741,211.811,31
23999,999,840,3,18,18,\N,R,17,0,53,\N,\N,35,19,1:18.861,208.802,5
24000,999,20,6,5,1,\N,R,18,0,51,\N,\N,39,6,1:17.290,213.046,3
24001,999,845,3,35,12,\N,R,19,0,51,\N,\N,36,20,1:18.934,208.609,5
24002,999,817,9,3,20,\N,R,20,0,27,\N,\N,22,18,1:18.262,210.4,5
24003,1000,1,131,44,1,1,1,1,25,70,1:37:16.427,5836427,63,4,1:21.107,194.454,1
24004,1000,20,6,5,4,2,2,2,18,70,+17.123,5853550,70,2,1:20.056,197.007,1
24005,1000,8,6,7,3,3,3,3,15,70,+20.101,5856528,55,3,1:20.292,196.428,1
24006,1000,817,9,3,12,4,4,4,12,70,+46.419,5882846,46,1,1:20.012,197.115,1
24007,1000,822,131,77,2,5,5,5,10,70,+60.000,5896427,39,8,1:21.736,192.957,1
24008,1000,842,5,10,6,6,6,6,8,70,+73.273,5909700,64,7,1:21.685,193.078,1
24009,1000,825,210,20,9,7,7,7,6,69,\N,\N,60,6,1:21.302,193.987,11
24010,1000,4,1,14,11,8,8,8,4,69,\N,\N,68,9,1:22.090,192.125,11
24011,1000,832,4,55,5,9,9,9,2,69,\N,\N,58,13,1:22.774,190.538,11
24012,1000,154,210,8,10,10,10,10,1,69,\N,\N,58,10,1:22.606,190.925,11
24013,1000,843,5,28,8,11,11,11,0,69,\N,\N,62,11,1:22.612,190.911,11
24014,1000,807,4,27,13,12,12,12,0,69,\N,\N,69,5,1:21.261,194.085,11
24015,1000,839,10,31,18,13,13,13,0,69,\N,\N,63,14,1:22.876,190.303,11
24016,1000,815,10,11,19,14,14,14,0,69,\N,\N,56,16,1:23.263,189.419,11
24017,1000,828,15,9,14,15,15,15,0,68,\N,\N,53,17,1:23.671,188.495,12
24018,1000,845,3,35,20,16,16,16,0,68,\N,\N,53,18,1:23.708,188.412,12
24019,1000,840,3,18,15,17,17,17,0,68,\N,\N,51,12,1:22.660,190.8,12
24020,1000,838,1,2,16,\N,R,18,0,49,\N,\N,46,15,1:23.077,189.843,6
24021,1000,830,9,33,7,\N,R,19,0,5,\N,\N,5,19,1:23.985,187.79,75
24022,1000,844,15,16,17,\N,R,20,0,0,\N,\N,\N,0,\N,\N,22
24023,1001,20,6,5,2,1,1,1,25,44,1:23:34.476,5014476,25,2,1:46.644,236.435,1
24024,1001,1,131,44,1,2,2,2,18,44,+11.061,5025537,23,3,1:46.721,236.264,1
24025,1001,830,9,33,7,3,3,3,15,44,+31.372,5045848,36,4,1:46.946,235.767,1
24026,1001,822,131,77,19,4,4,4,12,44,+68.605,5083081,32,1,1:46.286,237.231,1
24027,1001,815,10,11,4,5,5,5,10,44,+71.023,5085499,38,7,1:48.080,233.293,1
24028,1001,839,10,31,3,6,6,6,8,44,+79.520,5093996,35,6,1:48.078,233.298,1
24029,1001,154,210,8,5,7,7,7,6,44,+85.953,5100429,35,8,1:48.283,232.856,1
24030,1001,825,210,20,9,8,8,8,4,44,+87.639,5102115,36,5,1:47.937,233.602,1
24031,1001,842,5,10,10,9,9,9,2,44,+105.892,5120368,36,9,1:48.588,232.202,1
24032,1001,828,15,9,13,10,10,10,1,43,\N,\N,35,11,1:48.694,231.976,11
24033,1001,832,4,55,14,11,11,11,0,43,\N,\N,32,10,1:48.670,232.027,11
24034,1001,845,3,35,16,12,12,12,0,43,\N,\N,42,14,1:49.113,231.085,11
24035,1001,840,3,18,17,13,13,13,0,43,\N,\N,39,16,1:49.287,230.717,11
24036,1001,843,5,28,11,14,14,14,0,43,\N,\N,33,12,1:48.756,231.843,11
24037,1001,838,1,2,18,15,15,15,0,43,\N,\N,38,13,1:48.956,231.418,11
24038,1001,817,9,3,8,\N,R,16,0,28,\N,\N,27,15,1:49.242,230.812,31
24039,1001,8,6,7,6,\N,R,17,0,8,\N,\N,6,17,1:54.320,220.559,23
24040,1001,844,15,16,12,\N,R,18,0,0,\N,\N,\N,0,\N,\N,3
24041,1001,4,1,14,15,\N,R,19,0,0,\N,\N,\N,0,\N,\N,3
24042,1001,807,4,27,20,\N,R,20,0,0,\N,\N,\N,0,\N,\N,3
24043,1002,1,131,44,3,1,1,1,25,53,1:16:54.484,4614484,30,1,1:22.497,252.794,1
24044,1002,8,6,7,1,2,2,2,18,53,+8.705,4623189,28,4,1:23.515,249.713,1
24045,1002,822,131,77,4,3,3,3,15,53,+14.066,4628550,39,3,1:22.907,251.544,1
24046,1002,20,6,5,2,4,4,4,12,53,+16.151,4630635,51,2,1:22.505,252.77,1
24047,1002,830,9,33,5,5,5,5,10,53,+18.208,4632692,41,6,1:23.609,249.432,1
24048,1002,839,10,31,8,6,6,6,8,53,+57.761,4672245,48,12,1:24.243,247.555,1
24049,1002,815,10,11,14,7,7,7,6,53,+58.678,4673162,44,11,1:24.179,247.743,1
24050,1002,832,4,55,7,8,8,8,4,53,+78.140,4692624,43,5,1:23.529,249.671,1
24051,1002,840,3,18,10,9,9,9,2,52,\N,\N,52,9,1:24.056,248.106,11
24052,1002,845,3,35,12,10,10,10,1,52,\N,\N,39,14,1:24.580,246.568,11
24053,1002,844,15,16,15,11,11,11,0,52,\N,\N,52,8,1:23.768,248.959,11
24054,1002,838,1,2,17,12,12,12,0,52,\N,\N,52,13,1:24.504,246.79,11
24055,1002,807,4,27,20,13,13,13,0,52,\N,\N,47,16,1:24.772,246.01,11
24056,1002,842,5,10,9,14,14,14,0,52,\N,\N,47,10,1:24.059,248.097,11
24057,1002,828,15,9,18,15,15,15,0,52,\N,\N,46,15,1:24.767,246.024,11
24058,1002,825,210,20,11,16,16,16,0,52,\N,\N,44,7,1:23.768,248.959,11
24059,1002,817,9,3,19,\N,R,17,0,23,\N,\N,46,18,1:25.692,243.369,5
24060,1002,4,1,14,13,\N,R,18,0,9,\N,\N,18,17,1:25.229,244.691,5
24061,1002,843,5,28,16,\N,R,19,0,0,\N,\N,6,19,1:27.009,239.685,23
24062,1002,154,210,8,6,\N,D,20,0,53,+56.320,4670804,\N,0,\N,\N,2
24063,1003,1,131,44,1,1,1,1,25,61,1:51:11.611,6671611,56,2,1:42.913,177.108,1
24064,1003,830,9,33,2,2,2,2,18,61,+8.961,6680572,54,5,1:43.345,176.368,1
24065,1003,20,6,5,3,3,3,3,15,61,+39.945,6711556,48,6,1:44.669,174.137,1
24066,1003,822,131,77,4,4,4,4,12,61,+51.930,6723541,42,8,1:44.720,174.052,1
24067,1003,8,6,7,5,5,5,5,10,61,+53.001,6724612,46,7,1:44.715,174.061,1
24068,1003,817,9,3,6,6,6,6,8,61,+53.982,6725593,59,3,1:43.120,176.753,1
24069,1003,4,1,14,11,7,7,7,6,61,+103.011,6774622,57,4,1:43.164,176.677,1
24070,1003,832,4,55,12,8,8,8,4,60,\N,\N,50,12,1:45.211,173.24,11
24071,1003,844,15,16,13,9,9,9,2,60,\N,\N,57,11,1:45.203,173.253,11
24072,1003,807,4,27,10,10,10,10,1,60,\N,\N,53,19,1:46.093,171.8,11
24073,1003,828,15,9,14,11,11,11,0,60,\N,\N,50,10,1:45.169,173.309,11
24074,1003,838,1,2,18,12,12,12,0,60,\N,\N,50,14,1:45.555,172.675,11
24075,1003,842,5,10,15,13,13,13,0,60,\N,\N,56,18,1:46.063,171.848,11
24076,1003,840,3,18,20,14,14,14,0,60,\N,\N,53,17,1:46.033,171.897,11
24077,1003,154,210,8,8,15,15,15,0,60,\N,\N,57,16,1:45.904,172.106,11
24078,1003,815,10,11,7,16,16,16,0,60,\N,\N,48,13,1:45.389,172.947,11
24079,1003,843,5,28,17,17,17,17,0,60,\N,\N,38,9,1:44.889,173.772,11
24080,1003,825,210,20,16,18,18,18,0,59,\N,\N,50,1,1:41.905,178.86,12
24081,1003,845,3,35,19,19,19,19,0,59,\N,\N,48,15,1:45.902,172.11,12
24082,1003,839,10,31,9,\N,R,20,0,0,\N,\N,\N,0,\N,\N,4
24083,1004,1,131,44,2,1,1,1,25,53,1:27:25.181,5245181,50,2,1:35.916,219.492,1
24084,1004,822,131,77,1,2,2,2,18,53,+2.545,5247726,50,1,1:35.861,219.617,1
24085,1004,20,6,5,3,3,3,3,15,53,+7.487,5252668,50,3,1:35.990,219.322,1
24086,1004,8,6,7,4,4,4,4,12,53,+16.543,5261724,47,6,1:36.611,217.913,1
24087,1004,830,9,33,19,5,5,5,10,53,+31.016,5276197,45,4,1:36.283,218.655,1
24088,1004,817,9,3,18,6,6,6,8,53,+80.451,5325632,41,5,1:36.345,218.514,1
24089,1004,844,15,16,7,7,7,7,6,53,+98.390,5343571,52,9,1:38.107,214.59,1
24090,1004,825,210,20,5,8,8,8,4,52,\N,\N,52,8,1:38.015,214.791,11
24091,1004,839,10,31,6,9,9,9,2,52,\N,\N,52,12,1:38.366,214.025,11
24092,1004,815,10,11,8,10,10,10,1,52,\N,\N,47,11,1:38.300,214.168,11
24093,1004,154,210,8,9,11,11,11,0,52,\N,\N,46,10,1:38.244,214.29,11
24094,1004,807,4,27,12,12,12,12,0,52,\N,\N,52,13,1:39.108,212.422,11
24095,1004,828,15,9,10,13,13,13,0,52,\N,\N,39,7,1:37.931,214.975,11
24096,1004,4,1,14,16,14,14,14,0,52,\N,\N,44,15,1:39.590,211.394,11
24097,1004,840,3,18,14,15,15,15,0,52,\N,\N,44,14,1:39.435,211.724,11
24098,1004,838,1,2,15,16,16,16,0,51,\N,\N,41,18,1:39.922,210.692,12
24099,1004,832,4,55,11,17,17,17,0,51,\N,\N,35,16,1:39.731,211.095,12
24100,1004,845,3,35,13,18,18,18,0,51,\N,\N,43,17,1:39.838,210.869,12
24101,1004,842,5,10,17,\N,R,19,0,4,\N,\N,3,19,1:44.071,202.292,23
24102,1004,843,5,28,20,\N,R,20,0,4,\N,\N,2,20,1:45.852,198.889,23
24103,1005,1,131,44,1,1,1,1,25,53,1:27:17.062,5237062,51,2,1:32.785,225.307,1
24104,1005,822,131,77,2,2,2,2,18,53,+12.919,5249981,46,3,1:33.110,224.521,1
24105,1005,830,9,33,3,3,3,3,15,53,+14.295,5251357,50,6,1:33.367,223.903,1
24106,1005,817,9,3,15,4,4,4,12,53,+19.495,5256557,50,4,1:33.187,224.336,1
24107,1005,8,6,7,4,5,5,5,10,53,+50.998,5288060,28,12,1:34.223,221.869,1
24108,1005,20,6,5,8,6,6,6,8,53,+69.873,5306935,53,1,1:32.318,226.447,1
24109,1005,815,10,11,9,7,7,7,6,53,+79.379,5316441,43,9,1:34.073,222.223,1
24110,1005,154,210,8,5,8,8,8,4,53,+87.198,5324260,47,15,1:34.786,220.551,1
24111,1005,839,10,31,11,9,9,9,2,53,+88.055,5325117,50,14,1:34.670,220.821,1
24112,1005,832,4,55,13,10,10,10,1,52,\N,\N,50,11,1:34.197,221.93,11
24113,1005,842,5,10,7,11,11,11,0,52,\N,\N,35,10,1:34.133,222.081,11
24114,1005,828,15,9,20,12,12,12,0,52,\N,\N,8,19,1:36.294,217.097,11
24115,1005,843,5,28,6,13,13,13,0,52,\N,\N,30,16,1:34.857,220.386,11
24116,1005,4,1,14,18,14,14,14,0,52,\N,\N,28,7,1:33.943,222.53,11
24117,1005,838,1,2,19,15,15,15,0,52,\N,\N,25,18,1:35.023,220.001,11
24118,1005,845,3,35,17,16,16,16,0,52,\N,\N,41,8,1:33.985,222.431,11
24119,1005,840,3,18,14,17,17,17,0,52,\N,\N,41,5,1:33.354,223.934,11
24120,1005,844,15,16,10,\N,R,18,0,38,\N,\N,37,13,1:34.515,221.183,26
24121,1005,807,4,27,16,\N,R,19,0,37,\N,\N,32,17,1:34.934,220.207,5
24122,1005,825,210,20,12,\N,R,20,0,8,\N,\N,6,20,1:39.908,209.244,130
24123,1006,8,6,7,2,1,1,1,25,56,1:34:18.643,5658643,45,5,1:38.482,201.527,1
24124,1006,830,9,33,18,2,2,2,18,56,+1.281,5659924,45,2,1:38.246,202.011,1
24125,1006,1,131,44,1,3,3,3,15,56,+2.342,5660985,40,1,1:37.392,203.782,1
24126,1006,20,6,5,5,4,4,4,12,56,+18.222,5676865,41,3,1:38.280,201.941,1
24127,1006,822,131,77,3,5,5,5,10,56,+24.744,5683387,46,4,1:38.470,201.551,1
24128,1006,807,4,27,7,6,6,6,8,56,+87.210,5745853,51,8,1:39.548,199.369,1
24129,1006,832,4,55,11,7,7,7,6,56,+94.994,5753637,45,11,1:39.858,198.75,1
24130,1006,815,10,11,10,8,8,8,4,56,+101.080,5759723,45,13,1:39.992,198.483,1
24131,1006,843,5,28,20,9,9,9,2,55,\N,\N,32,6,1:38.963,200.547,11
24132,1006,828,15,9,16,10,10,10,1,55,\N,\N,36,9,1:39.569,199.327,11
24133,1006,838,1,2,17,11,11,11,0,55,\N,\N,52,12,1:39.915,198.636,11
24134,1006,842,5,10,19,12,12,12,0,55,\N,\N,33,14,1:40.098,198.273,11
24135,1006,845,3,35,14,13,13,13,0,55,\N,\N,42,7,1:39.240,199.987,11
24136,1006,840,3,18,15,14,14,14,0,54,\N,\N,38,10,1:39.646,199.173,12
24137,1006,844,15,16,9,\N,R,15,0,31,\N,\N,12,16,1:40.522,197.437,130
24138,1006,817,9,3,4,\N,R,16,0,8,\N,\N,49,15,1:40.433,197.612,84
24139,1006,154,210,8,8,\N,R,17,0,2,\N,\N,12,18,1:41.982,194.61,130
24140,1006,4,1,14,13,\N,R,18,0,1,\N,\N,5,17,1:40.933,196.633,4
24141,1006,839,10,31,6,\N,D,19,0,56,+99.288,5757931,\N,0,\N,\N,2
24142,1006,825,210,20,12,\N,D,20,0,56,+100.657,5759300,\N,0,\N,\N,2
24143,1007,830,9,33,2,1,1,1,25,71,1:38:28.851,5908851,66,2,1:19.186,195.67,1
24144,1007,20,6,5,4,2,2,2,18,71,+17.316,5926167,49,4,1:19.522,194.844,1
24145,1007,8,6,7,6,3,3,3,15,71,+49.914,5958765,19,5,1:20.334,192.874,1
24146,1007,1,131,44,3,4,4,4,12,71,+78.738,5987589,49,8,1:20.728,191.933,1
24147,1007,822,131,77,5,5,5,5,10,70,\N,\N,65,1,1:18.741,196.776,11
24148,1007,807,4,27,7,6,6,6,8,69,\N,\N,67,7,1:20.637,192.15,12
24149,1007,844,15,16,9,7,7,7,6,69,\N,\N,67,6,1:20.537,192.388,12
24150,1007,838,1,2,15,8,8,8,4,69,\N,\N,14,11,1:21.921,189.138,12
24151,1007,828,15,9,10,9,9,9,2,69,\N,\N,18,14,1:22.440,187.947,12
24152,1007,842,5,10,20,10,10,10,1,69,\N,\N,69,17,1:22.755,187.232,12
24153,1007,839,10,31,11,11,11,11,0,69,\N,\N,6,15,1:22.629,187.517,12
24154,1007,840,3,18,17,12,12,12,0,69,\N,\N,27,18,1:22.983,186.717,12
24155,1007,845,3,35,19,13,13,13,0,69,\N,\N,66,16,1:22.640,187.492,12
24156,1007,843,5,28,14,14,14,14,0,69,\N,\N,26,13,1:22.438,187.952,12
24157,1007,825,210,20,16,15,15,15,0,69,\N,\N,45,10,1:21.874,189.246,12
24158,1007,154,210,8,18,16,16,16,0,68,\N,\N,46,9,1:21.370,190.419,13
24159,1007,817,9,3,1,\N,R,17,0,61,\N,\N,57,3,1:19.462,194.991,5
24160,1007,815,10,11,13,\N,R,18,0,38,\N,\N,6,19,1:23.545,185.461,23
24161,1007,832,4,55,8,\N,R,19,0,28,\N,\N,6,12,1:22.386,188.07,22
24162,1007,4,1,14,12,\N,R,20,0,3,\N,\N,3,20,1:24.197,184.025,5
24163,1008,1,131,44,1,1,1,1,25,71,1:27:09.066,5229066,70,7,1:11.795,216.065,1
24164,1008,830,9,33,5,2,2,2,18,71,+1.469,5230535,61,4,1:11.578,216.72,1
24165,1008,8,6,7,4,3,3,3,15,71,+4.764,5233830,64,6,1:11.769,216.143,1
24166,1008,817,9,3,11,4,4,4,12,71,+5.193,5234259,62,3,1:11.343,217.434,1
24167,1008,822,131,77,3,5,5,5,10,71,+22.943,5252009,65,1,1:10.540,219.909,1
24168,1008,20,6,5,2,6,6,6,8,71,+26.997,5256063,71,2,1:10.831,219.005,1
24169,1008,844,15,16,7,7,7,7,6,71,+44.199,5273265,70,8,1:12.082,215.204,1
24170,1008,154,210,8,8,8,8,8,4,71,+51.230,5280296,71,12,1:12.362,214.372,1
24171,1008,825,210,20,10,9,9,9,2,71,+52.857,5281923,67,10,1:12.206,214.835,1
24172,1008,815,10,11,12,10,10,10,1,70,\N,\N,58,13,1:12.472,214.046,11
24173,1008,843,5,28,16,11,11,11,0,70,\N,\N,53,15,1:12.949,212.647,11
24174,1008,832,4,55,15,12,12,12,0,70,\N,\N,50,9,1:12.169,214.945,11
24175,1008,842,5,10,9,13,13,13,0,70,\N,\N,55,17,1:13.822,210.132,11
24176,1008,838,1,2,20,14,14,14,0,70,\N,\N,68,16,1:12.968,212.591,11
24177,1008,839,10,31,18,15,15,15,0,70,\N,\N,70,11,1:12.352,214.401,11
24178,1008,845,3,35,14,16,16,16,0,69,\N,\N,52,19,1:14.262,208.887,12
24179,1008,4,1,14,17,17,17,17,0,69,\N,\N,57,14,1:12.643,213.542,12
24180,1008,840,3,18,19,18,18,18,0,69,\N,\N,68,5,1:11.751,216.197,12
24181,1008,807,4,27,13,\N,R,19,0,32,\N,\N,30,18,1:14.029,209.544,25
24182,1008,828,15,9,6,\N,R,20,0,20,\N,\N,3,20,1:15.281,206.059,4
24183,1009,1,131,44,1,1,1,1,25,55,1:39:40.382,5980382,53,5,1:41.357,197.267,1
24184,1009,20,6,5,3,2,2,2,18,55,+2.581,5982963,54,1,1:40.867,198.225,1
24185,1009,830,9,33,6,3,3,3,15,55,+12.706,5993088,51,6,1:41.909,196.198,1
24186,1009,817,9,3,5,4,4,4,12,55,+15.379,5995761,35,3,1:41.249,197.477,1
24187,1009,822,131,77,2,5,5,5,10,55,+47.957,6028339,42,2,1:40.953,198.056,1
24188,1009,832,4,55,11,6,6,6,8,55,+72.548,6052930,54,4,1:41.351,197.278,1
24189,1009,844,15,16,8,7,7,7,6,55,+90.789,6071171,54,10,1:42.876,194.354,1
24190,1009,815,10,11,14,8,8,8,4,55,+91.275,6071657,53,8,1:42.816,194.467,1
24191,1009,154,210,8,7,9,9,9,2,54,\N,\N,54,11,1:43.195,193.753,11
24192,1009,825,210,20,13,10,10,10,1,54,\N,\N,53,9,1:42.822,194.456,11
24193,1009,4,1,14,15,11,11,11,0,54,\N,\N,53,7,1:42.393,195.271,11
24194,1009,843,5,28,16,12,12,12,0,54,\N,\N,53,17,1:44.174,191.932,11
24195,1009,840,3,18,20,13,13,13,0,54,\N,\N,53,16,1:44.033,192.192,11
24196,1009,838,1,2,18,14,14,14,0,54,\N,\N,53,12,1:43.249,193.652,11
24197,1009,845,3,35,19,15,15,15,0,54,\N,\N,54,14,1:43.831,192.566,11
24198,1009,842,5,10,17,\N,R,16,0,46,\N,\N,42,15,1:43.988,192.276,5
24199,1009,839,10,31,9,\N,R,17,0,44,\N,\N,41,13,1:43.591,193.012,5
24200,1009,828,15,9,12,\N,R,18,0,24,\N,\N,22,19,1:46.077,188.489,75
24201,1009,8,6,7,4,\N,R,19,0,6,\N,\N,5,18,1:45.198,190.064,75
24202,1009,807,4,27,10,\N,R,20,0,0,\N,\N,\N,0,\N,\N,4
24203,1010,822,131,77,2,1,1,1,26,58,1:25:27.325,5127325,57,1,1:25.580,223.075,1
24204,1010,1,131,44,1,2,2,2,18,58,+20.886,5148211,57,2,1:26.057,221.839,1
24205,1010,830,9,33,4,3,3,3,15,58,+22.520,5149845,57,3,1:26.256,221.327,1
24206,1010,20,6,5,3,4,4,4,12,58,+57.109,5184434,16,8,1:27.954,217.054,1
24207,1010,844,6,16,5,5,5,5,10,58,+58.230,5185555,58,4,1:26.926,219.621,1
24208,1010,825,210,20,7,6,6,6,8,58,+87.156,5214481,56,9,1:28.182,216.493,1
24209,1010,807,4,27,11,7,7,7,6,57,\N,\N,52,12,1:28.444,215.851,11
24210,1010,8,51,7,9,8,8,8,4,57,\N,\N,52,11,1:28.270,216.277,11
24211,1010,840,211,18,16,9,9,9,2,57,\N,\N,29,7,1:27.568,218.011,11
24212,1010,826,5,26,15,10,10,10,1,57,\N,\N,39,6,1:27.448,218.31,11
24213,1010,842,9,10,17,11,11,11,0,57,\N,\N,39,5,1:27.229,218.858,11
24214,1010,846,1,4,8,12,12,12,0,57,\N,\N,17,16,1:28.555,215.581,11
24215,1010,815,211,11,10,13,13,13,0,57,\N,\N,41,15,1:28.485,215.751,11
24216,1010,848,5,23,13,14,14,14,0,57,\N,\N,43,10,1:28.188,216.478,11
24217,1010,841,51,99,14,15,15,15,0,57,\N,\N,29,14,1:28.479,215.766,11
24218,1010,847,3,63,19,16,16,16,0,56,\N,\N,55,17,1:28.713,215.197,12
24219,1010,9,3,88,20,17,17,17,0,55,\N,\N,30,18,1:29.284,213.821,13
24220,1010,154,210,8,6,\N,R,18,0,29,\N,\N,17,13,1:28.462,215.807,36
24221,1010,817,4,3,12,\N,R,19,0,28,\N,\N,18,19,1:29.848,212.478,137
24222,1010,832,1,55,18,\N,R,20,0,9,\N,\N,9,20,1:30.899,210.022,5
24223,1011,1,131,44,3,1,1,1,25,57,1:34:21.295,5661295,36,2,1:33.528,208.314,1
24224,1011,822,131,77,4,2,2,2,18,57,+2.980,5664275,42,3,1:34.209,206.808,1
24225,1011,844,6,16,1,3,3,3,16,57,+6.131,5667426,38,1,1:33.411,208.575,1
24226,1011,830,9,33,5,4,4,4,12,57,+6.408,5667703,47,9,1:35.311,204.417,1
24227,1011,20,6,5,2,5,5,5,10,57,+36.068,5697363,43,4,1:34.895,205.313,1
24228,1011,846,1,4,9,6,6,6,8,57,+45.754,5707049,14,12,1:35.777,203.422,1
24229,1011,8,51,7,8,7,7,7,6,57,+47.470,5708765,45,11,1:35.589,203.822,1
24230,1011,842,9,10,13,8,8,8,4,57,+58.094,5719389,42,8,1:35.291,204.46,1
24231,1011,848,5,23,12,9,9,9,2,57,+62.697,5723992,39,16,1:36.752,201.372,1
24232,1011,815,211,11,14,10,10,10,1,57,+63.696,5724991,51,14,1:36.330,202.254,1
24233,1011,841,51,99,16,11,11,11,0,57,+64.599,5725894,42,7,1:35.237,204.575,1
24234,1011,826,5,26,15,12,12,12,0,56,\N,\N,40,5,1:34.934,205.228,11
24235,1011,825,210,20,6,13,13,13,0,56,\N,\N,41,13,1:35.892,203.178,11
24236,1011,840,211,18,18,14,14,14,0,56,\N,\N,31,17,1:37.037,200.781,11
24237,1011,847,3,63,19,15,15,15,0,56,\N,\N,14,19,1:37.313,200.211,11
24238,1011,9,3,88,20,16,16,16,0,55,\N,\N,13,20,1:37.903,199.005,12
24239,1011,807,4,27,17,\N,R,17,0,53,\N,\N,14,6,1:35.215,204.623,5
24240,1011,817,4,3,10,\N,R,18,0,53,\N,\N,42,15,1:36.697,201.487,60
24241,1011,832,1,55,7,\N,R,19,0,53,\N,\N,42,10,1:35.586,203.829,130
24242,1011,154,210,8,11,\N,R,20,0,16,\N,\N,3,18,1:37.262,200.316,31
24243,1012,1,131,44,2,1,1,1,25,56,1:32:06.350,5526350,47,5,1:35.892,204.642,1
24244,1012,822,131,77,1,2,2,2,18,56,+6.552,5532902,38,4,1:34.872,206.842,1
24245,1012,20,6,5,3,3,3,3,15,56,+13.744,5540094,37,2,1:34.836,206.921,1
24246,1012,830,9,33,5,4,4,4,12,56,+27.627,5553977,45,6,1:36.143,204.108,1
24247,1012,844,6,16,4,5,5,5,10,56,+31.276,5557626,45,3,1:34.860,206.869,1
24248,1012,842,9,10,6,6,6,6,9,56,+89.307,5615657,55,1,1:34.742,207.126,1
24249,1012,817,4,3,7,7,7,7,6,55,\N,\N,38,16,1:38.632,198.957,11
24250,1012,815,211,11,12,8,8,8,4,55,\N,\N,37,17,1:38.702,198.816,11
24251,1012,8,51,7,13,9,9,9,2,55,\N,\N,27,12,1:37.812,200.625,11
24252,1012,848,5,23,0,10,10,10,1,55,\N,\N,22,18,1:38.901,198.416,11
24253,1012,154,210,8,10,11,11,11,0,55,\N,\N,37,8,1:36.873,202.57,11
24254,1012,840,211,18,16,12,12,12,0,55,\N,\N,46,7,1:36.678,202.978,11
24255,1012,825,210,20,9,13,13,13,0,55,\N,\N,35,10,1:37.471,201.327,11
24256,1012,832,1,55,14,14,14,14,0,55,\N,\N,44,11,1:37.502,201.263,11
24257,1012,841,51,99,19,15,15,15,0,55,\N,\N,32,14,1:38.048,200.142,11
24258,1012,847,3,63,17,16,16,16,0,54,\N,\N,51,9,1:37.283,201.716,12
24259,1012,9,3,88,18,17,17,17,0,54,\N,\N,28,20,1:39.772,196.684,12
24260,1012,846,1,4,15,18,18,18,0,50,\N,\N,37,15,1:38.346,199.536,4
24261,1012,826,5,26,11,\N,R,19,0,41,\N,\N,27,13,1:37.975,200.291,4
24262,1012,807,4,27,8,\N,R,20,0,16,\N,\N,14,19,1:39.677,196.871,131
24263,1013,822,131,77,1,1,1,1,25,51,1:31:52.942,5512942,50,2,1:44.024,207.748,1
24264,1013,1,131,44,2,2,2,2,18,51,+1.524,5514466,48,3,1:44.166,207.465,1
24265,1013,20,6,5,3,3,3,3,15,51,+11.739,5524681,46,4,1:44.629,206.546,1
24266,1013,830,9,33,4,4,4,4,12,51,+17.493,5530435,39,5,1:44.794,206.221,1
24267,1013,844,6,16,8,5,5,5,11,51,+69.107,5582049,50,1,1:43.009,209.795,1
24268,1013,815,211,11,5,6,6,6,8,51,+76.416,5589358,49,7,1:45.524,204.795,1
24269,1013,832,1,55,9,7,7,7,6,51,+83.826,5596768,43,10,1:45.807,204.247,1
24270,1013,846,1,4,7,8,8,8,4,51,+100.268,5613210,43,6,1:45.394,205.047,1
24271,1013,840,211,18,13,9,9,9,2,51,+103.816,5616758,38,12,1:46.009,203.858,1
24272,1013,8,51,7,0,10,10,10,1,50,\N,\N,48,13,1:46.479,202.958,11
24273,1013,848,5,23,11,11,11,11,0,50,\N,\N,49,9,1:45.754,204.349,11
24274,1013,841,51,99,17,12,12,12,0,50,\N,\N,45,11,1:45.969,203.935,11
24275,1013,825,210,20,12,13,13,13,0,50,\N,\N,42,14,1:46.682,202.572,11
24276,1013,807,4,27,15,14,14,14,0,50,\N,\N,43,17,1:47.407,201.204,11
24277,1013,847,3,63,16,15,15,15,0,49,\N,\N,42,16,1:47.251,201.497,12
24278,1013,9,3,88,0,16,16,16,0,49,\N,\N,45,19,1:47.709,200.64,12
24279,1013,842,9,10,0,\N,R,17,0,38,\N,\N,34,8,1:45.712,204.43,7
24280,1013,154,210,8,14,\N,R,18,0,38,\N,\N,33,20,1:48.517,199.146,23
24281,1013,826,5,26,6,\N,R,19,0,33,\N,\N,28,18,1:47.681,200.692,4
24282,1013,817,4,3,10,\N,R,20,0,31,\N,\N,29,15,1:46.767,202.41,4
24283,1014,1,131,44,2,1,1,1,26,66,1:35:50.443,5750443,54,1,1:18.492,213.499,1
24284,1014,822,131,77,1,2,2,2,18,66,+4.074,5754517,55,2,1:18.737,212.835,1
24285,1014,830,9,33,4,3,3,3,15,66,+7.679,5758122,57,3,1:19.769,210.081,1
24286,1014,20,6,5,3,4,4,4,12,66,+9.167,5759610,64,4,1:19.820,209.947,1
24287,1014,844,6,16,5,5,5,5,10,66,+13.361,5763804,57,5,1:20.002,209.469,1
24288,1014,842,9,10,6,6,6,6,8,66,+19.576,5770019,57,6,1:20.536,208.08,1
24289,1014,825,210,20,8,7,7,7,6,66,+28.159,5778602,66,9,1:20.770,207.478,1
24290,1014,832,1,55,12,8,8,8,4,66,+32.342,5782785,59,10,1:20.859,207.249,1
24291,1014,826,5,26,9,9,9,9,2,66,+33.056,5783499,64,8,1:20.726,207.591,1
24292,1014,154,210,8,7,10,10,10,1,66,+34.641,5785084,64,12,1:21.057,206.743,1
24293,1014,848,5,23,11,11,11,11,0,66,+35.445,5785888,65,11,1:21.028,206.817,1
24294,1014,817,4,3,13,12,12,12,0,66,+36.758,5787201,56,7,1:20.615,207.876,1
24295,1014,807,4,27,0,13,13,13,0,66,+39.241,5789684,65,13,1:21.282,206.171,1
24296,1014,8,51,7,14,14,14,14,0,66,+41.803,5792246,66,14,1:21.382,205.917,1
24297,1014,815,211,11,15,15,15,15,0,66,+46.877,5797320,65,16,1:21.859,204.717,1
24298,1014,841,51,99,18,16,16,16,0,66,+47.691,5798134,64,15,1:21.833,204.782,1
24299,1014,847,3,63,19,17,17,17,0,65,\N,\N,64,17,1:22.382,203.418,11
24300,1014,9,3,88,17,18,18,18,0,65,\N,\N,65,19,1:23.202,201.413,11
24301,1014,840,211,18,16,\N,R,19,0,44,\N,\N,28,20,1:23.226,201.355,4
24302,1014,846,1,4,10,\N,R,20,0,44,\N,\N,28,18,1:22.561,202.977,4
24303,745,418,172,21,15,11,11,11,0,92,\N,\N,\N,\N,\N,\N,18
24304,717,373,172,2,1,\N,R,12,0,54,\N,\N,\N,\N,\N,\N,98
24305,633,333,199,17,18,\N,R,17,0,26,\N,\N,\N,\N,\N,\N,7
24306,1015,1,131,44,1,1,1,1,25,78,1:43:28.437,6208437,9,6,1:16.167,157.721,1
24307,1015,20,6,5,4,2,2,2,18,78,+2.602,6211039,9,9,1:16.277,157.494,1
24308,1015,822,131,77,2,3,3,3,15,78,+3.162,6211599,65,2,1:15.163,159.828,1
24309,1015,830,9,33,3,4,4,4,12,78,+5.537,6213974,9,7,1:16.229,157.593,1
24310,1015,842,9,10,8,5,5,5,11,78,+9.946,6218383,72,1,1:14.279,161.73,1
24311,1015,832,1,55,9,6,6,6,8,78,+53.454,6261891,32,5,1:15.891,158.295,1
24312,1015,826,5,26,7,7,7,7,6,78,+54.574,6263011,31,10,1:16.288,157.471,1
24313,1015,848,5,23,10,8,8,8,4,78,+55.200,6263637,43,3,1:15.607,158.89,1
24314,1015,817,4,3,6,9,9,9,2,78,+60.894,6269331,78,4,1:15.697,158.701,1
24315,1015,154,210,8,13,10,10,10,1,78,+61.034,6269471,41,16,1:16.746,156.531,1
24316,1015,846,1,4,12,11,11,11,0,78,+66.801,6275238,61,13,1:16.413,157.214,1
24317,1015,825,210,20,5,14,14,14,0,77,\N,\N,61,17,1:16.992,156.031,11
24318,1015,815,211,11,16,12,12,12,0,77,\N,\N,67,15,1:16.613,156.803,11
24319,1015,807,4,27,11,13,13,13,0,77,\N,\N,65,8,1:16.276,157.496,11
24320,1015,847,3,63,19,15,15,15,0,77,\N,\N,76,18,1:17.038,155.938,11
24321,1015,840,211,18,17,16,16,16,0,77,\N,\N,45,12,1:16.379,157.284,11
24322,1015,8,51,7,14,17,17,17,0,77,\N,\N,50,14,1:16.436,157.166,11
24323,1015,9,3,88,20,18,18,18,0,77,\N,\N,32,19,1:17.388,155.233,11
24324,1015,841,51,99,18,19,19,19,0,76,\N,\N,46,11,1:16.299,157.448,12
24325,1015,844,6,16,15,\N,R,20,0,16,\N,\N,6,20,1:19.151,151.775,4
24326,1016,1,131,44,2,1,1,1,25,70,1:29:07.084,5347084,62,4,1:14.813,209.851,1
24327,1016,20,6,5,1,2,2,2,18,70,+3.658,5350742,57,5,1:14.875,209.677,1
24328,1016,844,6,16,3,3,3,3,15,70,+4.696,5351780,63,2,1:14.356,211.14,1
24329,1016,822,131,77,6,4,4,4,13,70,+51.043,5398127,69,1,1:13.078,214.833,1
24330,1016,830,9,33,9,5,5,5,10,70,+57.655,5404739,67,3,1:14.767,209.98,1
24331,1016,817,4,3,4,6,6,6,8,69,\N,\N,55,9,1:16.075,206.37,11
24332,1016,807,4,27,7,7,7,7,6,69,\N,\N,57,7,1:15.995,206.587,11
24333,1016,842,9,10,5,8,8,8,4,69,\N,\N,51,10,1:16.157,206.147,11
24334,1016,840,211,18,17,9,9,9,2,69,\N,\N,47,8,1:16.043,206.456,11
24335,1016,826,5,26,10,10,10,10,1,69,\N,\N,44,11,1:16.198,206.036,11
24336,1016,832,1,55,11,11,11,11,0,69,\N,\N,37,15,1:16.471,205.301,11
24337,1016,815,211,11,15,12,12,12,0,69,\N,\N,61,13,1:16.314,205.723,11
24338,1016,841,51,99,12,13,13,13,0,69,\N,\N,69,14,1:16.365,205.586,11
24339,1016,154,210,8,14,14,14,14,0,69,\N,\N,60,12,1:16.245,205.909,11
24340,1016,8,51,7,16,15,15,15,0,69,\N,\N,60,6,1:15.442,208.101,11
24341,1016,847,3,63,18,16,16,16,0,68,\N,\N,58,17,1:17.241,203.254,12
24342,1016,825,210,20,0,17,17,17,0,68,\N,\N,41,19,1:17.309,203.075,12
24343,1016,9,3,88,19,18,18,18,0,67,\N,\N,64,18,1:17.285,203.139,13
24344,1016,848,5,23,13,\N,R,19,0,59,\N,\N,47,16,1:17.151,203.491,130
24345,1016,846,1,4,8,\N,R,20,0,8,\N,\N,4,20,1:18.023,201.217,22
24346,1017,1,131,44,1,1,1,1,25,53,1:24:31.198,5071198,53,2,1:32.764,226.717,1
24347,1017,822,131,77,2,2,2,2,18,53,+18.056,5089254,43,3,1:33.586,224.725,1
24348,1017,844,6,16,3,3,3,3,15,53,+18.985,5090183,40,4,1:33.828,224.146,1
24349,1017,830,9,33,4,4,4,4,12,53,+34.905,5106103,38,5,1:34.162,223.351,1
24350,1017,20,6,5,7,5,5,5,11,53,+62.796,5133994,53,1,1:32.740,226.775,1
24351,1017,832,1,55,6,6,6,6,8,53,+95.462,5166660,52,6,1:34.561,222.408,1
24352,1017,8,51,7,12,7,7,7,6,52,\N,\N,47,8,1:34.873,221.677,11
24353,1017,807,4,27,13,8,8,8,4,52,\N,\N,46,10,1:34.950,221.497,11
24354,1017,846,1,4,5,9,9,9,2,52,\N,\N,45,7,1:34.754,221.955,11
24355,1017,842,9,10,9,10,10,10,1,52,\N,\N,47,15,1:35.197,220.922,11
24356,1017,817,4,3,8,11,11,11,0,52,\N,\N,42,14,1:35.150,221.032,11
24357,1017,815,211,11,14,12,12,12,0,52,\N,\N,42,11,1:35.014,221.348,11
24358,1017,840,211,18,17,13,13,13,0,52,\N,\N,44,9,1:34.924,221.558,11
24359,1017,826,5,26,19,14,14,14,0,52,\N,\N,43,16,1:35.225,220.857,11
24360,1017,848,5,23,11,15,15,15,0,52,\N,\N,51,12,1:35.029,221.313,11
24361,1017,841,51,99,10,16,16,16,0,52,\N,\N,50,13,1:35.115,221.113,11
24362,1017,825,210,20,15,17,17,17,0,52,\N,\N,50,18,1:35.692,219.78,11
24363,1017,9,3,88,18,18,18,18,0,51,\N,\N,50,20,1:36.608,217.696,12
24364,1017,847,3,63,20,19,19,19,0,51,\N,\N,51,19,1:35.830,219.463,12
24365,1017,154,210,8,16,20,20,20,0,44,\N,\N,42,17,1:35.691,219.782,31
24366,1018,830,9,33,2,1,1,1,26,71,1:22:01.822,4921822,60,1,1:07.475,230.378,1
24367,1018,844,6,16,1,2,2,2,18,71,+2.724,4924546,58,3,1:07.994,228.62,1
24368,1018,822,131,77,3,3,3,3,15,71,+18.960,4940782,53,7,1:08.565,226.716,1
24369,1018,20,6,5,9,4,4,4,12,71,+19.610,4941432,62,2,1:07.676,229.694,1
24370,1018,1,131,44,4,5,5,5,10,71,+22.805,4944627,69,5,1:08.050,228.432,1
24371,1018,846,1,4,5,6,6,6,8,70,\N,\N,69,8,1:08.699,226.274,11
24372,1018,842,9,10,8,7,7,7,6,70,\N,\N,63,9,1:08.790,225.974,11
24373,1018,832,1,55,19,8,8,8,4,70,\N,\N,53,6,1:08.117,228.207,11
24374,1018,8,51,7,6,9,9,9,2,70,\N,\N,57,15,1:09.126,224.876,11
24375,1018,841,51,99,7,10,10,10,1,70,\N,\N,57,13,1:09.051,225.12,11
24376,1018,815,211,11,13,11,11,11,0,70,\N,\N,67,14,1:09.061,225.087,11
24377,1018,817,4,3,12,12,12,12,0,70,\N,\N,65,4,1:08.019,228.536,11
24378,1018,807,4,27,15,13,13,13,0,70,\N,\N,59,16,1:09.248,224.48,11
24379,1018,840,211,18,14,14,14,14,0,70,\N,\N,57,17,1:09.288,224.35,11
24380,1018,848,5,23,18,15,15,15,0,70,\N,\N,59,11,1:08.946,225.463,11
24381,1018,154,210,8,11,16,16,16,0,70,\N,\N,56,12,1:08.987,225.329,11
24382,1018,826,5,26,16,17,17,17,0,70,\N,\N,58,18,1:09.498,223.672,11
24383,1018,847,3,63,0,18,18,18,0,69,\N,\N,52,19,1:09.926,222.303,12
24384,1018,825,210,20,10,19,19,19,0,69,\N,\N,69,10,1:08.903,225.604,12
24385,1018,9,3,88,17,20,20,20,0,68,\N,\N,55,20,1:10.964,219.051,13
24386,1019,1,131,44,2,1,1,1,26,52,1:21:08.452,4868452,52,1,1:27.369,242.735,1
24387,1019,822,131,77,1,2,2,2,18,52,+24.928,4893380,47,2,1:27.406,242.633,1
24388,1019,844,6,16,3,3,3,3,15,52,+30.117,4898569,47,5,1:29.313,237.452,1
24389,1019,842,9,10,5,4,4,4,12,52,+34.692,4903144,48,8,1:29.544,236.839,1
24390,1019,830,9,33,4,5,5,5,10,52,+39.458,4907910,45,4,1:29.272,237.561,1
24391,1019,832,1,55,13,6,6,6,8,52,+53.639,4922091,50,11,1:29.757,236.277,1
24392,1019,817,4,3,7,7,7,7,6,52,+54.401,4922853,50,9,1:29.624,236.628,1
24393,1019,8,51,7,12,8,8,8,4,52,+65.540,4933992,51,14,1:30.034,235.551,1
24394,1019,826,5,26,17,9,9,9,2,52,+66.720,4935172,51,12,1:29.910,235.875,1
24395,1019,807,4,27,10,10,10,10,1,52,+72.733,4941185,51,13,1:29.949,235.773,1
24396,1019,846,1,4,8,11,11,11,0,52,+74.281,4942733,50,10,1:29.636,236.596,1
24397,1019,848,5,23,9,12,12,12,0,52,+75.617,4944069,46,15,1:30.872,233.378,1
24398,1019,840,211,18,18,13,13,13,0,52,+81.086,4949538,49,6,1:29.390,237.248,1
24399,1019,847,3,63,19,14,14,14,0,51,\N,\N,50,16,1:31.013,233.017,11
24400,1019,9,3,88,20,15,15,15,0,51,\N,\N,50,17,1:31.509,231.754,11
24401,1019,20,6,5,6,16,16,16,0,51,\N,\N,46,3,1:28.733,239.004,11
24402,1019,815,211,11,15,17,17,17,0,51,\N,\N,50,7,1:29.456,237.072,11
24403,1019,841,51,99,11,\N,R,18,0,18,\N,\N,17,18,1:32.464,229.36,20
24404,1019,154,210,8,14,\N,R,19,0,9,\N,\N,4,20,1:34.350,224.775,4
24405,1019,825,210,20,16,\N,R,20,0,6,\N,\N,5,19,1:33.425,227.001,4
24406,1020,830,9,33,2,1,1,1,26,64,1:44:31.275,6271275,61,1,1:16.645,214.839,1
24407,1020,20,6,5,20,2,2,2,18,64,+7.333,6278608,63,2,1:16.794,214.423,1
24408,1020,826,5,26,14,3,3,3,15,64,+8.305,6279580,61,6,1:17.708,211.9,1
24409,1020,840,211,18,15,4,4,4,12,64,+8.966,6280241,61,8,1:17.831,211.566,1
24410,1020,832,1,55,7,5,5,5,10,64,+9.583,6280858,63,9,1:17.841,211.538,1
24411,1020,848,5,23,16,6,6,6,8,64,+10.052,6281327,63,10,1:17.850,211.514,1
24412,1020,154,210,8,6,7,7,7,6,64,+16.838,6288113,55,7,1:17.746,211.797,1
24413,1020,825,210,20,12,8,8,8,4,64,+18.765,6290040,62,5,1:17.507,212.45,1
24414,1020,1,131,44,1,9,9,9,2,64,+19.667,6290942,64,12,1:18.811,208.935,1
24415,1020,9,3,88,18,10,10,10,1,64,+24.987,6296262,63,13,1:19.062,208.271,1
24416,1020,847,3,63,17,11,11,11,0,64,+26.404,6297679,60,3,1:17.485,212.51,1
24417,1020,8,51,7,5,12,12,12,0,64,+42.214,6313489,60,15,1:19.563,206.96,1
24418,1020,841,51,99,11,13,13,13,0,64,+43.849,6315124,60,14,1:19.300,207.646,1
24419,1020,842,9,10,4,14,14,14,0,61,\N,\N,56,4,1:17.495,212.483,4
24420,1020,822,131,77,3,\N,R,15,0,56,\N,\N,54,11,1:18.272,210.374,3
24421,1020,807,4,27,9,\N,R,16,0,39,\N,\N,18,17,1:29.576,183.826,3
24422,1020,844,6,16,10,\N,R,17,0,27,\N,\N,17,16,1:27.697,187.764,3
24423,1020,846,1,4,19,\N,R,18,0,25,\N,\N,16,18,1:31.081,180.788,75
24424,1020,817,4,3,13,\N,R,19,0,13,\N,\N,10,19,1:32.654,177.719,43
24425,1020,815,211,11,8,\N,R,20,0,1,\N,\N,\N,0,\N,\N,20
24426,1021,1,131,44,3,1,1,1,25,70,1:35:03.796,5703796,60,2,1:18.528,200.84,1
24427,1021,830,9,33,1,2,2,2,19,70,+17.796,5721592,69,1,1:17.103,204.552,1
24428,1021,20,6,5,5,3,3,3,15,70,+61.433,5765229,65,4,1:19.786,197.673,1
24429,1021,844,6,16,4,4,4,4,12,70,+65.250,5769046,49,5,1:20.493,195.937,1
24430,1021,832,1,55,8,5,5,5,10,69,\N,\N,66,10,1:21.002,194.706,11
24431,1021,842,9,10,6,6,6,6,8,69,\N,\N,65,12,1:21.045,194.602,11
24432,1021,8,51,7,10,7,7,7,6,69,\N,\N,65,9,1:20.880,195,11
24433,1021,822,131,77,2,8,8,8,4,69,\N,\N,59,3,1:19.331,198.807,11
24434,1021,846,1,4,7,9,9,9,2,69,\N,\N,65,13,1:21.188,194.26,11
24435,1021,848,5,23,12,10,10,10,1,69,\N,\N,65,7,1:20.621,195.626,11
24436,1021,815,211,11,16,11,11,11,0,69,\N,\N,47,15,1:21.734,192.962,11
24437,1021,807,4,27,11,12,12,12,0,69,\N,\N,59,14,1:21.650,193.161,11
24438,1021,825,210,20,14,13,13,13,0,69,\N,\N,67,11,1:21.008,194.691,11
24439,1021,817,4,3,20,14,14,14,0,69,\N,\N,49,8,1:20.839,195.098,11
24440,1021,826,5,26,13,15,15,15,0,68,\N,\N,55,16,1:21.932,192.496,12
24441,1021,847,3,63,15,16,16,16,0,68,\N,\N,66,17,1:22.386,191.435,12
24442,1021,840,211,18,18,17,17,17,0,68,\N,\N,52,6,1:20.603,195.67,12
24443,1021,841,51,99,17,18,18,18,0,68,\N,\N,64,19,1:23.134,189.712,12
24444,1021,9,3,88,19,19,19,19,0,67,\N,\N,42,20,1:23.436,189.026,13
24445,1021,154,210,8,9,\N,R,20,0,49,\N,\N,46,18,1:22.809,190.457,34
24446,1022,844,6,16,1,1,1,1,25,44,1:23:45.710,5025710,23,4,1:46.664,236.39,1
24447,1022,1,131,44,3,2,2,2,18,44,+0.981,5026691,24,3,1:46.580,236.577,1
24448,1022,822,131,77,4,3,3,3,15,44,+12.585,5038295,27,2,1:46.465,236.832,1
24449,1022,20,6,5,2,4,4,4,13,44,+26.422,5052132,36,1,1:46.409,236.957,1
24450,1022,848,9,23,17,5,5,5,10,44,+81.325,5107035,41,5,1:47.507,234.537,1
24451,1022,815,211,11,7,6,6,6,8,44,+84.448,5110158,29,13,1:48.781,231.79,1
24452,1022,826,5,26,19,7,7,7,6,44,+89.657,5115367,26,7,1:48.143,233.157,1
24453,1022,807,4,27,12,8,8,8,4,44,+106.639,5132349,34,9,1:48.349,232.714,1
24454,1022,842,5,10,13,9,9,9,2,44,+109.168,5134878,21,17,1:49.700,229.848,1
24455,1022,840,211,18,16,10,10,10,1,44,+109.838,5135548,34,10,1:48.357,232.697,1
24456,1022,846,1,4,11,11,11,11,0,43,\N,\N,21,8,1:48.321,232.774,5
24457,1022,825,210,20,8,12,12,12,0,43,\N,\N,33,11,1:48.677,232.012,11
24458,1022,154,210,8,9,13,13,13,0,43,\N,\N,18,16,1:49.274,230.744,11
24459,1022,817,4,3,10,14,14,14,0,43,\N,\N,21,18,1:50.451,228.285,11
24460,1022,847,3,63,14,15,15,15,0,43,\N,\N,34,14,1:48.860,231.622,11
24461,1022,8,51,7,6,16,16,16,0,43,\N,\N,37,12,1:48.753,231.85,11
24462,1022,9,3,88,0,17,17,17,0,43,\N,\N,33,15,1:49.220,230.858,11
24463,1022,841,51,99,18,18,18,18,0,42,\N,\N,31,6,1:47.560,234.421,3
24464,1022,832,1,55,15,\N,R,19,0,1,\N,\N,\N,0,\N,\N,75
24465,1022,830,9,33,5,\N,R,20,0,0,\N,\N,\N,0,\N,\N,3
24466,1023,844,6,16,1,1,1,1,25,53,1:15:26.665,4526665,47,4,1:23.009,251.235,1
24467,1023,822,131,77,3,2,2,2,18,53,+0.835,4527500,47,3,1:22.859,251.69,1
24468,1023,1,131,44,2,3,3,3,16,53,+35.199,4561864,51,1,1:21.779,255.014,1
24469,1023,817,4,3,5,4,4,4,12,53,+45.515,4572180,53,7,1:23.466,249.859,1
24470,1023,807,4,27,6,5,5,5,10,53,+58.165,4584830,53,8,1:23.641,249.337,1
24471,1023,848,9,23,8,6,6,6,8,53,+59.315,4585980,45,6,1:23.364,250.165,1
24472,1023,815,211,11,18,7,7,7,6,53,+73.802,4600467,35,9,1:23.770,248.953,1
24473,1023,830,9,33,19,8,8,8,4,53,+74.492,4601157,41,5,1:23.143,250.83,1
24474,1023,841,51,99,10,9,9,9,2,52,\N,\N,44,15,1:24.503,246.793,11
24475,1023,846,1,4,16,10,10,10,1,52,\N,\N,52,11,1:24.044,248.141,11
24476,1023,842,5,10,17,11,11,11,0,52,\N,\N,51,10,1:23.885,248.611,11
24477,1023,840,211,18,9,12,12,12,0,52,\N,\N,31,12,1:24.165,247.784,11
24478,1023,20,6,5,4,13,13,13,0,52,\N,\N,50,2,1:22.799,251.872,11
24479,1023,847,3,63,14,14,14,14,0,52,\N,\N,51,16,1:24.842,245.807,11
24480,1023,8,51,7,0,15,15,15,0,52,\N,\N,52,13,1:24.419,247.039,11
24481,1023,154,210,8,13,16,16,16,0,52,\N,\N,31,17,1:24.985,245.393,11
24482,1023,9,3,88,15,17,17,17,0,51,\N,\N,47,18,1:24.989,245.382,12
24483,1023,825,210,20,11,\N,R,18,0,43,\N,\N,38,14,1:24.443,246.968,9
24484,1023,826,5,26,12,\N,R,19,0,29,\N,\N,19,20,1:25.772,243.142,5
24485,1023,832,1,55,7,\N,R,20,0,27,\N,\N,10,19,1:25.637,243.525,36
24486,1024,20,6,5,3,1,1,1,25,61,1:58:33.667,7113667,57,5,1:44.802,173.916,1
24487,1024,844,6,16,1,2,2,2,18,61,+2.641,7116308,59,4,1:44.723,174.047,1
24488,1024,830,9,33,4,3,3,3,15,61,+3.821,7117488,56,8,1:45.176,173.298,1
24489,1024,1,131,44,2,4,4,4,12,61,+4.608,7118275,58,7,1:44.914,173.73,1
24490,1024,822,131,77,5,5,5,5,10,61,+6.119,7119786,58,2,1:43.534,176.046,1
24491,1024,848,9,23,6,6,6,6,8,61,+11.663,7125330,59,9,1:45.260,173.159,1
24492,1024,846,1,4,9,7,7,7,6,61,+14.769,7128436,58,11,1:45.716,172.412,1
24493,1024,842,5,10,11,8,8,8,4,61,+15.547,7129214,58,13,1:45.769,172.326,1
24494,1024,807,4,27,8,9,9,9,2,61,+16.718,7130385,59,12,1:45.765,172.333,1
24495,1024,841,51,99,10,10,10,10,1,61,+27.855,7141522,59,10,1:45.630,172.553,1
24496,1024,154,210,8,17,11,11,11,0,61,+35.436,7149103,54,16,1:46.274,171.507,1
24497,1024,832,1,55,7,12,12,12,0,61,+35.974,7149641,41,15,1:45.969,172.001,1
24498,1024,840,211,18,16,13,13,13,0,61,+36.419,7150086,57,6,1:44.896,173.76,1
24499,1024,817,4,3,20,14,14,14,0,61,+37.660,7151327,55,14,1:45.915,172.088,1
24500,1024,826,5,26,14,15,15,15,0,61,+38.178,7151845,57,3,1:44.371,174.634,1
24501,1024,9,3,88,19,16,16,16,0,61,+47.024,7160691,59,18,1:46.793,170.674,1
24502,1024,825,210,20,13,17,17,17,0,61,+86.522,7200189,58,1,1:42.301,178.168,1
24503,1024,8,51,7,12,\N,R,18,0,49,\N,\N,18,19,1:47.062,170.245,4
24504,1024,815,211,11,15,\N,R,19,0,42,\N,\N,15,17,1:46.683,170.85,5
24505,1024,847,3,63,18,\N,R,20,0,34,\N,\N,29,20,1:48.285,168.322,4
24506,1025,1,131,44,2,1,1,1,26,53,1:33:38.992,5618992,51,1,1:35.761,219.847,1
24507,1025,822,131,77,4,2,2,2,18,53,+3.829,5622821,50,3,1:36.316,218.58,1
24508,1025,844,6,16,1,3,3,3,15,53,+5.212,5624204,52,2,1:36.193,218.86,1
24509,1025,830,9,33,9,4,4,4,12,53,+14.210,5633202,47,5,1:36.937,217.18,1
24510,1025,848,9,23,0,5,5,5,10,53,+38.348,5657340,50,4,1:36.762,217.573,1
24511,1025,832,1,55,5,6,6,6,8,53,+45.889,5664881,53,6,1:38.020,214.78,1
24512,1025,815,211,11,11,7,7,7,6,53,+48.728,5667720,49,7,1:38.043,214.73,1
24513,1025,846,1,4,7,8,8,8,4,53,+57.749,5676741,52,11,1:38.301,214.166,1
24514,1025,825,210,20,13,9,9,9,2,53,+58.779,5677771,53,8,1:38.130,214.539,1
24515,1025,807,4,27,6,10,10,10,1,53,+59.841,5678833,53,12,1:38.519,213.692,1
24516,1025,840,211,18,14,11,11,11,0,53,+60.821,5679813,53,15,1:38.611,213.493,1
24517,1025,826,5,26,19,12,12,12,0,53,+62.496,5681488,52,9,1:38.228,214.325,1
24518,1025,8,51,7,15,13,13,13,0,53,+68.910,5687902,51,13,1:38.589,213.541,1
24519,1025,842,5,10,16,14,14,14,0,53,+70.076,5689068,51,14,1:38.606,213.504,1
24520,1025,841,51,99,12,15,15,15,0,53,+73.346,5692338,51,16,1:38.696,213.309,1
24521,1025,9,3,88,18,\N,R,16,0,28,\N,\N,24,19,1:42.327,205.74,23
24522,1025,847,3,63,17,\N,R,17,0,27,\N,\N,18,18,1:41.705,206.998,23
24523,1025,20,6,5,3,\N,R,18,0,26,\N,\N,16,10,1:38.245,214.288,75
24524,1025,817,4,3,10,\N,R,19,0,24,\N,\N,22,17,1:41.284,207.859,4
24525,1025,154,210,8,8,\N,R,20,0,0,\N,\N,\N,0,\N,\N,4
24526,1026,822,131,77,3,1,1,1,25,52,1:21:46.755,4906755,49,4,1:31.862,227.571,1
24527,1026,20,6,5,1,2,2,2,18,52,+13.343,4920098,38,5,1:32.122,226.929,1
24528,1026,1,131,44,4,3,3,3,16,52,+13.858,4920613,45,1,1:30.983,229.77,1
24529,1026,848,9,23,6,4,4,4,12,52,+59.537,4966292,36,8,1:32.775,225.332,1
24530,1026,832,1,55,7,5,5,5,10,52,+69.101,4975856,46,12,1:33.563,223.434,1
24531,1026,844,6,16,2,6,6,6,8,51,\N,\N,48,2,1:31.611,228.195,11
24532,1026,842,5,10,9,7,7,7,6,51,\N,\N,43,17,1:35.321,219.313,11
24533,1026,815,211,11,17,8,8,8,4,51,\N,\N,46,7,1:32.621,225.706,11
24534,1026,840,211,18,12,9,9,9,2,51,\N,\N,26,14,1:34.713,220.721,11
24535,1026,826,5,26,14,10,10,10,1,51,\N,\N,47,10,1:33.239,224.21,11
24536,1026,846,1,4,8,11,11,11,0,51,\N,\N,31,13,1:34.116,222.121,11
24537,1026,8,51,7,13,12,12,12,0,51,\N,\N,50,9,1:33.190,224.328,11
24538,1026,154,210,8,10,13,13,13,0,51,\N,\N,18,16,1:34.988,220.082,11
24539,1026,841,51,99,11,14,14,14,0,51,\N,\N,51,6,1:32.369,226.322,11
24540,1026,825,210,20,19,15,15,15,0,51,\N,\N,49,3,1:31.732,227.894,11
24541,1026,847,3,63,18,16,16,16,0,50,\N,\N,27,18,1:35.458,218.998,12
24542,1026,9,3,88,0,17,17,17,0,50,\N,\N,44,19,1:36.332,217.012,12
24543,1026,830,9,33,5,\N,R,18,0,14,\N,\N,10,20,1:37.249,214.965,23
24544,1026,817,4,3,16,\N,D,19,0,51,\N,\N,48,11,1:33.481,223.63,2
24545,1026,807,4,27,15,\N,D,20,0,51,\N,\N,47,15,1:34.921,220.237,2
24546,1027,1,131,44,3,1,1,1,25,71,1:36:48.904,5808904,66,4,1:19.461,194.993,1
24547,1027,20,6,5,2,2,2,2,18,71,+1.766,5810670,68,3,1:19.381,195.19,1
24548,1027,822,131,77,6,3,3,3,15,71,+3.553,5812457,66,5,1:19.494,194.912,1
24549,1027,844,6,16,1,4,4,4,13,71,+6.368,5815272,53,1,1:19.232,195.557,1
24550,1027,848,9,23,5,5,5,5,10,71,+21.399,5830303,48,2,1:19.325,195.328,1
24551,1027,830,9,33,4,6,6,6,8,71,+68.807,5877711,65,11,1:20.406,192.702,1
24552,1027,815,211,11,11,7,7,7,6,71,+73.819,5882723,70,12,1:20.485,192.512,1
24553,1027,817,4,3,13,8,8,8,4,71,+74.924,5883828,53,9,1:20.146,193.327,1
24554,1027,842,5,10,10,9,9,9,2,70,\N,\N,53,6,1:19.530,194.824,11
24555,1027,807,4,27,12,10,10,10,1,70,\N,\N,59,14,1:20.791,191.783,11
24556,1027,826,5,26,9,11,11,11,0,70,\N,\N,48,7,1:19.905,193.91,11
24557,1027,840,211,18,16,12,12,12,0,70,\N,\N,68,15,1:20.922,191.473,11
24558,1027,832,1,55,7,13,13,13,0,70,\N,\N,66,10,1:20.311,192.929,11
24559,1027,841,51,99,15,14,14,14,0,70,\N,\N,65,16,1:21.014,191.255,11
24560,1027,825,210,20,17,15,15,15,0,69,\N,\N,53,20,1:21.682,189.691,12
24561,1027,847,3,63,19,16,16,16,0,69,\N,\N,69,17,1:21.286,190.615,12
24562,1027,154,210,8,18,17,17,17,0,69,\N,\N,68,18,1:21.581,189.926,12
24563,1027,9,3,88,20,18,18,18,0,69,\N,\N,63,13,1:20.696,192.009,12
24564,1027,8,51,7,14,\N,R,19,0,58,\N,\N,55,8,1:20.082,193.481,25
24565,1027,846,1,4,8,\N,R,20,0,48,\N,\N,46,19,1:21.643,189.782,54
24626,1031,822,131,77,1,1,1,1,25,71,1:30:55.739,5455739,68,2,1:07.657,229.758,1
24566,1028,822,131,77,1,1,1,1,25,56,1:33:55.653,5635653,37,2,1:36.957,204.696,1
24567,1028,1,131,44,5,2,2,2,18,56,+4.148,5639801,26,7,1:38.446,201.6,1
24568,1028,830,9,33,3,3,3,3,15,56,+5.002,5640655,42,5,1:38.214,202.077,1
24569,1028,844,6,16,4,4,4,4,13,56,+52.239,5687892,44,1,1:36.169,206.374,1
24570,1028,848,9,23,6,5,5,5,10,56,+78.038,5713691,42,3,1:38.029,202.458,1
24571,1028,817,4,3,9,6,6,6,8,56,+90.366,5726019,28,14,1:40.564,197.354,1
24572,1028,846,1,4,8,7,7,7,6,56,+90.764,5726417,44,4,1:38.074,202.365,1
24573,1028,832,1,55,7,8,8,8,4,55,\N,\N,44,15,1:40.844,196.806,11
24574,1028,807,4,27,11,9,9,9,2,55,\N,\N,47,6,1:38.437,201.619,11
24575,1028,815,211,11,0,10,10,10,1,55,\N,\N,34,11,1:40.165,198.141,11
24576,1028,8,51,7,17,11,11,11,0,55,\N,\N,46,9,1:39.608,199.249,11
24577,1028,826,5,26,13,12,12,12,0,55,\N,\N,41,8,1:38.969,200.535,11
24578,1028,840,211,18,14,13,13,13,0,55,\N,\N,42,13,1:40.380,197.716,11
24579,1028,841,51,99,16,14,14,14,0,55,\N,\N,41,10,1:39.964,198.539,11
24580,1028,154,210,8,15,15,15,15,0,55,\N,\N,52,18,1:41.270,195.979,11
24581,1028,842,5,10,10,16,16,16,0,54,\N,\N,31,16,1:40.850,196.795,22
24582,1028,847,3,63,18,17,17,17,0,54,\N,\N,54,17,1:41.239,196.039,12
24583,1028,825,210,20,12,18,18,18,0,52,\N,\N,42,12,1:40.347,197.781,23
24584,1028,9,3,88,19,\N,R,19,0,31,\N,\N,22,20,1:43.830,191.147,44
24585,1028,20,6,5,2,\N,R,20,0,7,\N,\N,6,19,1:42.165,194.262,22
24586,1029,830,9,33,1,1,1,1,25,71,1:33:14.678,5594678,61,2,1:10.862,218.909,1
24587,1029,842,5,10,6,2,2,2,18,71,+6.077,5600755,65,9,1:12.425,214.185,1
24588,1029,832,1,55,20,3,3,3,15,71,+8.896,5603574,63,16,1:13.158,212.039,1
24589,1029,8,51,7,8,4,4,4,12,71,+9.452,5604130,65,15,1:13.135,212.106,1
24590,1029,841,51,99,12,5,5,5,10,71,+10.201,5604879,49,14,1:13.020,212.44,1
24591,1029,817,4,3,11,6,6,6,8,71,+10.541,5605219,44,11,1:12.733,213.278,1
24592,1029,1,131,44,3,7,7,7,6,71,+11.139,5605817,46,3,1:11.082,218.232,1
24593,1029,846,1,4,10,8,8,8,4,71,+11.204,5605882,63,7,1:12.328,214.472,1
24594,1029,815,211,11,15,9,9,9,2,71,+11.529,5606207,64,12,1:12.840,212.965,1
24595,1029,826,5,26,16,10,10,10,1,71,+11.931,5606609,49,8,1:12.385,214.304,1
24596,1029,825,210,20,9,11,11,11,0,71,+12.732,5607410,65,17,1:13.262,211.738,1
24597,1029,847,3,63,18,12,12,12,0,71,+13.599,5608277,57,19,1:13.752,210.331,1
24598,1029,154,210,8,7,13,13,13,0,71,+14.247,5608925,29,18,1:13.619,210.711,1
24599,1029,848,9,23,5,14,14,14,0,71,+14.927,5609605,52,4,1:11.087,218.217,1
24600,1029,807,4,27,13,15,15,15,0,71,+18.059,5612737,64,13,1:12.934,212.69,1
24601,1029,9,3,88,19,16,16,16,0,70,\N,\N,63,20,1:14.553,208.072,11
24602,1029,20,6,5,2,17,17,17,0,65,\N,\N,51,5,1:11.384,217.309,4
24603,1029,844,6,16,14,18,18,18,0,65,\N,\N,63,6,1:11.423,217.19,4
24604,1029,840,211,18,17,19,19,19,0,65,\N,\N,65,10,1:12.603,213.66,22
24605,1029,822,131,77,4,\N,R,20,0,51,\N,\N,43,1,1:10.698,219.417,131
24606,1030,1,131,44,1,1,1,1,26,55,1:34:05.715,5645715,53,1,1:39.283,201.387,1
24607,1030,830,9,33,2,2,2,2,18,55,+16.772,5662487,55,5,1:41.119,197.731,1
24608,1030,844,6,16,3,3,3,3,15,55,+43.435,5689150,44,4,1:40.442,199.064,1
24609,1030,822,131,77,20,4,4,4,12,55,+44.379,5690094,31,2,1:39.715,200.515,1
24610,1030,20,6,5,4,5,5,5,10,55,+64.357,5710072,55,3,1:40.128,199.688,1
24611,1030,848,9,23,5,6,6,6,8,55,+69.205,5714920,49,8,1:42.219,195.603,1
24612,1030,815,211,11,10,7,7,7,6,54,\N,\N,39,11,1:42.639,194.803,11
24613,1030,846,1,4,6,8,8,8,4,54,\N,\N,50,12,1:43.026,194.071,11
24614,1030,826,5,26,13,9,9,9,2,54,\N,\N,42,9,1:42.222,195.597,11
24615,1030,832,1,55,8,10,10,10,1,54,\N,\N,43,7,1:41.294,197.389,11
24616,1030,817,4,3,7,11,11,11,0,54,\N,\N,51,6,1:41.190,197.592,11
24617,1030,807,4,27,9,12,12,12,0,54,\N,\N,52,16,1:43.274,193.605,11
24618,1030,8,51,7,17,13,13,13,0,54,\N,\N,25,14,1:43.142,193.853,11
24619,1030,825,210,20,14,14,14,14,0,54,\N,\N,22,19,1:43.790,192.642,11
24620,1030,154,210,8,15,15,15,15,0,54,\N,\N,33,18,1:43.666,192.873,11
24621,1030,841,51,99,16,16,16,16,0,54,\N,\N,28,15,1:43.256,193.639,11
24622,1030,847,3,63,18,17,17,17,0,54,\N,\N,50,13,1:43.074,193.981,11
24623,1030,842,5,10,11,18,18,18,0,53,\N,\N,53,10,1:42.414,195.231,12
24624,1030,9,3,88,19,19,19,19,0,53,\N,\N,51,20,1:44.500,191.333,12
24625,1030,840,211,18,12,\N,R,20,0,45,\N,\N,25,17,1:43.326,193.507,23
24627,1031,844,6,16,7,2,2,2,18,71,+2.700,5458439,64,4,1:07.901,228.933,1
24628,1031,846,1,4,3,3,3,3,16,71,+5.491,5461230,71,1,1:07.475,230.378,1
24629,1031,1,131,44,5,4,4,4,12,71,+5.689,5461428,67,3,1:07.712,229.572,1
24630,1031,832,1,55,8,5,5,5,10,71,+8.903,5464642,63,5,1:07.974,228.687,1
24631,1031,815,211,11,6,6,6,6,8,71,+15.092,5470831,63,6,1:08.305,227.579,1
24632,1031,842,213,10,12,7,7,7,6,71,+16.682,5472421,64,11,1:09.025,225.205,1
24633,1031,839,4,31,14,8,8,8,4,71,+17.456,5473195,64,10,1:08.932,225.509,1
24634,1031,841,51,99,18,9,9,9,2,71,+21.146,5476885,70,9,1:08.796,225.954,1
24635,1031,20,6,5,11,10,10,10,1,71,+24.545,5480284,71,8,1:08.623,226.524,1
24636,1031,849,3,6,20,11,11,11,0,71,+31.650,5487389,63,16,1:09.662,223.146,1
24637,1031,826,213,26,13,12,12,12,0,69,\N,\N,50,13,1:09.135,224.847,22
24638,1031,848,9,23,4,13,13,13,0,67,\N,\N,50,7,1:08.432,227.156,40
24639,1031,8,51,7,19,\N,R,14,0,53,\N,\N,48,12,1:09.031,225.185,36
24640,1031,847,3,63,17,\N,R,15,0,49,\N,\N,49,14,1:09.317,224.256,32
24641,1031,154,210,8,15,\N,R,16,0,49,\N,\N,46,17,1:10.228,221.347,23
24642,1031,825,210,20,16,\N,R,17,0,24,\N,\N,23,20,1:10.720,219.807,23
24643,1031,840,211,18,9,\N,R,18,0,20,\N,\N,4,18,1:10.326,221.039,5
24644,1031,817,4,3,10,\N,R,19,0,17,\N,\N,8,19,1:10.610,220.15,25
24645,1031,830,9,33,2,\N,R,20,0,11,\N,\N,5,15,1:09.351,224.146,40
24646,1032,1,131,44,1,1,1,1,25,71,1:22:50.683,4970683,68,3,1:06.719,232.989,1
24647,1032,822,131,77,4,2,2,2,18,71,+13.719,4984402,62,7,1:07.534,230.177,1
24648,1032,830,9,33,2,3,3,3,15,71,+33.698,5004381,70,2,1:06.145,235.01,1
24649,1032,848,9,23,6,4,4,4,12,71,+44.400,5015083,67,6,1:07.299,230.981,1
24650,1032,846,1,4,9,5,5,5,10,71,+61.470,5032153,66,5,1:07.193,231.345,1
24651,1032,815,211,11,17,6,6,6,8,71,+62.387,5033070,68,4,1:07.188,231.362,1
24652,1032,840,211,18,12,7,7,7,6,71,+62.453,5033136,65,10,1:07.833,229.162,1
24653,1032,817,4,3,8,8,8,8,4,71,+62.591,5033274,65,9,1:07.832,229.166,1
24654,1032,832,1,55,3,9,9,9,3,70,\N,\N,68,1,1:05.619,236.894,11
24655,1032,826,213,26,13,10,10,10,1,70,\N,\N,60,13,1:08.378,227.336,11
24656,1032,8,51,7,16,11,11,11,0,70,\N,\N,57,14,1:08.382,227.322,11
24657,1032,825,210,20,15,12,12,12,0,70,\N,\N,69,11,1:08.009,228.569,11
24658,1032,154,210,8,0,13,13,13,0,70,\N,\N,69,12,1:08.047,228.442,11
24659,1032,841,51,99,19,14,14,14,0,70,\N,\N,54,15,1:08.512,226.891,11
24660,1032,842,213,10,7,15,15,15,0,70,\N,\N,69,8,1:07.827,229.183,11
24661,1032,847,3,63,11,16,16,16,0,69,\N,\N,36,16,1:08.601,226.597,12
24662,1032,849,3,6,18,17,17,17,0,69,\N,\N,68,17,1:08.806,225.922,12
24663,1032,839,4,31,5,\N,R,18,0,25,\N,\N,22,18,1:09.321,224.243,25
24664,1032,844,6,16,14,\N,R,19,0,4,\N,\N,3,19,1:35.379,162.979,130
24665,1032,20,6,5,10,\N,R,20,0,1,\N,\N,\N,0,\N,\N,130
24666,1033,1,131,44,1,1,1,1,26,70,1:36:12.473,5772473,70,1,1:16.627,205.823,1
24667,1033,830,9,33,7,2,2,2,18,70,+8.702,5781175,60,4,1:19.184,199.176,1
24668,1033,822,131,77,2,3,3,3,15,70,+9.452,5781925,66,2,1:17.665,203.072,1
24669,1033,840,211,18,3,4,4,4,12,70,+57.579,5830052,68,3,1:18.973,199.708,1
24670,1033,848,9,23,13,5,5,5,10,70,+78.316,5850789,68,5,1:19.440,198.534,1
24671,1033,20,6,5,5,6,6,6,8,69,\N,\N,49,14,1:20.363,196.254,11
24672,1033,815,211,11,4,7,7,7,6,69,\N,\N,39,10,1:20.090,196.923,11
24673,1033,817,4,3,11,8,8,8,4,69,\N,\N,46,7,1:19.532,198.305,11
24674,1033,832,1,55,9,9,9,9,2,69,\N,\N,68,15,1:20.477,195.976,11
24675,1033,825,210,20,0,10,10,10,1,69,\N,\N,67,6,1:19.457,198.492,11
24676,1033,844,6,16,6,11,11,11,0,69,\N,\N,64,16,1:20.821,195.142,11
24677,1033,826,213,26,17,12,12,12,0,69,\N,\N,51,18,1:20.946,194.841,11
24678,1033,846,1,4,8,13,13,13,0,69,\N,\N,42,8,1:19.945,197.28,11
24679,1033,839,4,31,14,14,14,14,0,69,\N,\N,40,13,1:20.261,196.503,11
24680,1033,8,51,7,20,15,15,15,0,69,\N,\N,67,17,1:20.889,194.978,11
24681,1033,154,210,8,0,16,16,16,0,69,\N,\N,61,12,1:20.232,196.574,11
24682,1033,841,51,99,19,17,17,17,0,69,\N,\N,44,11,1:20.096,196.908,11
24683,1033,847,3,63,12,18,18,18,0,69,\N,\N,67,9,1:19.984,197.184,11
24684,1033,849,3,6,15,19,19,19,0,65,\N,\N,64,19,1:21.198,194.236,15
24685,1033,842,213,10,10,\N,R,20,0,15,\N,\N,10,20,1:23.939,187.893,5
24686,1034,1,131,44,1,1,1,1,25,52,1:28:01.283,5281283,45,3,1:29.238,237.652,1
24687,1034,830,9,33,3,2,2,2,19,52,+5.856,5287139,52,1,1:27.097,243.494,1
24688,1034,844,6,16,4,3,3,3,15,52,+18.474,5299757,49,9,1:29.813,236.13,1
24689,1034,817,4,3,8,4,4,4,12,52,+19.650,5300933,49,5,1:29.482,237.004,1
24690,1034,846,1,4,5,5,5,5,10,52,+22.277,5303560,41,12,1:30.058,235.488,1
24691,1034,839,4,31,9,6,6,6,8,52,+26.937,5308220,50,6,1:29.491,236.98,1
24692,1034,842,213,10,11,7,7,7,6,52,+31.188,5312471,52,7,1:29.603,236.684,1
24693,1034,848,9,23,12,8,8,8,4,52,+32.670,5313953,52,2,1:28.689,239.123,1
24694,1034,840,211,18,6,9,9,9,2,52,+37.311,5318594,44,13,1:30.475,234.402,1
24695,1034,20,6,5,10,10,10,10,1,52,+41.857,5323140,44,15,1:30.537,234.242,1
24696,1034,822,131,77,2,11,11,11,0,52,+42.167,5323450,41,4,1:29.265,237.58,1
24697,1034,847,3,63,20,12,12,12,0,52,+52.004,5333287,41,16,1:30.862,233.404,1
24698,1034,832,1,55,7,13,13,13,0,52,+53.370,5334653,47,10,1:29.948,235.776,1
24699,1034,841,51,99,15,14,14,14,0,52,+54.205,5335488,49,17,1:30.977,233.109,1
24700,1034,849,3,6,18,15,15,15,0,52,+54.549,5335832,44,14,1:30.501,234.335,1
24701,1034,154,210,8,17,16,16,16,0,52,+55.050,5336333,49,8,1:29.782,236.212,1
24702,1034,8,51,7,16,17,17,17,0,51,\N,\N,49,11,1:29.973,235.71,11
24703,1034,826,213,26,19,\N,R,18,0,11,\N,\N,11,18,1:32.443,229.412,3
24704,1034,825,210,20,14,\N,R,19,0,1,\N,\N,\N,0,\N,\N,4
24705,1034,807,211,27,13,\N,W,20,0,0,\N,\N,\N,0,\N,\N,131
24706,1035,830,9,33,4,1,1,1,25,52,1:19:41.993,4781993,46,2,1:29.465,237.049,1
24707,1035,1,131,44,2,2,2,2,19,52,+11.326,4793319,43,1,1:28.451,239.766,1
24708,1035,822,131,77,1,3,3,3,15,52,+19.231,4801224,44,4,1:29.765,236.256,1
24709,1035,844,6,16,8,4,4,4,12,52,+29.289,4811282,39,8,1:30.552,234.203,1
24710,1035,848,9,23,9,5,5,5,10,52,+39.146,4821139,46,3,1:29.477,237.017,1
24711,1035,840,211,18,6,6,6,6,8,52,+42.538,4824531,45,15,1:30.877,233.365,1
24712,1035,807,211,27,3,7,7,7,6,52,+55.951,4837944,52,6,1:30.087,235.412,1
24713,1035,839,4,31,14,8,8,8,4,52,+64.773,4846766,50,10,1:30.575,234.144,1
24714,1035,846,1,4,10,9,9,9,2,52,+65.544,4847537,49,11,1:30.698,233.826,1
24715,1035,826,213,26,16,10,10,10,1,52,+69.669,4851662,52,12,1:30.738,233.723,1
24716,1035,842,213,10,7,11,11,11,0,52,+70.642,4852635,52,7,1:30.092,235.399,1
24717,1035,20,6,5,11,12,12,12,0,52,+73.370,4855363,49,13,1:30.785,233.602,1
24718,1035,832,1,55,12,13,13,13,0,52,+74.070,4856063,49,9,1:30.556,234.193,1
24719,1035,817,4,3,5,14,14,14,0,51,\N,\N,39,16,1:31.168,232.621,11
24720,1035,8,51,7,20,15,15,15,0,51,\N,\N,30,18,1:31.756,231.13,11
24721,1035,154,210,8,13,16,16,16,0,51,\N,\N,51,14,1:30.793,233.581,11
24722,1035,841,51,99,19,17,17,17,0,51,\N,\N,37,19,1:31.826,230.954,11
24723,1035,847,3,63,15,18,18,18,0,51,\N,\N,50,17,1:31.408,232.01,11
24724,1035,849,3,6,18,19,19,19,0,51,\N,\N,48,5,1:29.950,235.77,11
24725,1035,825,210,20,17,\N,R,20,0,43,\N,\N,39,20,1:31.830,230.944,31
24726,1036,1,131,44,1,1,1,1,25,66,1:31:45.279,5505279,63,2,1:19.822,209.942,1
24727,1036,830,9,33,3,2,2,2,18,66,+24.177,5529456,53,4,1:21.477,205.677,1
24728,1036,822,131,77,2,3,3,3,16,66,+44.752,5550031,66,1,1:18.183,214.343,1
24729,1036,840,211,18,5,4,4,4,12,65,\N,\N,56,8,1:22.024,204.306,11
24730,1036,815,211,11,4,5,5,5,10,65,\N,\N,58,16,1:22.515,203.09,11
24731,1036,832,1,55,7,6,6,6,8,65,\N,\N,59,5,1:21.771,204.938,11
24732,1036,20,6,5,11,7,7,7,6,65,\N,\N,48,18,1:22.707,202.618,11
24733,1036,848,9,23,6,8,8,8,4,65,\N,\N,41,11,1:22.194,203.883,11
24734,1036,842,213,10,10,9,9,9,2,65,\N,\N,44,17,1:22.543,203.021,11
24735,1036,846,1,4,8,10,10,10,1,65,\N,\N,56,13,1:22.392,203.393,11
24736,1036,817,4,3,13,11,11,11,0,65,\N,\N,51,14,1:22.464,203.215,11
24737,1036,826,213,26,12,12,12,12,0,65,\N,\N,47,12,1:22.336,203.531,11
24738,1036,839,4,31,15,13,13,13,0,65,\N,\N,65,10,1:22.174,203.933,11
24739,1036,8,51,7,14,14,14,14,0,65,\N,\N,47,7,1:21.888,204.645,11
24740,1036,825,210,20,16,15,15,15,0,65,\N,\N,64,19,1:23.474,200.757,11
24741,1036,841,51,99,20,16,16,16,0,65,\N,\N,47,6,1:21.801,204.863,11
24742,1036,847,3,63,18,17,17,17,0,65,\N,\N,37,15,1:22.503,203.119,11
24743,1036,849,3,6,19,18,18,18,0,64,\N,\N,60,9,1:22.030,204.291,12
24744,1036,154,210,8,17,19,19,19,0,64,\N,\N,64,3,1:20.409,208.409,12
24745,1036,844,6,16,9,\N,R,20,0,38,\N,\N,35,20,1:23.968,199.576,40
24746,1037,1,131,44,1,1,1,1,25,44,1:24:08.761,5048761,28,2,1:47.758,233.99,1
24747,1037,822,131,77,2,2,2,2,18,44,+8.448,5057209,27,5,1:47.983,233.503,1
24748,1037,830,9,33,3,3,3,3,15,44,+15.455,5064216,27,8,1:48.305,232.809,1
24749,1037,817,4,3,4,4,4,4,13,44,+18.877,5067638,44,1,1:47.483,234.589,1
24750,1037,839,4,31,6,5,5,5,10,44,+40.650,5089411,44,10,1:48.540,232.305,1
24751,1037,848,9,23,5,6,6,6,8,44,+42.712,5091473,27,12,1:48.736,231.886,1
24752,1037,846,1,4,10,7,7,7,6,44,+43.774,5092535,39,11,1:48.552,232.279,1
24753,1037,842,213,10,12,8,8,8,4,44,+47.371,5096132,29,3,1:47.839,233.815,1
24754,1037,840,211,18,9,9,9,9,2,44,+52.603,5101364,34,13,1:49.136,231.036,1
24755,1037,815,211,11,8,10,10,10,1,44,+53.179,5101940,20,9,1:48.389,232.628,1
24756,1037,826,213,26,11,11,11,11,0,44,+70.200,5118961,28,15,1:49.832,229.572,1
24757,1037,8,51,7,16,12,12,12,0,44,+71.504,5120265,28,14,1:49.822,229.593,1
24758,1037,20,6,5,14,13,13,13,0,44,+72.894,5121655,31,16,1:49.958,229.309,1
24759,1037,844,6,16,13,14,14,14,0,44,+74.920,5123681,26,4,1:47.840,233.813,1
24760,1037,154,210,8,17,15,15,15,0,44,+76.793,5125554,28,17,1:50.018,229.184,1
24761,1037,849,3,6,19,16,16,16,0,44,+77.795,5126556,32,6,1:48.048,233.362,1
24762,1037,825,210,20,20,17,17,17,0,44,+85.540,5134301,37,7,1:48.083,233.287,1
24763,1037,841,51,99,18,\N,R,18,0,9,\N,\N,9,19,1:51.793,225.545,3
24764,1037,847,3,63,15,\N,R,19,0,9,\N,\N,5,18,1:51.754,225.624,138
24765,1037,832,1,55,7,\N,W,20,0,0,\N,\N,\N,0,\N,\N,43
24766,1038,842,213,10,10,1,1,1,25,53,1:47:06.056,6426056,34,6,1:24.037,248.162,1
24767,1038,832,1,55,3,2,2,2,18,53,+0.415,6426471,40,2,1:23.882,248.62,1
24768,1038,840,211,18,8,3,3,3,15,53,+3.358,6429414,42,3,1:23.897,248.576,1
24769,1038,846,1,4,6,4,4,4,12,53,+6.000,6432056,50,7,1:24.232,247.587,1
24770,1038,822,131,77,2,5,5,5,10,53,+7.108,6433164,51,5,1:23.961,248.386,1
24771,1038,817,4,3,7,6,6,6,8,53,+8.391,6434447,38,4,1:23.898,248.573,1
24772,1038,1,131,44,1,7,7,7,7,53,+17.245,6443301,34,1,1:22.746,252.033,1
24773,1038,839,4,31,12,8,8,8,4,53,+18.691,6444747,52,11,1:24.490,246.831,1
24774,1038,826,213,26,11,9,9,9,2,53,+22.208,6448264,44,10,1:24.479,246.863,1
24775,1038,815,211,11,4,10,10,10,1,53,+23.224,6449280,50,8,1:24.336,247.282,1
24776,1038,849,3,6,20,11,11,11,0,53,+32.876,6458932,39,16,1:24.999,245.353,1
24777,1038,154,210,8,16,12,12,12,0,53,+35.164,6461220,48,12,1:24.785,245.972,1
24778,1038,8,51,7,14,13,13,13,0,53,+36.312,6462368,29,13,1:24.835,245.827,1
24779,1038,847,3,63,19,14,14,14,0,53,+36.593,6462649,39,9,1:24.421,247.033,1
24780,1038,848,9,23,9,15,15,15,0,53,+37.533,6463589,48,15,1:24.926,245.564,1
24781,1038,841,51,99,18,16,16,16,0,53,+55.199,6481255,43,14,1:24.856,245.766,1
24782,1038,830,9,33,5,\N,R,17,0,30,\N,\N,10,17,1:25.539,243.804,131
24783,1038,844,6,16,13,\N,R,18,0,23,\N,\N,19,19,1:26.026,242.424,3
24784,1038,825,210,20,15,\N,R,19,0,17,\N,\N,10,18,1:25.787,243.099,131
24785,1038,20,6,5,17,\N,R,20,0,6,\N,\N,4,20,1:27.107,239.415,23
24786,1039,1,131,44,1,1,1,1,26,59,2:19:35.060,8375060,58,1,1:18.833,239.518,1
24787,1039,822,131,77,2,2,2,2,18,59,+4.880,8379940,53,2,1:19.432,237.712,1
24788,1039,848,9,23,4,3,3,3,15,59,+8.064,8383124,51,3,1:20.039,235.909,1
24789,1039,817,4,3,8,4,4,4,12,59,+10.417,8385477,57,4,1:20.426,234.774,1
24790,1039,815,211,11,7,5,5,5,10,59,+15.650,8390710,59,5,1:20.632,234.175,1
24791,1039,846,1,4,11,6,6,6,8,59,+18.883,8393943,59,7,1:21.198,232.542,1
24792,1039,826,213,26,12,7,7,7,6,59,+21.756,8396816,51,10,1:21.458,231.8,1
24793,1039,844,6,16,5,8,8,8,4,59,+28.345,8403405,50,9,1:21.229,232.453,1
24794,1039,8,51,7,13,9,9,9,2,59,+29.770,8404830,59,6,1:21.164,232.64,1
24795,1039,20,6,5,14,10,10,10,1,59,+29.983,8405043,59,8,1:21.202,232.531,1
24796,1039,847,3,63,18,11,11,11,0,59,+32.404,8407464,58,11,1:21.645,231.269,1
24797,1039,154,210,8,15,12,12,12,0,59,+42.036,8417096,59,13,1:22.263,229.532,1
24798,1039,840,211,18,6,\N,R,13,0,42,\N,\N,42,12,1:22.068,230.077,29
24799,1039,839,4,31,10,\N,R,14,0,7,\N,\N,6,15,2:11.793,143.27,23
24800,1039,849,3,6,19,\N,R,15,0,6,\N,\N,6,14,2:11.365,143.736,4
24801,1039,825,210,20,20,\N,R,16,0,5,\N,\N,4,17,2:13.812,141.108,4
24802,1039,841,51,99,17,\N,R,17,0,5,\N,\N,4,16,2:13.809,141.111,4
24803,1039,832,1,55,9,\N,R,18,0,5,\N,\N,5,18,2:14.103,140.802,4
24804,1039,830,9,33,3,\N,R,19,0,0,\N,\N,\N,0,\N,\N,4
24805,1039,842,213,10,16,\N,R,20,0,0,\N,\N,\N,0,\N,\N,4
24806,1040,822,131,77,3,1,1,1,26,53,1:34:00.364,5640364,51,1,1:37.030,216.972,1
24807,1040,830,9,33,2,2,2,2,18,53,+7.729,5648093,53,3,1:37.332,216.298,1
24808,1040,1,131,44,1,3,3,3,15,53,+22.729,5663093,48,7,1:38.075,214.66,1
24809,1040,815,211,11,4,4,4,4,12,53,+30.558,5670922,52,8,1:38.141,214.515,1
24810,1040,817,4,3,5,5,5,5,10,53,+52.065,5692429,53,6,1:37.886,215.074,1
24811,1040,844,6,16,10,6,6,6,8,53,+62.186,5702550,47,11,1:39.053,212.54,1
24812,1040,839,4,31,7,7,7,7,6,53,+68.006,5708370,48,13,1:39.216,212.191,1
24813,1040,826,213,26,11,8,8,8,4,53,+68.740,5709104,48,12,1:39.133,212.369,1
24814,1040,842,213,10,9,9,9,9,2,53,+89.766,5730130,50,2,1:37.231,216.523,1
24815,1040,848,9,23,15,10,10,10,1,53,+97.860,5738224,51,9,1:38.377,214.001,1
24816,1040,841,51,99,17,11,11,11,0,52,\N,\N,44,16,1:39.766,211.021,11
24817,1040,825,210,20,18,12,12,12,0,52,\N,\N,52,17,1:40.380,209.731,11
24818,1040,20,6,5,14,13,13,13,0,52,\N,\N,46,14,1:39.588,211.398,11
24819,1040,8,51,7,19,14,14,14,0,52,\N,\N,37,10,1:38.858,212.96,11
24820,1040,846,1,4,8,15,15,15,0,52,\N,\N,50,5,1:37.377,216.198,11
24821,1040,849,3,6,20,16,16,16,0,52,\N,\N,47,18,1:41.044,208.352,11
24822,1040,154,210,8,16,17,17,17,0,52,\N,\N,44,15,1:39.614,211.343,11
24823,1040,847,3,63,13,18,18,18,0,52,\N,\N,52,4,1:37.352,216.254,11
24824,1040,832,1,55,6,\N,R,19,0,0,\N,\N,\N,0,\N,\N,3
24825,1040,840,211,18,12,\N,R,20,0,0,\N,\N,\N,0,\N,\N,4
24826,1041,1,131,44,2,1,1,1,25,60,1:35:49.641,5749641,58,2,1:28.145,210.253,1
24827,1041,830,9,33,3,2,2,2,19,60,+4.470,5754111,60,1,1:28.139,210.267,1
24828,1041,817,4,3,6,3,3,3,15,60,+14.613,5764254,53,3,1:29.584,206.876,1
24829,1041,815,211,11,9,4,4,4,12,60,+16.070,5765711,58,4,1:29.700,206.608,1
24830,1041,832,1,55,10,5,5,5,10,60,+21.905,5771546,53,6,1:30.129,205.625,1
24831,1041,842,213,10,12,6,6,6,8,60,+22.766,5772407,53,5,1:30.110,205.668,1
24832,1041,844,6,16,4,7,7,7,6,60,+30.814,5780455,54,10,1:30.712,204.303,1
24833,1041,807,211,27,20,8,8,8,4,60,+32.596,5782237,58,11,1:30.733,204.256,1
24834,1041,154,210,8,16,9,9,9,2,60,+39.081,5788722,54,14,1:31.562,202.407,1
24835,1041,841,51,99,14,10,10,10,1,60,+40.035,5789676,38,12,1:30.909,203.861,1
24836,1041,20,6,5,11,11,11,11,0,60,+40.810,5790451,43,7,1:30.408,204.99,1
24837,1041,8,51,7,19,12,12,12,0,60,+41.476,5791117,54,9,1:30.512,204.755,1
24838,1041,825,210,20,15,13,13,13,0,60,+49.585,5799226,37,8,1:30.456,204.881,1
24839,1041,849,3,6,18,14,14,14,0,60,+54.449,5804090,39,13,1:31.377,202.816,1
24840,1041,826,213,26,13,15,15,15,0,60,+55.588,5805229,41,16,1:32.214,200.975,1
24841,1041,846,1,4,8,\N,R,16,0,42,\N,\N,40,17,1:32.328,200.727,131
24842,1041,848,9,23,5,\N,R,17,0,23,\N,\N,9,18,1:32.330,200.723,21
24843,1041,839,4,31,7,\N,R,18,0,22,\N,\N,21,19,1:33.189,198.873,6
24844,1041,822,131,77,1,\N,R,19,0,18,\N,\N,8,15,1:31.884,201.697,131
24845,1041,847,3,63,17,\N,R,20,0,12,\N,\N,6,20,1:34.526,196.06,4
24846,1042,1,131,44,1,1,1,1,26,66,1:29:56.828,5396828,63,1,1:18.750,212.708,1
24847,1042,822,131,77,2,2,2,2,18,66,+25.592,5422420,66,2,1:19.345,211.113,1
24848,1042,830,9,33,3,3,3,3,15,66,+34.508,5431336,62,4,1:19.854,209.767,1
24849,1042,844,6,16,4,4,4,4,12,66,+65.312,5462140,66,7,1:20.408,208.322,1
24850,1042,842,213,10,9,5,5,5,10,65,\N,\N,65,9,1:20.551,207.952,11
24851,1042,832,1,55,7,6,6,6,8,65,\N,\N,65,6,1:20.268,208.685,11
24852,1042,815,211,11,5,7,7,7,6,65,\N,\N,49,11,1:20.802,207.306,11
24853,1042,839,4,31,11,8,8,8,4,65,\N,\N,61,12,1:20.859,207.16,11
24854,1042,817,4,3,10,9,9,9,2,65,\N,\N,61,14,1:20.906,207.04,11
24855,1042,20,6,5,15,10,10,10,1,65,\N,\N,62,10,1:20.731,207.489,11
24856,1042,8,51,7,16,11,11,11,0,65,\N,\N,60,15,1:21.058,206.652,11
24857,1042,848,9,23,6,12,12,12,0,65,\N,\N,61,5,1:19.890,209.673,11
24858,1042,846,1,4,8,13,13,13,0,65,\N,\N,65,3,1:19.360,211.073,11
24859,1042,847,3,63,14,14,14,14,0,65,\N,\N,62,13,1:20.882,207.101,11
24860,1042,841,51,99,17,15,15,15,0,65,\N,\N,46,20,1:21.893,204.544,11
24861,1042,825,210,20,19,16,16,16,0,65,\N,\N,63,16,1:21.460,205.632,11
24862,1042,154,210,8,18,17,17,17,0,65,\N,\N,59,17,1:21.664,205.118,11
24863,1042,849,3,6,20,18,18,18,0,64,\N,\N,53,19,1:21.859,204.629,12
24864,1042,826,213,26,13,19,19,19,0,64,\N,\N,59,8,1:20.449,208.216,12
24865,1042,840,211,18,12,\N,R,20,0,51,\N,\N,45,18,1:21.694,205.043,130
24866,1043,1,131,44,2,1,1,1,26,63,1:28:32.430,5312430,63,1,1:15.484,234.121,1
24867,1043,822,131,77,1,2,2,2,18,63,+5.783,5318213,63,2,1:15.902,232.831,1
24868,1043,817,4,3,5,3,3,3,15,63,+14.320,5326750,62,4,1:17.552,227.878,1
24869,1043,826,213,26,8,4,4,4,12,63,+15.141,5327571,62,6,1:17.666,227.543,1
24870,1043,844,6,16,7,5,5,5,10,63,+19.111,5331541,62,12,1:18.173,226.067,1
24871,1043,815,211,11,11,6,6,6,8,63,+19.652,5332082,49,9,1:18.084,226.325,1
24872,1043,832,1,55,10,7,7,7,6,63,+20.230,5332660,62,11,1:18.118,226.226,1
24873,1043,846,1,4,9,8,8,8,4,63,+21.131,5333561,63,8,1:18.069,226.368,1
24874,1043,8,51,7,18,9,9,9,2,63,+22.224,5334654,63,10,1:18.088,226.313,1
24875,1043,841,51,99,20,10,10,10,1,63,+26.398,5338828,61,15,1:18.794,224.286,1
24876,1043,849,3,6,19,11,11,11,0,63,+27.135,5339565,37,14,1:18.719,224.499,1
24877,1043,20,6,5,14,12,12,12,0,63,+28.453,5340883,44,7,1:17.767,227.248,1
24878,1043,840,211,18,15,13,13,13,0,63,+29.163,5341593,46,13,1:18.360,225.528,1
24879,1043,154,210,8,16,14,14,14,0,63,+32.935,5345365,45,17,1:18.822,224.206,1
24880,1043,848,9,23,6,15,15,15,0,63,+57.284,5369714,63,3,1:16.177,231.991,1
24881,1043,847,3,63,13,\N,R,16,0,51,\N,\N,43,16,1:18.811,224.237,3
24882,1043,830,9,33,3,\N,R,17,0,50,\N,\N,44,5,1:17.637,227.628,29
24883,1043,825,210,20,17,\N,R,18,0,47,\N,\N,45,18,1:19.273,222.93,139
24884,1043,839,4,31,12,\N,R,19,0,27,\N,\N,22,19,1:19.606,221.998,6
24885,1043,842,213,10,4,\N,R,20,0,8,\N,\N,5,20,1:20.403,219.797,34
24886,1044,1,131,44,6,1,1,1,25,58,1:42:19.313,6139313,56,6,1:39.413,193.302,1
24887,1044,815,211,11,3,2,2,2,18,58,+31.633,6170946,50,12,1:40.392,191.417,1
24888,1044,20,6,5,11,3,3,3,15,58,+31.960,6171273,53,8,1:39.662,192.819,1
24889,1044,844,6,16,12,4,4,4,12,58,+33.858,6173171,47,11,1:39.961,192.242,1
24890,1044,832,1,55,15,5,5,5,10,58,+34.363,6173676,56,4,1:38.754,194.592,1
24891,1044,830,9,33,2,6,6,6,8,58,+44.873,6184186,53,3,1:38.431,195.231,1
24892,1044,848,9,23,4,7,7,7,6,58,+46.484,6185797,54,5,1:39.099,193.915,1
24893,1044,846,1,4,14,8,8,8,5,58,+61.259,6200572,58,1,1:36.806,198.508,1
24894,1044,840,211,18,1,9,9,9,2,58,+72.353,6211666,55,10,1:39.921,192.319,1
24895,1044,817,4,3,5,10,10,10,1,58,+95.460,6234773,54,13,1:40.677,190.875,1
24896,1044,839,4,31,7,11,11,11,0,57,\N,\N,55,16,1:41.006,190.254,11
24897,1044,826,213,26,16,12,12,12,0,57,\N,\N,53,17,1:41.019,190.229,11
24898,1044,842,213,10,19,13,13,13,0,57,\N,\N,53,7,1:39.586,192.966,11
24899,1044,822,131,77,9,14,14,14,0,57,\N,\N,57,2,1:38.193,195.704,11
24900,1044,8,51,7,8,15,15,15,0,57,\N,\N,57,9,1:39.743,192.663,11
24901,1044,847,3,63,0,16,16,16,0,57,\N,\N,51,14,1:40.814,190.616,11
24902,1044,825,210,20,13,17,17,17,0,55,\N,\N,45,15,1:40.948,190.363,54
24903,1044,154,210,8,17,\N,R,18,0,49,\N,\N,38,18,1:43.281,186.063,130
24904,1044,849,3,6,0,\N,R,19,0,39,\N,\N,32,19,1:43.495,185.678,130
24905,1044,841,51,99,10,\N,R,20,0,11,\N,\N,11,20,1:51.122,172.934,6
24906,1045,1,131,44,1,1,1,1,25,57,1:59:47.515,7187515,38,3,1:32.864,209.803,1
24907,1045,830,9,33,3,2,2,2,19,57,+1.254,7188769,48,1,1:32.014,211.741,1
24908,1045,848,9,23,4,3,3,3,15,57,+8.005,7195520,41,10,1:33.684,207.967,1
24909,1045,846,1,4,9,4,4,4,12,57,+11.337,7198852,53,7,1:33.588,208.18,1
24910,1045,832,1,55,15,5,5,5,10,57,+11.787,7199302,46,5,1:33.411,208.575,1
24911,1045,842,213,10,8,6,6,6,8,57,+11.942,7199457,48,16,1:34.817,205.482,1
24912,1045,817,4,3,6,7,7,7,6,57,+19.368,7206883,38,2,1:32.827,209.887,1
24913,1045,822,131,77,2,8,8,8,4,57,+19.680,7207195,28,4,1:33.352,208.706,1
24914,1045,839,4,31,7,9,9,9,2,57,+22.803,7210318,37,13,1:34.354,206.49,1
24915,1045,844,6,16,12,10,10,10,1,56,\N,\N,44,8,1:33.625,208.098,11
24916,1045,826,213,26,10,11,11,11,0,56,\N,\N,35,12,1:34.141,206.957,11
24917,1045,847,3,63,14,12,12,12,0,56,\N,\N,47,17,1:35.042,204.995,11
24918,1045,20,6,5,11,13,13,13,0,56,\N,\N,41,11,1:33.861,207.575,11
24919,1045,849,3,6,20,14,14,14,0,56,\N,\N,39,15,1:34.591,205.973,11
24920,1045,8,51,7,17,15,15,15,0,56,\N,\N,43,6,1:33.573,208.213,11
24921,1045,841,51,99,16,16,16,16,0,56,\N,\N,22,14,1:34.536,206.092,11
24922,1045,825,210,20,18,17,17,17,0,56,\N,\N,29,18,1:35.241,204.567,11
24923,1045,815,211,11,5,18,18,18,0,53,\N,\N,40,9,1:33.629,208.089,5
24924,1045,840,211,18,13,\N,R,19,0,2,\N,\N,\N,0,\N,\N,4
24925,1045,154,210,8,19,\N,R,20,0,0,\N,\N,\N,0,\N,\N,4
24926,1046,815,211,11,5,1,1,1,25,87,1:31:15.114,5475114,69,3,0:56.789,224.599,1
24927,1046,839,4,31,11,2,2,2,18,87,+10.518,5485632,75,12,0:57.350,222.402,1
24928,1046,840,211,18,10,3,3,3,15,87,+11.869,5486983,85,14,0:57.388,222.255,1
24929,1046,832,1,55,8,4,4,4,12,87,+12.580,5487694,80,9,0:57.165,223.122,1
24930,1046,817,4,3,7,5,5,5,10,87,+13.330,5488444,57,6,0:56.979,223.85,1
24931,1046,848,9,23,12,6,6,6,8,87,+13.842,5488956,52,8,0:57.056,223.548,1
24932,1046,826,213,26,6,7,7,7,6,87,+14.534,5489648,80,7,0:57.001,223.764,1
24933,1046,822,131,77,1,8,8,8,4,87,+15.389,5490503,60,2,0:56.563,225.497,1
24934,1046,847,131,63,2,9,9,9,3,87,+18.556,5493670,80,1,0:55.404,230.214,1
24935,1046,846,1,4,19,10,10,10,1,87,+19.541,5494655,85,11,0:57.270,222.713,1
24936,1046,842,213,10,9,11,11,11,0,87,+20.527,5495641,53,10,0:57.220,222.908,1
24937,1046,20,6,5,13,12,12,12,0,87,+22.611,5497725,56,5,0:56.905,224.141,1
24938,1046,841,51,99,14,13,13,13,0,87,+24.111,5499225,56,4,0:56.887,224.212,1
24939,1046,8,51,7,18,14,14,14,0,87,+26.153,5501267,56,13,0:57.375,222.305,1
24940,1046,825,210,20,15,15,15,15,0,87,+32.370,5507484,57,16,0:57.516,221.76,1
24941,1046,851,3,89,17,16,16,16,0,87,+33.674,5508788,56,15,0:57.392,222.24,1
24942,1046,850,210,51,20,17,17,17,0,87,+36.858,5511972,56,17,0:57.742,220.892,1
24943,1046,849,3,6,16,\N,R,18,0,52,\N,\N,29,18,0:58.206,219.132,5
24944,1046,830,9,33,3,\N,R,19,0,0,\N,\N,\N,0,\N,\N,3
24945,1046,844,6,16,4,\N,R,20,0,0,\N,\N,\N,0,\N,\N,4
24946,1047,830,9,33,1,1,1,1,25,55,1:36:28.645,5788645,14,2,1:40.958,198.046,1
24947,1047,822,131,77,2,2,2,2,18,55,+15.976,5804621,40,3,1:41.131,197.707,1
24948,1047,1,131,44,3,3,3,3,15,55,+18.415,5807060,37,5,1:41.420,197.144,1
24949,1047,848,9,23,5,4,4,4,12,55,+19.987,5808632,42,4,1:41.227,197.52,1
24950,1047,846,1,4,4,5,5,5,10,55,+60.729,5849374,53,12,1:41.964,196.092,1
24951,1047,832,1,55,6,6,6,6,8,55,+65.662,5854307,48,11,1:41.947,196.125,1
24952,1047,817,4,3,11,7,7,7,7,55,+73.748,5862393,55,1,1:40.926,198.109,1
24953,1047,842,213,10,9,8,8,8,4,55,+89.718,5878363,53,15,1:42.474,195.116,1
24954,1047,839,4,31,10,9,9,9,2,55,+101.069,5889714,47,18,1:42.894,194.32,1
24955,1047,840,211,18,8,10,10,10,1,55,+102.738,5891383,41,9,1:41.866,196.281,1
24956,1047,826,213,26,7,11,11,11,0,54,\N,\N,47,17,1:42.704,194.679,11
24957,1047,8,51,7,15,12,12,12,0,54,\N,\N,53,14,1:42.148,195.739,11
24958,1047,844,6,16,12,13,13,13,0,54,\N,\N,24,10,1:41.908,196.2,11
24959,1047,20,6,5,13,14,14,14,0,54,\N,\N,37,6,1:41.475,197.037,11
24960,1047,847,3,63,16,15,15,15,0,54,\N,\N,54,20,1:43.328,193.504,11
24961,1047,841,51,99,14,16,16,16,0,54,\N,\N,29,7,1:41.675,196.65,11
24962,1047,849,3,6,18,17,17,17,0,54,\N,\N,49,16,1:42.497,195.073,11
24963,1047,825,210,20,20,18,18,18,0,54,\N,\N,50,13,1:41.999,196.025,11
24964,1047,850,210,51,17,19,19,19,0,53,\N,\N,50,8,1:41.707,196.588,12
24965,1047,815,211,11,19,\N,R,20,0,8,\N,\N,6,19,1:43.263,193.625,7
24966,1052,1,131,44,2,1,1,1,25,56,1:32:03.897,5523897,44,4,1:34.015,207.235,1
24967,1052,830,9,33,1,2,2,2,18,56,+0.745,5524642,41,2,1:33.228,208.984,1
24968,1052,822,131,77,3,3,3,3,16,56,+37.383,5561280,56,1,1:32.090,211.566,1
24969,1052,846,1,4,7,4,4,4,12,56,+46.466,5570363,38,6,1:34.396,206.398,1
24970,1052,815,9,11,0,5,5,5,10,56,+52.047,5575944,44,3,1:33.970,207.334,1
24971,1052,844,6,16,4,6,6,6,8,56,+59.090,5582987,39,11,1:34.988,205.112,1
24972,1052,817,1,3,6,7,7,7,6,56,+66.004,5589901,36,10,1:34.932,205.233,1
24973,1052,832,6,55,8,8,8,8,4,56,+67.100,5590997,48,7,1:34.509,206.151,1
24974,1052,852,213,22,13,9,9,9,2,56,+85.692,5609589,38,8,1:34.761,205.603,1
24975,1052,840,117,18,10,10,10,10,1,56,+86.713,5610610,31,9,1:34.865,205.378,1
24976,1052,8,51,7,14,11,11,11,0,56,+88.864,5612761,45,14,1:35.192,204.672,1
24977,1052,841,51,99,12,12,12,12,0,55,\N,\N,32,13,1:35.122,204.823,11
24978,1052,839,214,31,16,13,13,13,0,55,\N,\N,33,15,1:35.250,204.548,11
24979,1052,847,3,63,15,14,14,14,0,55,\N,\N,40,12,1:35.036,205.008,11
24980,1052,20,117,5,20,15,15,15,0,55,\N,\N,26,16,1:35.566,203.871,11
24981,1052,854,210,47,18,16,16,16,0,55,\N,\N,38,18,1:36.134,202.667,11
24982,1052,842,213,10,5,17,17,17,0,52,\N,\N,48,5,1:34.090,207.069,31
24983,1052,849,3,6,17,18,18,18,0,51,\N,\N,16,19,1:36.602,201.685,31
24984,1052,4,214,14,9,\N,R,19,0,32,\N,\N,31,17,1:36.063,202.816,23
24985,1052,853,210,9,19,\N,R,20,0,0,\N,\N,\N,0,\N,\N,3
24986,1053,830,9,33,3,1,1,1,25,63,2:02:34.598,7354598,60,2,1:17.524,227.96,1
24987,1053,1,131,44,1,2,2,2,19,63,+22.000,7376598,60,1,1:16.702,230.403,1
24988,1053,846,1,4,7,3,3,3,15,63,+23.702,7378300,63,3,1:18.259,225.819,1
24989,1053,844,6,16,4,4,4,4,12,63,+25.579,7380177,60,6,1:18.379,225.473,1
24990,1053,832,6,55,11,5,5,5,10,63,+27.036,7381634,60,7,1:18.490,225.154,1
24991,1053,817,1,3,6,6,6,6,8,63,+51.220,7405818,54,12,1:19.341,222.739,1
24992,1053,842,213,10,5,7,7,7,6,63,+52.818,7407416,52,9,1:18.994,223.718,1
24993,1053,840,117,18,10,8,8,8,4,63,+56.909,7411507,59,8,1:18.782,224.32,1
24994,1053,839,214,31,9,9,9,9,2,63,+65.704,7420302,62,15,1:19.422,222.512,1
24995,1053,4,214,14,15,10,10,10,1,63,+66.561,7421159,62,14,1:19.417,222.526,1
24996,1053,815,9,11,2,11,11,11,0,63,+67.151,7421749,62,13,1:19.396,222.585,1
24997,1053,852,213,22,20,12,12,12,0,63,+73.184,7427782,49,4,1:18.334,225.603,1
24998,1053,8,51,7,16,13,13,13,0,63,+94.773,7449371,62,5,1:18.353,225.548,1
24999,1053,841,51,99,17,14,14,14,0,62,\N,\N,57,16,1:19.470,222.378,11
25000,1053,20,117,5,0,15,15,15,0,61,\N,\N,59,10,1:19.074,223.491,6
25001,1053,854,210,47,18,16,16,16,0,61,\N,\N,58,11,1:19.193,223.156,12
25002,1053,853,210,9,19,17,17,17,0,61,\N,\N,55,17,1:20.402,219.8,12
25003,1053,822,131,77,8,\N,R,18,0,30,\N,\N,30,19,1:28.485,199.721,4
25004,1053,847,3,63,12,\N,R,19,0,30,\N,\N,28,18,1:26.543,204.203,4
25005,1053,849,3,6,14,\N,R,20,0,0,\N,\N,\N,0,\N,\N,4
25006,1054,1,131,44,2,1,1,1,25,66,1:34:31.421,5671421,47,4,1:20.933,206.971,1
25007,1054,830,9,33,3,2,2,2,18,66,+29.148,5700569,62,3,1:20.695,207.581,1
25008,1054,822,131,77,1,3,3,3,16,66,+33.530,5704951,65,1,1:19.865,209.738,1
25009,1054,815,9,11,4,4,4,4,12,66,+39.735,5711156,55,2,1:20.643,207.715,1
25010,1054,846,1,4,7,5,5,5,10,66,+51.369,5722790,55,7,1:21.696,205.038,1
25011,1054,844,6,16,8,6,6,6,8,66,+55.781,5727202,63,6,1:21.496,205.541,1
25012,1054,839,214,31,6,7,7,7,6,66,+63.749,5735170,34,8,1:21.886,204.562,1
25013,1054,4,214,14,13,8,8,8,4,66,+64.808,5736229,66,5,1:21.032,206.718,1
25014,1054,817,1,3,16,9,9,9,2,66,+75.369,5746790,64,10,1:21.987,204.31,1
25015,1054,842,213,10,9,10,10,10,1,66,+76.463,5747884,65,11,1:22.014,204.243,1
25016,1054,832,6,55,5,11,11,11,0,66,+78.955,5750376,60,14,1:22.325,203.471,1
25017,1054,841,51,99,12,12,12,12,0,65,\N,\N,60,13,1:22.167,203.862,11
25018,1054,20,117,5,10,13,13,13,0,65,\N,\N,60,15,1:22.416,203.246,11
25019,1054,840,117,18,17,14,14,14,0,65,\N,\N,59,9,1:21.970,204.352,11
25020,1054,852,213,22,14,15,15,15,0,65,\N,\N,61,12,1:22.058,204.133,11
25021,1054,847,3,63,11,16,16,16,0,65,\N,\N,60,16,1:22.654,202.661,11
25022,1054,854,210,47,19,17,17,17,0,64,\N,\N,61,17,1:22.755,202.414,12
25023,1054,849,3,6,18,18,18,18,0,64,\N,\N,60,18,1:23.155,201.44,12
25024,1054,853,210,9,20,19,19,19,0,64,\N,\N,64,19,1:23.641,200.27,12
25025,1054,8,51,7,15,\N,R,20,0,1,\N,\N,\N,0,\N,\N,130
25026,1055,1,131,44,1,1,1,1,25,66,1:33:07.680,5587680,54,5,1:20.665,208.64,1
25027,1055,830,9,33,2,2,2,2,19,66,+15.841,5603521,62,1,1:18.149,215.357,1
25028,1055,822,131,77,3,3,3,3,15,66,+26.610,5614290,65,2,1:19.430,211.884,1
25029,1055,844,6,16,4,4,4,4,12,66,+54.616,5642296,64,4,1:20.459,209.174,1
25030,1055,815,9,11,8,5,5,5,10,66,+63.671,5651351,60,3,1:19.483,211.743,1
25031,1055,817,1,3,7,6,6,6,8,66,+73.768,5661448,60,10,1:21.853,205.612,1
25032,1055,832,6,55,6,7,7,7,6,66,+74.670,5662350,53,9,1:21.568,206.33,1
25033,1055,846,1,4,9,8,8,8,4,65,\N,\N,56,7,1:21.279,207.064,11
25034,1055,839,214,31,5,9,9,9,2,65,\N,\N,46,18,1:23.311,202.014,11
25035,1055,842,213,10,12,10,10,10,1,65,\N,\N,64,8,1:21.375,206.82,11
25036,1055,840,117,18,11,11,11,11,0,65,\N,\N,47,11,1:22.607,203.735,11
25037,1055,8,51,7,17,12,12,12,0,65,\N,\N,54,15,1:22.868,203.094,11
25038,1055,20,117,5,13,13,13,13,0,65,\N,\N,56,14,1:22.820,203.211,11
25039,1055,847,3,63,15,14,14,14,0,65,\N,\N,30,17,1:23.208,202.264,11
25040,1055,841,51,99,14,15,15,15,0,65,\N,\N,42,13,1:22.802,203.255,11
25041,1055,849,3,6,19,16,16,16,0,65,\N,\N,57,16,1:22.905,203.003,11
25042,1055,4,214,14,10,17,17,17,0,65,\N,\N,63,6,1:21.182,207.311,11
25043,1055,854,210,47,18,18,18,18,0,64,\N,\N,54,12,1:22.637,203.661,12
25044,1055,853,210,9,20,19,19,19,0,64,\N,\N,45,19,1:24.040,200.261,12
25045,1055,852,213,22,16,\N,R,20,0,6,\N,\N,5,20,1:24.825,198.408,10
25047,1056,832,6,55,4,2,2,2,18,78,+8.968,5945788,35,5,1:14.621,160.989,1
25046,1056,830,9,33,2,1,1,1,25,78,1:38:56.820,5936820,58,6,1:14.649,160.929,1
25048,1056,846,1,4,5,3,3,3,15,78,+19.427,5956247,76,7,1:14.670,160.883,1
25049,1056,815,9,11,9,4,4,4,12,78,+20.490,5957310,32,3,1:14.552,161.138,1
25050,1056,20,117,5,8,5,5,5,10,78,+52.591,5989411,33,11,1:15.316,159.503,1
25051,1056,842,213,10,6,6,6,6,8,78,+53.896,5990716,71,14,1:15.412,159.3,1
25052,1056,1,131,44,7,7,7,7,7,78,+68.231,6005051,69,1,1:12.909,164.769,1
25053,1056,840,117,18,13,8,8,8,4,77,\N,\N,74,8,1:14.674,160.875,11
25054,1056,839,214,31,11,9,9,9,2,77,\N,\N,41,12,1:15.316,159.503,11
25055,1056,841,51,99,10,10,10,10,1,77,\N,\N,41,13,1:15.331,159.472,11
25056,1056,8,51,7,14,11,11,11,0,77,\N,\N,55,9,1:14.971,160.237,11
25057,1056,817,1,3,12,12,12,12,0,77,\N,\N,43,4,1:14.578,161.082,11
25058,1056,4,214,14,17,13,13,13,0,77,\N,\N,70,10,1:15.026,160.12,11
25059,1056,847,3,63,15,14,14,14,0,77,\N,\N,59,15,1:15.539,159.033,11
25060,1056,849,3,6,18,15,15,15,0,77,\N,\N,66,16,1:15.573,158.961,11
25061,1056,852,213,22,16,16,16,16,0,77,\N,\N,66,2,1:14.037,162.259,11
25062,1056,853,210,9,19,17,17,17,0,75,\N,\N,64,19,1:16.866,156.287,13
25063,1056,854,210,47,20,18,18,18,0,75,\N,\N,51,18,1:16.425,157.189,13
25064,1056,822,131,77,3,\N,R,19,0,29,\N,\N,18,17,1:15.706,158.682,61
25065,1056,844,6,16,1,\N,W,20,0,0,\N,\N,\N,0,\N,\N,30
25066,1057,815,9,11,6,1,1,1,25,51,2:13:36.410,8016410,45,2,1:44.687,206.432,1
25067,1057,20,117,5,11,2,2,2,18,51,+1.385,8017795,41,4,1:44.890,206.032,1
25068,1057,842,213,10,4,3,3,3,15,51,+2.762,8019172,44,6,1:45.220,205.386,1
25069,1057,844,6,16,1,4,4,4,12,51,+3.828,8020238,46,8,1:45.382,205.071,1
25070,1057,846,1,4,9,5,5,5,10,51,+4.754,8021164,41,7,1:45.326,205.18,1
25071,1057,4,214,14,8,6,6,6,8,51,+6.382,8022792,42,11,1:45.624,204.601,1
25072,1057,852,213,22,7,7,7,7,6,51,+6.624,8023034,46,5,1:44.939,205.936,1
25073,1057,832,6,55,5,8,8,8,4,51,+7.709,8024119,42,13,1:45.700,204.454,1
25074,1057,817,1,3,13,9,9,9,2,51,+8.874,8025284,43,14,1:45.713,204.428,1
25075,1057,8,51,7,14,10,10,10,1,51,+9.576,8025986,43,10,1:45.601,204.645,1
25076,1057,841,51,99,20,11,11,11,0,51,+10.254,8026664,44,9,1:45.575,204.696,1
25077,1057,822,131,77,10,12,12,12,0,51,+11.264,8027674,43,12,1:45.665,204.521,1
25078,1057,854,210,47,17,13,13,13,0,51,+14.241,8030651,41,18,1:47.624,200.799,1
25079,1057,853,210,9,18,14,14,14,0,51,+14.315,8030725,40,19,1:47.747,200.569,1
25080,1057,1,131,44,2,15,15,15,0,51,+17.668,8034078,43,3,1:44.769,206.27,1
25081,1057,849,3,6,16,16,16,16,0,51,+42.379,8058789,42,17,1:46.608,202.712,1
25082,1057,847,3,63,15,\N,R,17,0,48,\N,\N,43,15,1:45.959,203.954,6
25083,1057,830,9,33,3,\N,R,18,0,45,\N,\N,44,1,1:44.481,206.839,3
25084,1057,840,117,18,19,\N,R,19,0,29,\N,\N,28,16,1:46.207,203.478,3
25085,1057,839,214,31,12,\N,R,20,0,3,\N,\N,2,20,1:50.850,194.955,101
25086,1059,830,9,33,1,1,1,1,26,53,1:27:25.770,5245770,35,1,1:36.404,218.156,1
25087,1059,1,131,44,2,2,2,2,18,53,+2.904,5248674,44,5,1:37.410,215.903,1
25088,1059,815,9,11,4,3,3,3,15,53,+8.811,5254581,53,2,1:36.693,217.504,1
25089,1059,822,131,77,3,4,4,4,12,53,+14.618,5260388,19,3,1:36.960,216.905,1
25090,1059,846,1,4,8,5,5,5,10,53,+64.032,5309802,52,6,1:37.425,215.87,1
25091,1059,817,1,3,10,6,6,6,8,53,+75.857,5321627,45,14,1:38.324,213.896,1
25092,1059,842,213,10,6,7,7,7,6,53,+76.596,5322366,44,11,1:38.103,214.378,1
25093,1059,4,214,14,9,8,8,8,4,53,+77.695,5323465,44,7,1:37.646,215.382,1
25094,1059,20,117,5,12,9,9,9,2,53,+79.666,5325436,52,4,1:37.138,216.508,1
25095,1059,840,117,18,19,10,10,10,1,53,+91.946,5337716,44,9,1:37.828,214.981,1
25096,1059,832,6,55,5,11,11,11,0,53,+99.337,5345107,19,18,1:38.931,212.584,1
25097,1059,847,3,63,14,12,12,12,0,52,\N,\N,52,13,1:38.314,213.918,11
25098,1059,852,213,22,0,13,13,13,0,52,\N,\N,18,19,1:38.980,212.479,11
25099,1059,839,214,31,11,14,14,14,0,52,\N,\N,33,15,1:38.645,213.2,11
25100,1059,841,51,99,13,15,15,15,0,52,\N,\N,36,16,1:38.702,213.077,11
25101,1059,844,6,16,7,16,16,16,0,52,\N,\N,43,8,1:37.681,215.304,11
25102,1059,8,51,7,17,17,17,17,0,52,\N,\N,46,10,1:37.992,214.621,11
25103,1059,849,3,6,16,18,18,18,0,52,\N,\N,50,12,1:38.313,213.92,11
25104,1059,854,210,47,15,19,19,19,0,52,\N,\N,51,17,1:38.847,212.765,11
25105,1059,853,210,9,18,20,20,20,0,52,\N,\N,34,20,1:39.317,211.758,11
25106,1058,830,9,33,1,1,1,1,25,71,1:22:18.925,4938925,68,3,1:08.017,228.542,1
25107,1058,1,131,44,2,2,2,2,19,71,+35.743,4974668,71,1,1:07.058,231.811,1
25108,1058,822,131,77,5,3,3,3,15,71,+46.907,4985832,43,5,1:08.619,226.537,1
25109,1058,815,9,11,4,4,4,4,12,71,+47.434,4986359,57,2,1:07.894,228.956,1
25110,1058,846,1,4,3,5,5,5,10,70,\N,\N,65,7,1:08.903,225.604,11
25111,1058,832,6,55,12,6,6,6,8,70,\N,\N,64,4,1:08.609,226.57,11
25112,1058,844,6,16,7,7,7,7,6,70,\N,\N,64,6,1:08.738,226.145,11
25113,1058,840,117,18,9,8,8,8,4,70,\N,\N,32,14,1:09.787,222.746,11
25114,1058,4,214,14,8,9,9,9,2,70,\N,\N,61,13,1:09.749,222.867,11
25115,1058,852,213,22,11,10,10,10,1,70,\N,\N,41,11,1:09.650,223.184,11
25116,1058,8,51,7,18,11,11,11,0,70,\N,\N,57,8,1:09.128,224.869,11
25117,1058,20,117,5,14,12,12,12,0,70,\N,\N,64,15,1:09.821,222.637,11
25118,1058,817,1,3,13,13,13,13,0,70,\N,\N,45,9,1:09.305,224.295,11
25119,1058,839,214,31,17,14,14,14,0,70,\N,\N,70,10,1:09.576,223.421,11
25120,1058,841,51,99,15,15,15,15,0,70,\N,\N,39,12,1:09.723,222.95,11
25121,1058,854,210,47,19,16,16,16,0,69,\N,\N,57,16,1:10.005,222.052,12
25122,1058,849,3,6,16,17,17,17,0,68,\N,\N,34,17,1:10.104,221.739,13
25123,1058,853,210,9,20,18,18,18,0,68,\N,\N,39,19,1:10.951,219.092,13
25124,1058,847,3,63,10,\N,R,19,0,36,\N,\N,28,18,1:10.499,220.496,5
25125,1058,842,213,10,6,\N,R,20,0,1,\N,\N,\N,0,\N,\N,4
25126,1060,830,9,33,1,1,1,1,26,71,1:23:54.543,5034543,62,1,1:06.200,234.815,1
25127,1060,822,131,77,5,2,2,2,18,71,+17.973,5052516,52,6,1:08.374,227.349,1
25128,1060,846,1,4,2,3,3,3,15,71,+20.019,5054562,62,10,1:08.471,227.027,1
25129,1060,1,131,44,4,4,4,4,12,71,+46.452,5080995,55,3,1:08.126,228.177,1
25130,1060,832,6,55,10,5,5,5,10,71,+57.144,5091687,70,2,1:07.762,229.402,1
25131,1060,815,9,11,3,6,6,6,8,71,+57.915,5092458,55,5,1:08.192,227.956,1
25132,1060,817,1,3,13,7,7,7,6,71,+60.395,5094938,56,14,1:08.820,225.876,1
25133,1060,844,6,16,12,8,8,8,4,71,+61.195,5095738,55,13,1:08.698,226.277,1
25134,1060,842,213,10,6,9,9,9,2,71,+61.844,5096387,54,4,1:08.146,228.11,1
25135,1060,4,214,14,14,10,10,10,1,70,\N,\N,70,7,1:08.405,227.246,11
25136,1060,847,3,63,8,11,11,11,0,70,\N,\N,56,16,1:08.900,225.613,11
25137,1060,852,213,22,7,12,12,12,0,70,\N,\N,54,9,1:08.455,227.08,11
25138,1060,840,117,18,9,13,13,13,0,70,\N,\N,54,12,1:08.659,226.405,11
25139,1060,841,51,99,15,14,14,14,0,70,\N,\N,55,17,1:09.042,225.149,11
25140,1060,8,51,7,16,15,15,15,0,70,\N,\N,69,15,1:08.874,225.699,11
25141,1060,849,3,6,18,16,16,16,0,70,\N,\N,62,11,1:08.520,226.865,11
25142,1060,20,117,5,11,17,17,17,0,69,\N,\N,51,8,1:08.420,227.196,4
25143,1060,854,210,47,19,18,18,18,0,69,\N,\N,56,18,1:09.394,224.007,12
25144,1060,853,210,9,20,19,19,19,0,69,\N,\N,49,19,1:09.757,222.842,12
25145,1060,839,214,31,17,\N,R,20,0,0,\N,\N,\N,0,\N,\N,4
25146,1061,1,131,44,2,1,1,1,25,52,1:58:23.284,7103284,45,2,1:29.699,236.43,1
25147,1061,844,6,16,4,2,2,2,18,52,+3.871,7107155,45,5,1:30.569,234.159,1
25148,1061,822,131,77,3,3,3,3,15,52,+11.125,7114409,45,4,1:30.524,234.275,1
25149,1061,846,1,4,5,4,4,4,12,52,+28.573,7131857,44,9,1:31.420,231.979,1
25150,1061,817,1,3,6,5,5,5,10,52,+42.624,7145908,51,8,1:31.284,232.325,1
25151,1061,832,6,55,10,6,6,6,8,52,+43.454,7146738,51,7,1:31.223,232.48,1
25152,1061,4,214,14,7,7,7,7,6,52,+72.093,7175377,48,10,1:31.698,231.276,1
25153,1061,840,117,18,14,8,8,8,4,52,+74.289,7177573,48,12,1:31.992,230.537,1
25154,1061,839,214,31,9,9,9,9,2,52,+76.162,7179446,48,14,1:32.210,229.992,1
25155,1061,852,213,22,16,10,10,10,1,52,+82.065,7185349,51,6,1:30.826,233.497,1
25156,1061,842,213,10,11,11,11,11,0,52,+85.327,7188611,52,3,1:30.266,234.945,1
25157,1061,847,3,63,12,12,12,12,0,51,\N,\N,49,13,1:32.049,230.394,11
25158,1061,841,51,99,15,13,13,13,0,51,\N,\N,49,15,1:32.346,229.653,11
25159,1061,849,3,6,17,14,14,14,0,51,\N,\N,51,16,1:32.477,229.328,11
25160,1061,8,51,7,13,15,15,15,0,51,\N,\N,48,11,1:31.895,230.78,11
25161,1061,815,9,11,0,16,16,16,0,51,\N,\N,50,1,1:28.617,239.317,11
25162,1061,853,210,9,19,17,17,17,0,51,\N,\N,51,18,1:32.909,228.262,11
25163,1061,854,210,47,18,18,18,18,0,51,\N,\N,50,17,1:32.862,228.377,11
25164,1061,20,117,5,8,\N,R,19,0,40,\N,\N,35,19,1:33.059,227.894,31
25165,1061,830,9,33,1,\N,R,20,0,0,\N,\N,\N,0,\N,\N,4
25166,1062,839,214,31,8,1,1,1,25,70,2:04:43.199,7483199,54,5,1:21.421,193.704,1
25167,1062,1,131,44,1,2,2,2,18,70,+2.736,7485935,49,2,1:18.715,200.363,1
25168,1062,832,6,55,15,3,3,3,15,70,+15.018,7498217,54,6,1:21.423,193.699,1
25169,1062,4,214,14,9,4,4,4,12,70,+15.651,7498850,41,3,1:20.359,196.264,1
25170,1062,842,213,10,5,5,5,5,11,70,+63.614,7546813,70,1,1:18.394,201.183,1
25171,1062,852,213,22,16,6,6,6,8,70,+75.803,7559002,43,10,1:22.450,191.286,1
25172,1062,849,3,6,18,7,7,7,6,70,+77.910,7561109,62,14,1:22.831,190.406,1
25173,1062,847,3,63,17,8,8,8,4,70,+79.094,7562293,62,9,1:22.112,192.074,1
25174,1062,830,9,33,3,9,9,9,2,70,+80.244,7563443,43,4,1:20.945,194.843,1
25175,1062,8,51,7,13,10,10,10,1,69,\N,\N,58,8,1:21.518,193.473,11
25176,1062,817,1,3,11,11,11,11,0,69,\N,\N,58,13,1:22.802,190.473,11
25177,1062,854,210,47,20,12,12,12,0,69,\N,\N,44,11,1:22.711,190.683,11
25178,1062,841,51,99,0,13,13,13,0,69,\N,\N,44,12,1:22.736,190.625,11
25179,1062,853,210,9,19,\N,R,14,0,3,\N,\N,\N,0,\N,\N,4
25180,1062,846,1,4,6,\N,R,15,0,2,\N,\N,\N,0,\N,\N,4
25181,1062,822,131,77,2,\N,R,16,0,0,\N,\N,\N,0,\N,\N,4
25182,1062,815,9,11,4,\N,R,17,0,0,\N,\N,\N,0,\N,\N,4
25183,1062,844,6,16,7,\N,R,18,0,0,\N,\N,\N,0,\N,\N,4
25184,1062,840,117,18,12,\N,R,19,0,0,\N,\N,\N,0,\N,\N,4
25185,1062,20,117,5,10,\N,D,20,0,70,+1.859,7485058,60,7,1:21.459,193.613,2
25186,1063,830,9,33,1,1,1,1,12.5,1,3:27.071,207071,\N,0,\N,\N,1
25187,1063,847,3,63,2,2,2,2,9,1,+1.995,209066,\N,0,\N,\N,1
25188,1063,1,131,44,3,3,3,3,7.5,1,+2.601,209672,\N,0,\N,\N,1
25189,1063,817,1,3,4,4,4,4,6,1,+4.496,211567,\N,0,\N,\N,1
25190,1063,20,117,5,5,5,5,5,5,1,+7.479,214550,\N,0,\N,\N,1
25191,1063,842,213,10,6,6,6,6,4,1,+10.177,217248,\N,0,\N,\N,1
25192,1063,839,214,31,8,7,7,7,3,1,+11.579,218650,\N,0,\N,\N,1
25193,1063,844,6,16,9,8,8,8,2,1,+12.608,219679,\N,0,\N,\N,1
25194,1063,849,3,6,10,9,9,9,1,1,+15.484,222555,\N,0,\N,\N,1
25195,1063,832,6,55,11,10,10,10,0.5,1,+16.166,223237,\N,0,\N,\N,1
25196,1063,4,214,14,12,11,11,11,0,1,+20.590,227661,\N,0,\N,\N,1
25197,1063,822,131,77,13,12,12,12,0,1,+22.414,229485,\N,0,\N,\N,1
25198,1063,841,51,99,14,13,13,13,0,1,+24.163,231234,\N,0,\N,\N,1
25199,1063,846,1,4,15,14,14,14,0,1,+27.109,234180,\N,0,\N,\N,1
25200,1063,852,213,22,16,15,15,15,0,1,+28.329,235400,\N,0,\N,\N,1
25201,1063,854,210,47,17,16,16,16,0,1,+29.507,236578,\N,0,\N,\N,1
25202,1063,853,210,9,18,17,17,17,0,1,+31.993,239064,\N,0,\N,\N,1
25203,1063,8,51,7,0,18,18,18,0,1,+36.054,243125,\N,0,\N,\N,1
25204,1063,815,9,11,0,19,19,19,0,1,+38.205,245276,\N,0,\N,\N,1
25205,1063,840,117,18,19,20,20,20,0,1,+44.108,251179,\N,0,\N,\N,1
25206,1064,830,9,33,1,1,1,1,25,72,1:30:05.395,5405395,60,3,1:13.275,209.244,1
25207,1064,1,131,44,2,2,2,2,19,72,+20.932,5426327,72,1,1:11.097,215.654,1
25208,1064,822,131,77,3,3,3,3,15,72,+56.460,5461855,69,2,1:12.549,211.338,1
25209,1064,842,213,10,4,4,4,4,12,71,\N,\N,57,10,1:14.818,204.929,11
25210,1064,844,6,16,5,5,5,5,10,71,\N,\N,58,9,1:14.780,205.033,11
25211,1064,4,214,14,9,6,6,6,8,71,\N,\N,60,7,1:14.323,206.294,11
25212,1064,832,6,55,6,7,7,7,6,71,\N,\N,45,13,1:15.260,203.725,11
25213,1064,815,9,11,0,8,8,8,4,71,\N,\N,59,4,1:13.461,208.714,11
25214,1064,839,214,31,8,9,9,9,2,71,\N,\N,54,8,1:14.675,205.321,11
25215,1064,846,1,4,13,10,10,10,1,71,\N,\N,48,6,1:14.236,206.535,11
25216,1064,817,1,3,10,11,11,11,0,71,\N,\N,59,11,1:14.920,204.65,11
25217,1064,840,117,18,12,12,12,12,0,70,\N,\N,57,15,1:15.611,202.78,12
25218,1064,20,117,5,15,13,13,13,0,70,\N,\N,63,5,1:13.958,207.312,12
25219,1064,841,51,99,7,14,14,14,0,70,\N,\N,66,12,1:15.125,204.091,12
25220,1064,9,51,88,16,15,15,15,0,70,\N,\N,44,14,1:15.442,203.234,12
25221,1064,849,3,6,0,16,16,16,0,70,\N,\N,25,18,1:15.790,202.301,12
25222,1064,847,3,63,11,17,17,17,0,69,\N,\N,57,16,1:15.628,202.734,6
25223,1064,854,210,47,17,18,18,18,0,69,\N,\N,36,19,1:15.927,201.936,13
25224,1064,852,213,22,14,\N,R,19,0,48,\N,\N,44,17,1:15.783,202.319,131
25225,1064,853,210,9,18,\N,R,20,0,41,\N,\N,35,20,1:16.066,201.567,9
25226,1065,817,1,3,2,1,1,1,26,53,1:21:54.365,4914365,53,1,1:24.812,245.894,1
25227,1065,846,1,4,3,2,2,2,18,53,+1.747,4916112,53,3,1:24.971,245.434,1
25228,1065,822,131,77,19,3,3,3,15,53,+4.921,4919286,34,2,1:24.827,245.85,1
25229,1065,844,6,16,5,4,4,4,12,53,+7.309,4921674,53,6,1:25.319,244.433,1
25230,1065,815,9,11,8,5,5,5,10,53,+8.723,4923088,53,4,1:25.156,244.901,1
25231,1065,832,6,55,6,6,6,6,8,53,+10.535,4924900,53,8,1:25.559,243.747,1
25232,1065,840,117,18,9,7,7,7,6,53,+15.804,4930169,52,13,1:25.853,242.912,1
25233,1065,4,214,14,10,8,8,8,4,53,+17.201,4931566,52,7,1:25.472,243.995,1
25234,1065,847,3,63,14,9,9,9,2,53,+19.742,4934107,53,11,1:25.835,242.963,1
25235,1065,839,214,31,12,10,10,10,1,53,+20.868,4935233,53,9,1:25.566,243.727,1
25236,1065,849,3,6,13,11,11,11,0,53,+23.743,4938108,50,16,1:25.953,242.63,1
25237,1065,20,117,5,11,12,12,12,0,53,+24.621,4938986,50,15,1:25.938,242.672,1
25238,1065,841,51,99,7,13,13,13,0,53,+27.216,4941581,50,10,1:25.718,243.295,1
25239,1065,9,51,88,17,14,14,14,0,53,+29.769,4944134,53,12,1:25.849,242.924,1
25240,1065,854,210,47,18,15,15,15,0,53,+51.088,4965453,52,17,1:26.707,240.52,1
25241,1065,853,210,9,16,\N,R,16,0,41,\N,\N,41,18,1:27.202,239.155,131
25242,1065,1,131,44,4,\N,R,17,0,25,\N,\N,3,14,1:25.870,242.864,4
25243,1065,830,9,33,1,\N,R,18,0,25,\N,\N,25,5,1:25.173,244.852,4
25244,1065,842,213,10,0,\N,R,19,0,3,\N,\N,2,19,1:29.005,234.31,22
25245,1065,852,213,22,0,\N,W,20,0,0,\N,\N,\N,0,\N,\N,23
25246,1066,1,131,44,4,1,1,1,25,53,1:30:41.001,5441001,43,2,1:37.575,215.76,1
25247,1066,830,9,33,20,2,2,2,18,53,+53.271,5494272,28,5,1:38.396,213.959,1
25248,1066,832,6,55,2,3,3,3,15,53,+62.475,5503476,40,12,1:39.294,212.024,1
25249,1066,817,1,3,5,4,4,4,12,53,+65.607,5506608,24,9,1:39.124,212.388,1
25250,1066,822,131,77,16,5,5,5,10,53,+67.533,5508534,31,3,1:38.216,214.352,1
25251,1066,4,214,14,6,6,6,6,8,53,+81.321,5522322,44,6,1:38.686,213.331,1
25252,1066,846,1,4,1,7,7,7,7,53,+87.224,5528225,39,1,1:37.423,216.096,1
25253,1066,8,51,7,13,8,8,8,4,53,+88.955,5529956,34,16,1:40.289,209.921,1
25254,1066,815,9,11,8,9,9,9,2,53,+90.076,5531077,45,10,1:39.215,212.193,1
25255,1066,847,3,63,3,10,10,10,1,53,+100.551,5541552,40,18,1:40.596,209.28,1
25256,1066,840,117,18,7,11,11,11,0,53,+116.198,5557199,35,17,1:40.464,209.555,1
25257,1066,20,117,5,10,12,12,12,0,52,\N,\N,44,11,1:39.251,212.116,11
25258,1066,842,213,10,11,13,13,13,0,52,\N,\N,35,4,1:38.279,214.214,11
25259,1066,839,214,31,9,14,14,14,0,52,\N,\N,34,19,1:40.598,209.276,11
25260,1066,844,6,16,19,15,15,15,0,52,\N,\N,45,7,1:38.994,212.667,11
25261,1066,841,51,99,17,16,16,16,0,52,\N,\N,39,8,1:39.058,212.53,11
25262,1066,852,213,22,12,17,17,17,0,52,\N,\N,42,13,1:39.960,210.612,11
25263,1066,853,210,9,15,18,18,18,0,51,\N,\N,24,20,1:41.713,206.982,12
25264,1066,849,3,6,18,19,19,19,0,47,\N,\N,42,14,1:40.000,210.528,3
25265,1066,854,210,47,14,\N,R,20,0,32,\N,\N,22,15,1:40.276,209.948,44
25266,1067,822,131,77,1,1,1,1,26,58,1:31:04.103,5464103,58,1,1:30.432,212.5,1
25267,1067,830,9,33,2,2,2,2,18,58,+14.584,5478687,53,9,1:32.759,207.169,1
25268,1067,815,9,11,6,3,3,3,15,58,+33.471,5497574,53,4,1:32.459,207.841,1
25269,1067,844,6,16,3,4,4,4,12,58,+37.814,5501917,57,8,1:32.737,207.218,1
25270,1067,1,131,44,11,5,5,5,10,58,+41.812,5505915,52,10,1:32.763,207.16,1
25271,1067,842,213,10,4,6,6,6,8,58,+44.292,5508395,50,11,1:32.814,207.046,1
25272,1067,846,1,4,7,7,7,7,6,58,+47.213,5511316,50,3,1:32.446,207.87,1
25273,1067,832,6,55,19,8,8,8,4,58,+51.526,5515629,49,2,1:31.921,209.057,1
25274,1067,840,117,18,8,9,9,9,2,58,+82.018,5546121,58,6,1:32.608,207.506,1
25275,1067,839,214,31,12,10,10,10,1,57,\N,\N,24,19,1:34.584,203.171,11
25276,1067,841,51,99,16,11,11,11,0,57,\N,\N,57,13,1:32.904,206.845,11
25277,1067,8,51,7,17,12,12,12,0,57,\N,\N,50,5,1:32.586,207.556,11
25278,1067,817,1,3,20,13,13,13,0,57,\N,\N,34,15,1:33.255,206.067,11
25279,1067,852,213,22,9,14,14,14,0,57,\N,\N,54,12,1:32.844,206.979,11
25280,1067,847,3,63,13,15,15,15,0,57,\N,\N,53,16,1:33.399,205.749,11
25281,1067,4,214,14,5,16,16,16,0,57,\N,\N,55,14,1:33.252,206.073,11
25282,1067,849,3,6,15,17,17,17,0,57,\N,\N,48,17,1:33.672,205.149,11
25283,1067,20,117,5,10,18,18,18,0,57,\N,\N,54,7,1:32.730,207.233,11
25284,1067,854,210,47,14,19,19,19,0,56,\N,\N,52,18,1:34.209,203.98,12
25285,1067,853,210,9,18,20,20,20,0,56,\N,\N,52,20,1:35.438,201.353,12
25286,1069,830,9,33,1,1,1,1,25,56,1:34:36.552,5676552,52,2,1:39.096,200.278,1
25287,1069,1,131,44,2,2,2,2,19,56,+1.333,5677885,41,1,1:38.485,201.521,1
25288,1069,815,9,11,3,3,3,3,15,56,+42.223,5718775,32,4,1:39.566,199.333,1
25289,1069,844,6,16,4,4,4,4,12,56,+52.246,5728798,41,3,1:39.303,199.861,1
25290,1069,817,1,3,6,5,5,5,10,56,+76.854,5753406,43,8,1:40.345,197.785,1
25291,1069,822,131,77,9,6,6,6,8,56,+80.128,5756680,41,6,1:40.147,198.176,1
25292,1069,832,6,55,5,7,7,7,6,56,+83.545,5760097,40,9,1:40.377,197.722,1
25293,1069,846,1,4,7,8,8,8,4,56,+84.395,5760947,41,7,1:40.228,198.016,1
25294,1069,852,213,22,10,9,9,9,2,55,\N,\N,47,13,1:41.151,196.209,11
25295,1069,20,117,5,18,10,10,10,1,55,\N,\N,40,10,1:40.481,197.517,11
25296,1069,841,51,99,12,11,11,11,0,55,\N,\N,44,12,1:41.145,196.221,11
25297,1069,840,117,18,13,12,12,12,0,55,\N,\N,36,14,1:41.189,196.135,11
25298,1069,8,51,7,15,13,13,13,0,55,\N,\N,43,15,1:41.340,195.843,11
25299,1069,847,3,63,20,14,14,14,0,55,\N,\N,36,11,1:41.120,196.269,11
25300,1069,849,3,6,14,15,15,15,0,55,\N,\N,46,17,1:41.818,194.924,11
25301,1069,854,210,47,16,16,16,16,0,54,\N,\N,36,16,1:41.395,195.737,12
25302,1069,853,210,9,17,17,17,17,0,54,\N,\N,42,20,1:42.886,192.9,12
25303,1069,4,214,14,19,\N,R,18,0,49,\N,\N,46,5,1:40.067,198.335,65
25304,1069,839,214,31,11,\N,R,19,0,40,\N,\N,28,19,1:42.194,194.207,26
25305,1069,842,213,10,8,\N,R,20,0,14,\N,\N,12,18,1:42.015,194.547,22
25306,1070,830,9,33,3,1,1,1,25,71,1:38:39.086,5919086,52,2,1:18.999,196.134,1
25307,1070,1,131,44,2,2,2,2,18,71,+16.555,5935641,66,4,1:19.820,194.116,1
25308,1070,815,9,11,4,3,3,3,15,71,+17.752,5936838,49,3,1:19.468,194.976,1
25309,1070,842,213,10,5,4,4,4,12,71,+63.845,5982931,66,7,1:20.510,192.453,1
25310,1070,844,6,16,8,5,5,5,10,71,+81.037,6000123,63,9,1:20.665,192.083,1
25311,1070,832,6,55,6,6,6,6,8,70,\N,\N,63,5,1:20.081,193.484,11
25312,1070,20,117,5,9,7,7,7,6,70,\N,\N,70,6,1:20.460,192.572,11
25313,1070,8,51,7,10,8,8,8,4,70,\N,\N,63,11,1:20.713,191.969,11
25314,1070,4,214,14,12,9,9,9,2,70,\N,\N,54,10,1:20.711,191.973,11
25315,1070,846,1,4,18,10,10,10,1,70,\N,\N,67,8,1:20.617,192.197,11
25316,1070,841,51,99,11,11,11,11,0,70,\N,\N,68,16,1:21.523,190.061,11
25317,1070,817,1,3,7,12,12,12,0,70,\N,\N,40,13,1:21.069,191.126,11
25318,1070,839,214,31,19,13,13,13,0,70,\N,\N,67,14,1:21.348,190.47,11
25319,1070,840,117,18,20,14,14,14,0,69,\N,\N,61,12,1:20.930,191.454,12
25320,1070,822,131,77,1,15,15,15,0,69,\N,\N,69,1,1:17.774,199.223,12
25321,1070,847,3,63,16,16,16,16,0,69,\N,\N,61,18,1:22.016,188.919,12
25322,1070,849,3,6,13,17,17,17,0,69,\N,\N,66,17,1:21.546,190.008,12
25323,1070,853,210,9,15,18,18,18,0,68,\N,\N,61,15,1:21.402,190.344,13
25324,1070,854,210,47,14,\N,R,19,0,0,\N,\N,\N,0,\N,\N,4
25325,1070,852,213,22,17,\N,R,20,0,0,\N,\N,\N,0,\N,\N,4
25326,1071,1,131,44,10,1,1,1,25,71,1:32:22.851,5542851,46,2,1:11.982,215.503,1
25327,1071,830,9,33,2,2,2,2,18,71,+10.496,5553347,47,3,1:12.486,214.005,1
25328,1071,822,131,77,1,3,3,3,15,71,+13.576,5556427,49,4,1:12.526,213.887,1
25329,1071,815,9,11,4,4,4,4,13,71,+39.940,5582791,71,1,1:11.010,218.453,1
25330,1071,844,6,16,6,5,5,5,10,71,+49.517,5592368,61,7,1:12.822,213.018,1
25331,1071,832,6,55,3,6,6,6,8,71,+51.820,5594671,63,6,1:12.710,213.346,1
25332,1071,842,213,10,7,7,7,7,6,70,\N,\N,53,8,1:13.227,211.839,11
25333,1071,839,214,31,8,8,8,8,4,70,\N,\N,48,16,1:14.430,208.415,11
25334,1071,4,214,14,12,9,9,9,2,70,\N,\N,37,12,1:13.922,209.848,11
25335,1071,846,1,4,5,10,10,10,1,70,\N,\N,53,10,1:13.761,210.306,11
25336,1071,20,117,5,9,11,11,11,0,70,\N,\N,69,9,1:13.634,210.668,11
25337,1071,8,51,7,0,12,12,12,0,70,\N,\N,54,5,1:12.621,213.607,11
25338,1071,847,3,63,17,13,13,13,0,70,\N,\N,45,15,1:14.355,208.626,11
25339,1071,841,51,99,13,14,14,14,0,70,\N,\N,44,14,1:14.227,208.985,11
25340,1071,852,213,22,15,15,15,15,0,70,\N,\N,62,13,1:14.204,209.05,11
25341,1071,849,3,6,16,16,16,16,0,70,\N,\N,57,18,1:14.616,207.896,11
25342,1071,853,210,9,19,17,17,17,0,69,\N,\N,36,19,1:14.954,206.958,12
25343,1071,854,210,47,18,18,18,18,0,69,\N,\N,66,11,1:13.793,210.215,12
25344,1071,817,1,3,11,\N,R,19,0,49,\N,\N,40,17,1:14.443,208.379,75
25345,1071,840,117,18,14,\N,R,20,0,47,\N,\N,25,20,1:15.344,205.887,130
25346,1051,1,131,44,1,1,1,1,25,57,1:24:28.471,5068471,50,2,1:25.084,227.633,1
25347,1051,830,9,33,7,2,2,2,19,57,+25.743,5094214,57,1,1:23.196,232.799,1
25348,1051,4,214,14,3,3,3,3,15,57,+59.457,5127928,48,10,1:26.682,223.437,1
25349,1051,815,9,11,11,4,4,4,12,57,+62.306,5130777,49,3,1:25.613,226.227,1
25350,1051,839,214,31,9,5,5,5,10,57,+80.570,5149041,46,13,1:27.061,222.464,1
25351,1051,840,117,18,12,6,6,6,8,57,+81.274,5149745,44,17,1:27.356,221.713,1
25352,1051,832,6,55,5,7,7,7,6,57,+81.911,5150382,46,9,1:26.570,223.726,1
25353,1051,844,6,16,13,8,8,8,4,57,+83.126,5151597,46,8,1:26.555,223.765,1
25354,1051,846,1,4,4,9,9,9,2,56,\N,\N,51,4,1:25.746,225.876,11
25355,1051,20,117,5,10,10,10,10,1,56,\N,\N,53,7,1:26.434,224.078,11
25356,1051,842,213,10,2,11,11,11,0,56,\N,\N,46,11,1:27.019,222.572,11
25357,1051,817,1,3,14,12,12,12,0,56,\N,\N,50,14,1:27.198,222.115,11
25358,1051,852,213,22,8,13,13,13,0,56,\N,\N,50,12,1:27.043,222.51,11
25359,1051,8,51,7,16,14,14,14,0,56,\N,\N,53,6,1:26.358,224.275,11
25360,1051,841,51,99,18,15,15,15,0,56,\N,\N,40,18,1:27.823,220.534,11
25361,1051,854,210,47,19,16,16,16,0,56,\N,\N,46,19,1:28.412,219.065,11
25362,1051,847,3,63,15,17,17,17,0,55,\N,\N,55,5,1:25.768,225.818,12
25363,1051,853,210,9,20,18,18,18,0,55,\N,\N,55,16,1:27.340,221.754,12
25364,1051,849,3,6,17,\N,R,19,0,50,\N,\N,44,20,1:28.732,218.275,29
25365,1051,822,131,77,6,\N,R,20,0,48,\N,\N,39,15,1:27.246,221.992,137
25366,1072,1,131,44,1,1,1,1,26,50,2:06:15.118,7575118,47,1,1:30.734,244.962,1
25367,1072,830,9,33,3,2,2,2,18,50,+21.825,7596943,35,3,1:31.488,242.943,1
25368,1072,822,131,77,2,3,3,3,15,50,+27.531,7602649,47,2,1:31.408,243.155,1
25369,1072,839,214,31,9,4,4,4,12,50,+27.633,7602751,47,6,1:31.797,242.125,1
25370,1072,817,1,3,11,5,5,5,10,50,+40.121,7615239,43,11,1:32.716,239.725,1
25371,1072,842,213,10,6,6,6,6,8,50,+41.613,7616731,46,9,1:32.297,240.813,1
25372,1072,844,6,16,4,7,7,7,6,50,+44.475,7619593,46,4,1:31.601,242.643,1
25373,1072,832,6,55,15,8,8,8,4,50,+46.606,7621724,37,7,1:31.851,241.983,1
25374,1072,841,51,99,10,9,9,9,2,50,+58.505,7633623,37,15,1:32.865,239.34,1
25375,1072,846,1,4,7,10,10,10,1,50,+61.358,7636476,49,8,1:31.914,241.817,1
25376,1072,840,117,18,18,11,11,11,0,50,+77.212,7652330,45,14,1:32.804,239.498,1
25377,1072,849,3,6,16,12,12,12,0,50,+83.249,7658367,49,12,1:32.751,239.635,1
25378,1072,4,214,14,13,13,13,13,0,49,\N,\N,46,5,1:31.633,242.558,11
25379,1072,852,213,22,8,14,14,14,0,49,\N,\N,44,10,1:32.506,240.269,11
25380,1072,8,51,7,12,15,15,15,0,49,\N,\N,45,13,1:32.778,239.565,11
25381,1072,20,117,5,17,\N,R,16,0,44,\N,\N,41,16,1:34.030,236.375,130
25382,1072,815,9,11,5,\N,R,17,0,14,\N,\N,9,17,1:34.138,236.104,4
25383,1072,853,210,9,20,\N,R,18,0,14,\N,\N,7,20,1:37.043,229.036,4
25384,1072,847,3,63,14,\N,R,19,0,14,\N,\N,7,19,1:36.130,231.211,4
25385,1072,854,210,47,19,\N,R,20,0,8,\N,\N,8,18,1:36.043,231.421,3
25386,1073,830,9,33,1,1,1,1,26,58,1:30:17.345,5417345,39,1,1:26.103,220.8,1
25387,1073,1,131,44,2,2,2,2,18,58,+2.256,5419601,43,3,1:26.615,219.495,1
25388,1073,832,6,55,5,3,3,3,15,58,+5.173,5422518,51,9,1:27.618,216.982,1
25389,1073,852,213,22,8,4,4,4,12,58,+5.692,5423037,50,7,1:27.496,217.285,1
25390,1073,842,213,10,12,5,5,5,10,58,+6.531,5423876,49,6,1:27.342,217.668,1
25391,1073,822,131,77,6,6,6,6,8,58,+7.463,5424808,51,5,1:26.862,218.871,1
25392,1073,846,1,4,3,7,7,7,6,58,+59.200,5476545,58,4,1:26.762,219.123,1
25393,1073,4,214,14,11,8,8,8,4,58,+61.708,5479053,58,8,1:27.607,217.01,1
25394,1073,839,214,31,9,9,9,9,2,58,+64.026,5481371,58,10,1:28.249,215.431,1
25395,1073,844,6,16,7,10,10,10,1,58,+66.057,5483402,40,12,1:28.433,214.983,1
25396,1073,20,117,5,15,11,11,11,0,58,+67.527,5484872,58,11,1:28.303,215.299,1
25397,1073,817,1,3,10,12,12,12,0,57,\N,\N,48,14,1:28.723,214.28,11
25398,1073,840,117,18,13,13,13,13,0,57,\N,\N,48,13,1:28.567,214.657,11
25399,1073,854,210,47,19,14,14,14,0,57,\N,\N,42,17,1:29.457,212.522,11
25400,1073,815,9,11,4,15,15,15,0,55,\N,\N,51,2,1:26.419,219.993,5
25401,1073,849,3,6,16,\N,R,16,0,50,\N,\N,30,15,1:29.293,212.912,3
25402,1073,841,51,99,14,\N,R,17,0,33,\N,\N,33,16,1:29.442,212.557,6
25403,1073,847,3,63,17,\N,R,18,0,26,\N,\N,23,19,1:30.647,209.732,6
25404,1073,8,51,7,18,\N,R,19,0,25,\N,\N,23,18,1:29.698,211.951,23
25405,1073,853,210,9,20,\N,W,20,0,0,\N,\N,\N,0,\N,\N,139
25406,1074,844,6,16,1,1,1,1,26,57,1:37:33.584,5853584,51,1,1:34.570,206.018,1
25407,1074,832,6,55,3,2,2,2,18,57,+5.598,5859182,52,3,1:35.740,203.501,1
25408,1074,1,131,44,5,3,3,3,15,57,+9.675,5863259,53,5,1:36.228,202.469,1
25409,1074,847,131,63,9,4,4,4,12,57,+11.211,5864795,56,6,1:36.302,202.313,1
25410,1074,825,210,20,7,5,5,5,10,57,+14.754,5868338,53,8,1:36.623,201.641,1
25411,1074,822,51,77,6,6,6,6,8,57,+16.119,5869703,53,7,1:36.599,201.691,1
25412,1074,839,214,31,11,7,7,7,6,57,+19.423,5873007,53,14,1:37.110,200.63,1
25413,1074,852,213,22,16,8,8,8,4,57,+20.386,5873970,53,13,1:37.104,200.642,1
25414,1074,4,214,14,8,9,9,9,2,57,+22.390,5875974,44,10,1:36.733,201.412,1
25415,1074,855,51,24,15,10,10,10,1,57,+23.064,5876648,39,9,1:36.685,201.512,1
25416,1074,854,210,47,12,11,11,11,0,57,+32.574,5886158,37,11,1:36.956,200.948,1
25417,1074,840,117,18,19,12,12,12,0,57,+45.873,5899457,49,15,1:37.146,200.555,1
25418,1074,848,3,23,14,13,13,13,0,57,+53.932,5907516,50,18,1:37.355,200.125,1
25419,1074,817,1,3,18,14,14,14,0,57,+54.975,5908559,50,16,1:37.261,200.318,1
25420,1074,846,1,4,13,15,15,15,0,57,+56.335,5909919,51,12,1:36.988,200.882,1
25421,1074,849,3,6,20,16,16,16,0,57,+61.795,5915379,51,20,1:38.251,198.3,1
25422,1074,807,117,27,17,17,17,17,0,57,+63.829,5917413,49,19,1:38.201,198.401,1
25423,1074,815,9,11,4,18,18,18,0,56,\N,\N,52,4,1:36.089,202.762,32
25424,1074,830,9,1,2,19,19,19,0,54,\N,\N,51,2,1:35.440,204.14,32
25425,1074,842,213,10,10,\N,R,20,0,44,\N,\N,34,17,1:37.324,200.189,131
25426,1075,830,9,1,4,1,1,1,25,50,1:24:19.293,5059293,50,2,1:31.772,242.191,1
25427,1075,844,6,16,2,2,2,2,19,50,+0.549,5059842,48,1,1:31.634,242.556,1
25428,1075,832,6,55,3,3,3,3,15,50,+8.097,5067390,48,3,1:31.905,241.841,1
25429,1075,815,9,11,1,4,4,4,12,50,+10.800,5070093,46,4,1:32.042,241.481,1
25430,1075,847,131,63,6,5,5,5,10,50,+32.732,5092025,43,7,1:32.821,239.454,1
25431,1075,839,214,31,5,6,6,6,8,50,+56.017,5115310,46,9,1:33.103,238.729,1
25432,1075,846,1,4,11,7,7,7,6,50,+56.124,5115417,46,5,1:32.753,239.629,1
25433,1075,842,213,10,9,8,8,8,4,50,+62.946,5122239,42,10,1:33.468,237.796,1
25434,1075,825,210,20,10,9,9,9,2,50,+64.308,5123601,48,6,1:32.779,239.562,1
25435,1075,1,131,44,15,10,10,10,1,50,+73.948,5133241,47,8,1:32.997,239.001,1
25436,1075,855,51,24,12,11,11,11,0,50,+82.215,5141508,45,13,1:33.924,236.642,1
25437,1075,807,117,27,17,12,12,12,0,50,+91.742,5151035,47,11,1:33.651,237.332,1
25438,1075,840,117,18,13,13,13,13,0,49,\N,\N,46,16,1:34.446,235.334,11
25439,1075,848,3,23,16,14,14,14,0,47,\N,\N,46,15,1:34.368,235.528,130
25440,1075,822,51,77,8,\N,R,15,0,36,\N,\N,31,14,1:33.979,236.503,141
25441,1075,4,214,14,7,\N,R,16,0,35,\N,\N,33,12,1:33.831,236.876,103
25442,1075,817,1,3,14,\N,R,17,0,35,\N,\N,34,17,1:34.487,235.232,6
25443,1075,849,3,6,18,\N,R,18,0,14,\N,\N,9,18,1:37.530,227.892,3
25444,1075,852,213,22,19,\N,R,19,0,0,\N,\N,\N,0,\N,\N,131
25445,1075,854,210,47,0,\N,W,20,0,0,\N,\N,\N,0,\N,\N,54
25446,1076,844,6,16,1,1,1,1,26,58,1:27:46.548,5266548,58,1,1:20.260,236.74,1
25447,1076,815,9,11,3,2,2,2,18,58,+20.524,5287072,58,3,1:21.094,234.305,1
25448,1076,847,131,63,6,3,3,3,15,58,+25.593,5292141,53,4,1:21.495,233.152,1
25449,1076,1,131,44,5,4,4,4,12,58,+28.543,5295091,51,7,1:21.886,232.039,1
25450,1076,846,1,4,4,5,5,5,10,58,+53.303,5319851,55,8,1:22.248,231.018,1
25451,1076,817,1,3,7,6,6,6,8,58,+53.737,5320285,54,9,1:22.451,230.449,1
25452,1076,839,214,31,8,7,7,7,6,58,+61.683,5328231,58,10,1:22.469,230.399,1
25453,1076,822,51,77,12,8,8,8,4,58,+68.439,5334987,54,5,1:21.651,232.707,1
25454,1076,842,213,10,11,9,9,9,2,58,+76.221,5342769,52,13,1:22.731,229.669,1
25455,1076,848,3,23,20,10,10,10,1,58,+79.382,5345930,54,12,1:22.589,230.064,1
25456,1076,855,51,24,14,11,11,11,0,58,+81.695,5348243,55,11,1:22.541,230.198,1
25457,1076,840,117,18,19,12,12,12,0,58,+88.598,5355146,48,17,1:23.592,227.304,1
25458,1076,854,210,47,15,13,13,13,0,57,\N,\N,55,14,1:23.006,228.908,11
25459,1076,825,210,20,16,14,14,14,0,57,\N,\N,44,15,1:23.071,228.729,11
25460,1076,852,213,22,13,15,15,15,0,57,\N,\N,56,16,1:23.342,227.985,11
25461,1076,849,3,6,18,16,16,16,0,57,\N,\N,49,18,1:23.882,226.518,11
25462,1076,4,214,14,10,17,17,17,0,57,\N,\N,57,2,1:20.846,235.024,11
25463,1076,830,9,1,2,\N,R,18,0,38,\N,\N,37,6,1:21.677,232.633,95
25464,1076,20,117,5,17,\N,R,19,0,22,\N,\N,17,19,1:25.189,223.042,3
25465,1076,832,6,55,9,\N,R,20,0,1,\N,\N,\N,0,\N,\N,20
25466,1077,830,9,1,1,1,1,1,26,63,1:32:07.986,5527986,55,1,1:18.446,225.281,1
25467,1077,815,9,11,3,2,2,2,18,63,+16.527,5544513,52,3,1:18.949,223.845,1
25468,1077,846,1,4,5,3,3,3,15,63,+34.834,5562820,61,7,1:20.903,218.439,1
25469,1077,847,131,63,11,4,4,4,12,63,+42.506,5570492,57,8,1:20.962,218.28,1
25470,1077,822,51,77,7,5,5,5,10,63,+43.181,5571167,43,6,1:20.758,218.831,1
25471,1077,844,6,16,2,6,6,6,8,63,+56.072,5584058,63,2,1:18.574,224.914,1
25472,1077,852,213,22,12,7,7,7,6,63,+61.110,5589096,61,5,1:20.544,219.412,1
25473,1077,20,117,5,13,8,8,8,4,63,+70.892,5598878,47,9,1:21.211,217.61,1
25474,1077,825,210,20,8,9,9,9,2,63,+75.260,5603246,61,10,1:21.238,217.538,1
25475,1077,840,117,18,15,10,10,10,1,62,\N,\N,46,16,1:21.750,216.176,11
25476,1077,848,3,23,18,11,11,11,0,62,\N,\N,61,17,1:21.757,216.157,11
25477,1077,842,213,10,17,12,12,12,0,62,\N,\N,34,15,1:21.713,216.274,11
25478,1077,1,131,44,14,13,13,13,0,62,\N,\N,50,13,1:21.419,217.054,11
25479,1077,839,214,31,16,14,14,14,0,62,\N,\N,37,18,1:21.887,215.814,11
25480,1077,855,51,24,0,15,15,15,0,62,\N,\N,61,11,1:21.286,217.41,11
25481,1077,849,3,6,19,16,16,16,0,62,\N,\N,62,12,1:21.338,217.271,11
25482,1077,854,210,47,10,17,17,17,0,62,\N,\N,55,4,1:18.999,223.704,11
25483,1077,817,1,3,6,18,18,18,0,62,\N,\N,61,14,1:21.577,216.634,11
25484,1077,4,214,14,9,\N,R,19,0,6,\N,\N,5,19,1:39.685,177.282,130
25485,1077,832,6,55,4,\N,R,20,0,0,\N,\N,\N,0,\N,\N,4
25486,1078,830,9,1,3,1,1,1,26,57,1:34:24.258,5664258,54,1,1:31.361,213.255,1
25487,1078,844,6,16,1,2,2,2,18,57,+3.786,5668044,53,2,1:31.488,212.959,1
25488,1078,832,6,55,2,3,3,3,15,57,+8.229,5672487,56,3,1:31.790,212.258,1
25489,1078,815,9,11,4,4,4,4,12,57,+10.638,5674896,54,4,1:31.819,212.191,1
25490,1078,847,131,63,12,5,5,5,10,57,+18.582,5682840,56,5,1:32.195,211.325,1
25491,1078,1,131,44,6,6,6,6,8,57,+21.368,5685626,55,7,1:32.941,209.629,1
25492,1078,822,51,77,5,7,7,7,6,57,+25.073,5689331,56,10,1:33.184,209.083,1
25493,1078,839,214,31,20,8,8,8,4,57,+28.386,5692644,56,9,1:33.163,209.13,1
25494,1078,848,3,23,18,9,9,9,2,57,+32.365,5696623,57,15,1:33.447,208.494,1
25495,1078,840,117,18,0,10,10,10,1,57,+37.026,5701284,52,12,1:33.312,208.796,1
25496,1078,4,214,14,11,11,11,11,0,57,+37.128,5701386,53,13,1:33.331,208.753,1
25497,1078,852,213,22,9,12,12,12,0,57,+40.146,5704404,55,8,1:33.035,209.417,1
25498,1078,817,1,3,14,13,13,13,0,57,+40.902,5705160,56,11,1:33.265,208.901,1
25499,1078,849,3,6,19,14,14,14,0,57,+49.936,5714194,53,18,1:34.169,206.896,1
25500,1078,854,210,47,15,15,15,15,0,57,+73.305,5737563,57,6,1:32.528,210.565,1
25501,1078,825,210,20,16,16,16,16,0,56,\N,\N,52,17,1:33.511,208.351,33
25502,1078,20,117,5,0,17,17,17,0,54,\N,\N,50,16,1:33.479,208.423,4
25503,1078,842,213,10,7,\N,R,18,0,45,\N,\N,38,19,1:34.487,206.199,22
25504,1078,846,1,4,8,\N,R,19,0,39,\N,\N,37,14,1:33.411,208.575,4
25505,1078,855,51,24,17,\N,R,20,0,6,\N,\N,4,20,1:35.731,203.52,47
25506,1079,830,9,1,2,1,1,1,25,66,1:37:20.475,5840475,46,4,1:25.456,196.943,1
25507,1079,815,9,11,5,2,2,2,19,66,+13.072,5853547,55,1,1:24.108,200.099,1
25508,1079,847,131,63,4,3,3,3,15,66,+32.927,5873402,53,3,1:24.636,198.851,1
25509,1079,832,6,55,3,4,4,4,12,66,+45.208,5885683,49,7,1:25.985,195.731,1
25510,1079,1,131,44,6,5,5,5,10,66,+54.534,5895009,51,2,1:24.253,199.755,1
25511,1079,822,51,77,7,6,6,6,8,66,+59.976,5900451,36,8,1:26.395,194.802,1
25512,1079,839,214,31,12,7,7,7,6,66,+75.397,5915872,54,6,1:25.935,195.845,1
25513,1079,846,1,4,11,8,8,8,4,66,+83.235,5923710,53,5,1:25.619,196.568,1
25514,1079,4,214,14,20,9,9,9,2,65,\N,\N,56,9,1:26.599,194.344,11
25515,1079,852,213,22,13,10,10,10,1,65,\N,\N,59,10,1:26.828,193.831,11
25516,1079,20,117,5,16,11,11,11,0,65,\N,\N,59,18,1:27.629,192.059,11
25517,1079,817,1,3,9,12,12,12,0,65,\N,\N,54,15,1:27.285,192.816,11
25518,1079,842,213,10,14,13,13,13,0,65,\N,\N,51,12,1:26.987,193.477,11
25519,1079,854,210,47,10,14,14,14,0,65,\N,\N,32,16,1:27.447,192.459,11
25520,1079,840,117,18,17,15,15,15,0,65,\N,\N,54,11,1:26.876,193.724,11
25521,1079,849,3,6,19,16,16,16,0,64,\N,\N,52,14,1:27.246,192.902,12
25522,1079,825,210,20,8,17,17,17,0,64,\N,\N,3,17,1:27.537,192.261,12
25523,1079,848,3,23,18,18,18,18,0,64,\N,\N,56,19,1:28.281,190.641,12
25524,1079,855,51,24,15,\N,R,19,0,28,\N,\N,12,20,1:28.415,190.352,75
25525,1079,844,6,16,1,\N,R,20,0,27,\N,\N,25,13,1:27.030,193.381,101
25526,1080,815,9,11,3,1,1,1,25,64,1:56:30.265,6990265,46,4,1:16.028,158.01,1
25527,1080,832,6,55,2,2,2,2,18,64,+1.154,6991419,47,7,1:16.421,157.197,1
25528,1080,830,9,1,4,3,3,3,15,64,+1.491,6991756,47,5,1:16.052,157.96,1
25529,1080,844,6,16,1,4,4,4,12,64,+2.922,6993187,46,6,1:16.249,157.552,1
25530,1080,847,131,63,6,5,5,5,10,64,+11.968,7002233,42,8,1:16.830,156.36,1
25531,1080,846,1,4,5,6,6,6,9,64,+12.231,7002496,55,1,1:14.693,160.834,1
25532,1080,4,214,14,7,7,7,7,6,64,+46.358,7036623,50,3,1:15.882,158.314,1
25533,1080,1,131,44,8,8,8,8,4,64,+50.388,7040653,51,9,1:17.203,155.605,1
25534,1080,822,51,77,12,9,9,9,2,64,+52.525,7042790,57,14,1:17.600,154.809,1
25535,1080,20,117,5,9,10,10,10,1,64,+53.536,7043801,54,12,1:17.558,154.893,1
25536,1080,842,213,10,17,11,11,11,0,64,+54.289,7044554,61,10,1:17.344,155.321,1
25537,1080,839,214,31,10,12,12,12,0,64,+55.644,7045909,50,13,1:17.571,154.867,1
25538,1080,817,1,3,14,13,13,13,0,64,+57.635,7047900,59,11,1:17.532,154.945,1
25539,1080,840,117,18,18,14,14,14,0,64,+60.802,7051067,56,15,1:17.672,154.665,1
25540,1080,849,3,6,19,15,15,15,0,63,\N,\N,43,18,1:18.579,152.88,11
25541,1080,855,51,24,20,16,16,16,0,63,\N,\N,52,17,1:18.200,153.621,11
25542,1080,852,213,22,11,17,17,17,0,63,\N,\N,61,2,1:15.334,159.465,11
25543,1080,848,3,23,16,\N,R,18,0,48,\N,\N,40,16,1:18.023,153.969,26
25544,1080,854,210,47,15,\N,R,19,0,24,\N,\N,24,19,1:24.778,141.701,3
25545,1080,825,210,20,13,\N,R,20,0,19,\N,\N,18,20,1:33.754,128.135,34
25546,1081,830,9,1,3,1,1,1,25,51,1:34:05.941,5645941,50,2,1:46.050,203.779,1
25547,1081,815,9,11,2,2,2,2,19,51,+20.823,5666764,36,1,1:46.046,203.787,1
25548,1081,847,131,63,5,3,3,3,15,51,+45.995,5691936,42,4,1:47.177,201.636,1
25549,1081,1,131,44,7,4,4,4,12,51,+71.679,5717620,39,3,1:47.044,201.887,1
25550,1081,842,213,10,6,5,5,5,10,51,+77.299,5723240,39,16,1:48.519,199.143,1
25551,1081,20,117,5,9,6,6,6,8,51,+84.099,5730040,41,12,1:48.206,199.719,1
25552,1081,4,214,14,10,7,7,7,6,51,+88.596,5734537,49,8,1:47.989,200.12,1
25553,1081,817,1,3,12,8,8,8,4,51,+92.207,5738148,44,13,1:48.276,199.589,1
25554,1081,846,1,4,11,9,9,9,2,51,+92.556,5738497,37,9,1:47.997,200.105,1
25555,1081,839,214,31,13,10,10,10,1,51,+108.184,5754125,36,14,1:48.297,199.551,1
25556,1081,822,51,77,15,11,11,11,0,50,\N,\N,42,11,1:48.179,199.768,11
25557,1081,848,3,23,17,12,12,12,0,50,\N,\N,48,7,1:47.966,200.163,11
25558,1081,852,213,22,8,13,13,13,0,50,\N,\N,42,5,1:47.523,200.987,11
25559,1081,854,210,47,20,14,14,14,0,50,\N,\N,40,15,1:48.410,199.343,11
25560,1081,849,3,6,18,15,15,15,0,50,\N,\N,37,20,1:49.583,197.209,11
25561,1081,840,117,18,19,16,16,16,0,46,\N,\N,38,10,1:48.038,200.029,76
25562,1081,825,210,20,16,\N,R,17,0,31,\N,\N,12,18,1:48.789,198.648,131
25563,1081,855,51,24,14,\N,R,18,0,23,\N,\N,12,17,1:48.723,198.769,9
25564,1081,844,6,16,1,\N,R,19,0,21,\N,\N,13,6,1:47.531,200.972,131
25565,1081,832,6,55,4,\N,R,20,0,8,\N,\N,3,19,1:48.978,198.304,9
25566,1082,830,9,1,1,1,1,1,25,70,1:36:21.757,5781757,64,2,1:15.839,207.012,1
25567,1082,832,6,55,3,2,2,2,19,70,+0.993,5782750,63,1,1:15.749,207.258,1
25568,1082,1,131,44,4,3,3,3,15,70,+7.006,5788763,69,4,1:16.167,206.12,1
25569,1082,847,131,63,8,4,4,4,12,70,+12.313,5794070,63,5,1:16.418,205.443,1
25570,1082,844,6,16,19,5,5,5,10,70,+15.168,5796925,62,3,1:15.901,206.843,1
25571,1082,839,214,31,7,6,6,6,8,70,+23.890,5805647,62,9,1:17.110,203.6,1
25572,1082,822,51,77,11,7,7,7,6,70,+25.247,5807004,64,8,1:17.010,203.864,1
25573,1082,855,51,24,10,8,8,8,4,70,+26.952,5808709,60,7,1:16.927,204.084,1
25574,1082,4,214,14,2,9,9,9,2,70,+29.945,5811702,63,6,1:16.578,205.014,1
25575,1082,840,117,18,17,10,10,10,1,70,+38.222,5819979,64,10,1:17.421,202.782,1
25576,1082,817,1,3,9,11,11,11,0,70,+43.047,5824804,59,13,1:17.932,201.452,1
25577,1082,20,117,5,16,12,12,12,0,70,+44.245,5826002,63,15,1:17.956,201.39,1
25578,1082,848,3,23,12,13,13,13,0,70,+44.893,5826650,59,14,1:17.951,201.403,1
25579,1082,842,213,10,15,14,14,14,0,70,+45.183,5826940,60,12,1:17.810,201.768,1
25580,1082,846,1,4,14,15,15,15,0,70,+52.145,5833902,63,11,1:17.495,202.588,1
25581,1082,849,3,6,18,16,16,16,0,70,+59.978,5841735,61,18,1:18.540,199.893,1
25582,1082,825,210,20,5,17,17,17,0,70,+68.180,5849937,11,16,1:18.046,201.158,1
25583,1082,852,213,22,20,\N,R,18,0,47,\N,\N,15,17,1:18.309,200.482,3
25584,1082,854,210,47,6,\N,R,19,0,18,\N,\N,13,20,1:18.967,198.812,5
25585,1082,815,9,11,13,\N,R,20,0,7,\N,\N,7,19,1:18.844,199.122,6
25586,1083,832,6,55,1,1,1,1,25,52,2:17:50.311,8270311,44,2,1:30.813,233.53,1
25587,1083,815,9,11,4,2,2,2,18,52,+3.779,8274090,47,3,1:30.937,233.212,1
25588,1083,1,131,44,5,3,3,3,16,52,+6.225,8276536,52,1,1:30.510,234.312,1
25589,1083,844,6,16,3,4,4,4,12,52,+8.546,8278857,52,4,1:31.282,232.33,1
25590,1083,4,214,14,7,5,5,5,10,52,+9.571,8279882,47,5,1:31.609,231.501,1
25591,1083,846,1,4,6,6,6,6,8,52,+11.943,8282254,47,6,1:31.645,231.41,1
25592,1083,830,9,1,2,7,7,7,6,52,+18.777,8289088,44,8,1:32.354,229.633,1
25593,1083,854,210,47,19,8,8,8,4,52,+18.995,8289306,48,7,1:32.109,230.244,1
25594,1083,20,117,5,18,9,9,9,2,52,+22.356,8292667,52,10,1:32.471,229.343,1
25595,1083,825,210,20,17,10,10,10,1,52,+24.590,8294901,52,12,1:32.661,228.872,1
25596,1083,840,117,18,20,11,11,11,0,52,+26.147,8296458,52,9,1:32.379,229.571,1
25597,1083,849,3,6,10,12,12,12,0,52,+32.511,8302822,48,13,1:33.286,227.339,1
25598,1083,817,1,3,14,13,13,13,0,52,+32.817,8303128,34,11,1:32.644,228.914,1
25599,1083,852,213,22,13,14,14,14,0,52,+40.910,8311221,51,15,1:33.832,226.016,1
25600,1083,839,214,31,15,\N,R,15,0,37,\N,\N,37,14,1:33.537,226.729,48
25601,1083,842,213,10,11,\N,R,16,0,26,\N,\N,18,16,1:34.614,224.148,130
25602,1083,822,51,77,12,\N,R,17,0,20,\N,\N,19,17,1:35.103,222.996,6
25603,1083,847,131,63,8,\N,R,18,0,0,\N,\N,\N,0,\N,\N,4
25604,1083,855,51,24,9,\N,R,19,0,0,\N,\N,\N,0,\N,\N,4
25605,1083,848,3,23,16,\N,R,20,0,0,\N,\N,\N,0,\N,\N,4
25606,1084,844,6,16,2,1,1,1,25,71,1:24:24.312,5064312,62,2,1:07.583,230.01,1
25607,1084,830,9,1,1,2,2,2,19,71,+1.532,5065844,62,1,1:07.275,231.063,1
25608,1084,1,131,44,8,3,3,3,15,71,+41.217,5105529,63,5,1:09.000,225.286,1
25609,1084,847,131,63,4,4,4,4,12,71,+58.972,5123284,61,6,1:09.075,225.042,1
25610,1084,839,214,31,6,5,5,5,10,71,+68.436,5132748,62,10,1:09.559,223.476,1
25611,1084,854,210,47,9,6,6,6,8,70,\N,\N,50,11,1:09.625,223.264,11
25612,1084,846,1,4,10,7,7,7,6,70,\N,\N,62,8,1:09.304,224.298,11
25613,1084,825,210,20,7,8,8,8,4,70,\N,\N,61,14,1:09.938,222.265,11
25614,1084,817,1,3,11,9,9,9,2,70,\N,\N,61,13,1:09.924,222.309,11
25615,1084,4,214,14,19,10,10,10,1,70,\N,\N,62,3,1:08.558,226.739,11
25616,1084,822,51,77,0,11,11,11,0,70,\N,\N,61,7,1:09.266,224.421,11
25617,1084,848,3,23,15,12,12,12,0,70,\N,\N,60,12,1:09.669,223.123,11
25618,1084,840,117,18,12,13,13,13,0,70,\N,\N,64,17,1:10.048,221.916,11
25619,1084,855,51,24,13,14,14,14,0,70,\N,\N,50,9,1:09.380,224.053,11
25620,1084,842,213,10,14,15,15,15,0,70,\N,\N,61,18,1:10.104,221.739,11
25621,1084,852,213,22,16,16,16,16,0,70,\N,\N,62,16,1:10.023,221.995,11
25622,1084,20,117,5,18,17,17,17,0,70,\N,\N,62,15,1:10.001,222.065,11
25623,1084,832,6,55,3,\N,R,18,0,56,\N,\N,55,4,1:08.649,226.438,131
25624,1084,849,3,6,17,\N,R,19,0,48,\N,\N,14,19,1:10.890,219.28,140
25625,1084,815,9,11,5,\N,R,20,0,24,\N,\N,5,20,1:11.843,216.371,130
25626,1085,830,9,1,2,1,1,1,25,53,1:30:02.112,5402112,30,2,1:37.491,215.724,1
25627,1085,1,131,44,4,2,2,2,18,53,+10.587,5412699,30,4,1:37.668,215.333,1
25628,1085,847,131,63,6,3,3,3,15,53,+16.495,5418607,51,3,1:37.548,215.598,1
25629,1085,815,9,11,3,4,4,4,12,53,+17.310,5419422,45,5,1:37.780,215.086,1
25630,1085,832,6,55,19,5,5,5,11,53,+28.872,5430984,51,1,1:35.781,219.575,1
25631,1085,4,214,14,7,6,6,6,8,53,+42.879,5444991,53,8,1:38.160,214.254,1
25632,1085,846,1,4,5,7,7,7,6,53,+52.026,5454138,43,11,1:39.037,212.356,1
25633,1085,839,214,31,10,8,8,8,4,53,+56.959,5459071,53,9,1:38.684,213.116,1
25634,1085,817,1,3,9,9,9,9,2,53,+60.372,5462484,27,14,1:39.133,212.151,1
25635,1085,840,117,18,15,10,10,10,1,53,+62.549,5464661,52,15,1:39.185,212.04,1
25636,1085,20,117,5,12,11,11,11,0,53,+64.494,5466606,43,12,1:39.044,212.341,1
25637,1085,842,213,10,14,12,12,12,0,53,+65.448,5467560,53,10,1:38.786,212.896,1
25638,1085,848,3,23,13,13,13,13,0,53,+68.565,5470677,53,16,1:39.199,212.01,1
25639,1085,822,51,77,11,14,14,14,0,53,+76.666,5478778,52,6,1:37.963,214.685,1
25640,1085,854,210,47,17,15,15,15,0,53,+80.394,5482506,48,13,1:39.068,212.29,1
25641,1085,855,51,24,16,16,16,16,0,47,\N,\N,25,18,1:39.368,211.649,16
25642,1085,849,3,6,18,\N,R,17,0,40,\N,\N,40,19,1:39.650,211.05,130
25643,1085,825,210,20,20,\N,R,18,0,37,\N,\N,11,17,1:39.265,211.869,130
25644,1085,844,6,16,1,\N,R,19,0,17,\N,\N,4,7,1:38.088,214.411,3
25645,1085,852,213,22,8,\N,R,20,0,17,\N,\N,4,20,1:40.216,209.858,140
25646,1086,830,9,1,10,1,1,1,25,70,1:39:35.912,5975912,45,6,1:22.126,192.041,1
25647,1086,1,131,44,7,2,2,2,19,70,+7.834,5983746,57,1,1:21.386,193.787,1
25648,1086,847,131,63,1,3,3,3,15,70,+12.337,5988249,57,9,1:22.766,190.556,1
25649,1086,832,6,55,2,4,4,4,12,70,+14.579,5990491,51,4,1:22.000,192.336,1
25650,1086,815,9,11,11,5,5,5,10,70,+15.688,5991600,44,3,1:21.940,192.477,1
25651,1086,844,6,16,3,6,6,6,8,70,+16.047,5991959,57,2,1:21.622,193.227,1
25652,1086,846,1,4,4,7,7,7,6,70,+78.300,6054212,47,11,1:23.043,189.92,1
25653,1086,4,214,14,6,8,8,8,4,69,\N,\N,47,18,1:23.979,187.804,11
25654,1086,839,214,31,5,9,9,9,2,69,\N,\N,60,20,1:24.149,187.424,11
25655,1086,20,117,5,18,10,10,10,1,69,\N,\N,51,10,1:22.824,190.423,11
25656,1086,840,117,18,14,11,11,11,0,69,\N,\N,51,7,1:22.437,191.317,11
25657,1086,842,213,10,0,12,12,12,0,69,\N,\N,58,14,1:23.199,189.564,11
25658,1086,855,51,24,12,13,13,13,0,69,\N,\N,58,5,1:22.029,192.268,11
25659,1086,854,210,47,15,14,14,14,0,69,\N,\N,50,13,1:23.151,189.674,11
25660,1086,817,1,3,9,15,15,15,0,69,\N,\N,63,17,1:23.654,188.533,11
25661,1086,825,210,20,13,16,16,16,0,69,\N,\N,37,15,1:23.511,188.856,11
25662,1086,848,3,23,17,17,17,17,0,69,\N,\N,43,12,1:23.047,189.911,11
25663,1086,849,3,6,19,18,18,18,0,69,\N,\N,60,8,1:22.478,191.221,11
25664,1086,852,213,22,16,19,19,19,0,68,\N,\N,58,16,1:23.538,188.795,12
25665,1086,822,51,77,8,20,20,20,0,65,\N,\N,60,19,1:24.002,187.752,131
25666,1087,830,9,1,14,1,1,1,26,44,1:25:52.894,5152894,32,1,1:49.354,230.575,1
25667,1087,815,9,11,2,2,2,2,18,44,+17.841,5170735,29,3,1:50.764,227.64,1
25668,1087,832,6,55,1,3,3,3,15,44,+26.886,5179780,32,7,1:51.977,225.174,1
25669,1087,847,131,63,5,4,4,4,12,44,+29.140,5182034,31,4,1:50.793,227.581,1
25670,1087,4,214,14,3,5,5,5,10,44,+73.256,5226150,35,13,1:52.868,223.397,1
25671,1087,844,6,16,15,6,6,6,8,44,+74.936,5227830,44,2,1:49.984,229.255,1
25672,1087,839,214,31,16,7,7,7,6,44,+75.640,5228534,36,6,1:51.717,225.698,1
25673,1087,20,117,5,10,8,8,8,4,44,+78.107,5231001,40,11,1:52.515,224.098,1
25674,1087,842,213,10,0,9,9,9,2,44,+92.181,5245075,24,15,1:53.002,223.132,1
25675,1087,848,3,23,6,10,10,10,1,44,+101.900,5254794,28,16,1:53.055,223.027,1
25676,1087,840,117,18,9,11,11,11,0,44,+103.078,5255972,29,14,1:52.880,223.373,1
25677,1087,846,1,4,17,12,12,12,0,44,+104.739,5257633,31,5,1:51.678,225.777,1
25678,1087,852,213,22,0,13,13,13,0,44,+105.217,5258111,32,10,1:52.436,224.255,1
25679,1087,855,51,24,18,14,14,14,0,44,+106.252,5259146,30,9,1:52.317,224.493,1
25680,1087,817,1,3,7,15,15,15,0,44,+107.163,5260057,34,17,1:53.080,222.978,1
25681,1087,825,210,20,12,16,16,16,0,43,\N,\N,29,18,1:53.332,222.482,11
25682,1087,854,210,47,19,17,17,17,0,43,\N,\N,35,12,1:52.646,223.837,11
25683,1087,849,3,6,11,18,18,18,0,43,\N,\N,38,8,1:52.256,224.615,11
25684,1087,822,51,77,13,\N,R,19,0,1,\N,\N,\N,0,\N,\N,3
25685,1087,1,131,44,4,\N,R,20,0,0,\N,\N,\N,0,\N,\N,130
25686,1088,830,9,1,1,1,1,1,26,72,1:36:42.773,5802773,62,1,1:13.652,208.173,1
25687,1088,847,131,63,6,2,2,2,18,72,+4.071,5806844,72,2,1:13.671,208.119,1
25688,1088,844,6,16,2,3,3,3,15,72,+10.929,5813702,62,6,1:14.413,206.044,1
25689,1088,1,131,44,4,4,4,4,12,72,+13.016,5815789,54,3,1:13.854,207.604,1
25690,1088,815,9,11,5,5,5,5,10,72,+18.168,5820941,63,5,1:14.404,206.069,1
25691,1088,4,214,14,13,6,6,6,8,72,+18.754,5821527,51,4,1:14.144,206.792,1
25692,1088,846,1,4,7,7,7,7,6,72,+19.306,5822079,63,8,1:14.706,205.236,1
25693,1088,832,6,55,3,8,8,8,4,72,+20.916,5823689,63,7,1:14.643,205.409,1
25694,1088,839,214,31,12,9,9,9,2,72,+21.117,5823890,64,11,1:15.084,204.203,1
25695,1088,840,117,18,10,10,10,10,1,72,+22.459,5825232,65,10,1:15.043,204.314,1
25696,1088,842,213,10,11,11,11,11,0,72,+27.009,5829782,65,12,1:15.165,203.983,1
25697,1088,848,3,23,15,12,12,12,0,72,+30.390,5833163,65,15,1:15.534,202.986,1
25698,1088,854,210,47,8,13,13,13,0,72,+32.995,5835768,51,13,1:15.233,203.798,1
25699,1088,20,117,5,19,14,14,14,0,72,+36.007,5838780,50,9,1:14.862,204.808,1
25700,1088,825,210,20,18,15,15,15,0,72,+36.869,5839642,53,14,1:15.369,203.431,1
25701,1088,855,51,24,14,16,16,16,0,72,+37.320,5840093,63,17,1:15.940,201.901,1
25702,1088,817,1,3,17,17,17,17,0,72,+37.764,5840537,52,16,1:15.577,202.871,1
25703,1088,849,3,6,20,18,18,18,0,71,\N,\N,62,18,1:16.066,201.567,11
25704,1088,822,51,77,16,\N,R,19,0,53,\N,\N,51,19,1:16.844,199.526,5
25705,1088,852,213,22,9,\N,R,20,0,43,\N,\N,16,20,1:17.138,198.765,24
25706,1089,830,9,1,7,1,1,1,25,53,1:20:27.511,4827511,38,6,1:24.745,246.088,1
25707,1089,844,6,16,1,2,2,2,18,53,+2.446,4829957,38,2,1:24.336,247.282,1
25708,1089,847,131,63,2,3,3,3,15,53,+3.405,4830916,40,7,1:25.288,244.522,1
25709,1089,832,6,55,18,4,4,4,12,53,+5.061,4832572,41,4,1:24.446,246.96,1
25710,1089,1,131,44,19,5,5,5,10,53,+5.380,4832891,43,3,1:24.434,246.995,1
25711,1089,815,9,11,13,6,6,6,9,53,+6.091,4833602,46,1,1:24.030,248.182,1
25712,1089,846,1,4,3,7,7,7,6,53,+6.207,4833718,43,5,1:24.718,246.167,1
25713,1089,842,213,10,5,8,8,8,4,53,+6.396,4833907,30,14,1:26.718,240.489,1
25714,1089,856,3,45,8,9,9,9,2,53,+7.122,4834633,41,13,1:26.624,240.75,1
25715,1089,855,51,24,9,10,10,10,1,53,+7.910,4835421,41,10,1:26.361,241.484,1
25716,1089,839,214,31,14,11,11,11,0,53,+8.323,4835834,37,11,1:26.593,240.837,1
25717,1089,854,210,47,17,12,12,12,0,53,+8.549,4836060,43,8,1:25.298,244.493,1
25718,1089,822,51,77,15,13,13,13,0,52,\N,\N,45,9,1:25.706,243.329,11
25719,1089,852,213,22,20,14,14,14,0,52,\N,\N,43,17,1:26.857,240.105,11
25720,1089,849,3,6,10,15,15,15,0,52,\N,\N,17,15,1:26.798,240.268,11
25721,1089,825,210,20,16,16,16,16,0,52,\N,\N,37,16,1:26.798,240.268,11
25722,1089,817,1,3,4,\N,R,17,0,45,\N,\N,39,12,1:26.603,240.809,44
25723,1089,840,117,18,12,\N,R,18,0,39,\N,\N,34,19,1:27.467,238.43,5
25724,1089,4,214,14,6,\N,R,19,0,31,\N,\N,7,18,1:27.203,239.152,34
25725,1089,20,117,5,11,\N,R,20,0,10,\N,\N,4,20,1:27.501,238.337,5
25726,1091,815,9,11,2,1,1,1,25,59,2:02:20.238,7340238,57,2,1:48.165,168.509,1
25727,1091,844,6,16,1,2,2,2,18,59,+2.595,7342833,54,4,1:48.753,167.598,1
25728,1091,832,6,55,4,3,3,3,15,59,+10.305,7350543,59,3,1:48.414,168.122,1
25729,1091,846,1,4,6,4,4,4,12,59,+21.133,7361371,56,6,1:49.212,166.893,1
25730,1091,817,1,3,16,5,5,5,10,59,+53.282,7393520,57,12,1:51.006,164.196,1
25731,1091,840,117,18,11,6,6,6,8,59,+56.330,7396568,58,7,1:50.283,165.272,1
25732,1091,830,9,1,8,7,7,7,6,59,+58.825,7399063,52,5,1:49.142,167,1
25733,1091,20,117,5,13,8,8,8,4,59,+60.032,7400270,58,11,1:50.669,164.696,1
25734,1091,1,131,44,3,9,9,9,2,59,+61.515,7401753,58,10,1:50.622,164.766,1
25735,1091,842,213,10,7,10,10,10,1,59,+69.576,7409814,56,9,1:50.569,164.845,1
25736,1091,822,51,77,15,11,11,11,0,59,+88.844,7429082,52,13,1:51.864,162.937,1
25737,1091,825,210,20,9,12,12,12,0,59,+92.610,7432848,59,14,1:52.067,162.641,1
25738,1091,854,210,47,12,13,13,13,0,58,\N,\N,58,8,1:50.290,165.262,11
25739,1091,847,131,63,0,14,14,14,0,57,\N,\N,54,1,1:46.458,171.211,12
25740,1091,852,213,22,10,\N,R,15,0,34,\N,\N,32,15,1:58.716,153.532,3
25741,1091,839,214,31,17,\N,R,16,0,26,\N,\N,24,17,2:01.105,150.504,5
25742,1091,848,3,23,18,\N,R,17,0,25,\N,\N,24,18,2:02.121,149.251,130
25743,1091,4,214,14,5,\N,R,18,0,20,\N,\N,19,16,2:00.463,151.306,5
25744,1091,849,3,6,19,\N,R,19,0,7,\N,\N,5,20,2:05.585,145.135,130
25745,1091,855,51,24,14,\N,R,20,0,6,\N,\N,5,19,2:05.556,145.168,4
25746,1092,830,9,1,1,1,1,1,25,28,1:01:44.004,3704004,10,4,1:44.911,199.266,1
25747,1092,815,9,11,4,2,2,2,18,28,+27.066,3731070,11,9,1:46.120,196.995,1
25748,1092,844,6,16,2,3,3,3,15,28,+31.763,3735767,10,3,1:44.489,200.07,1
25749,1092,839,214,31,5,4,4,4,12,28,+39.685,3743689,11,11,1:46.559,196.184,1
25750,1092,1,131,44,6,5,5,5,10,28,+40.326,3744330,11,7,1:45.530,198.097,1
25751,1092,20,117,5,9,6,6,6,8,28,+46.358,3750362,13,12,1:46.964,195.441,1
25752,1092,4,214,14,7,7,7,7,6,28,+46.369,3750373,25,2,1:44.412,200.218,1
25753,1092,847,131,63,8,8,8,8,4,28,+47.661,3751665,21,13,1:47.004,195.368,1
25754,1092,849,3,6,20,9,9,9,2,28,+70.143,3774147,12,18,1:48.371,192.904,1
25755,1092,846,1,4,10,10,10,10,1,28,+70.782,3774786,8,17,1:48.175,193.253,1
25756,1092,817,1,3,11,11,11,11,0,28,+72.877,3776881,11,15,1:47.843,193.848,1
25757,1092,840,117,18,19,12,12,12,0,28,+73.904,3777908,21,5,1:45.205,198.709,1
25758,1092,852,213,22,13,13,13,13,0,28,+75.599,3779603,22,8,1:45.893,197.418,1
25759,1092,825,210,20,18,14,14,14,0,28,+86.016,3790020,10,16,1:48.072,193.437,1
25760,1092,822,51,77,12,15,15,15,0,28,+86.496,3790500,11,14,1:47.820,193.889,1
25761,1092,855,51,24,14,16,16,16,0,28,+87.043,3791047,20,1,1:44.411,200.22,1
25762,1092,854,210,47,15,17,17,17,0,28,+92.523,3796527,22,6,1:45.387,198.366,1
25763,1092,842,213,10,17,18,18,18,0,28,+108.091,3812095,13,10,1:46.545,196.21,1
25764,1092,832,6,55,3,\N,R,19,0,0,\N,\N,\N,0,\N,\N,3
25765,1092,848,3,23,16,\N,R,20,0,0,\N,\N,\N,0,\N,\N,9
25766,1093,830,9,1,2,1,1,1,25,56,1:42:11.687,6131687,37,2,1:39.541,199.383,1
25767,1093,1,131,44,3,2,2,2,18,56,+5.023,6136710,45,5,1:39.830,198.805,1
25768,1093,844,6,16,12,3,3,3,15,56,+7.501,6139188,37,4,1:39.731,199.003,1
25769,1093,815,9,11,9,4,4,4,12,56,+8.293,6139980,44,3,1:39.563,199.339,1
25770,1093,847,131,63,4,5,5,5,11,56,+44.815,6176502,56,1,1:38.788,200.902,1
25771,1093,846,1,4,6,6,6,6,8,56,+53.785,6185472,49,7,1:41.322,195.878,1
25772,1093,4,214,14,14,7,7,7,6,56,+55.078,6186765,39,8,1:41.538,195.461,1
25773,1093,20,117,5,10,8,8,8,4,56,+65.354,6197041,35,16,1:42.546,193.54,1
25774,1093,825,210,20,13,9,9,9,2,56,+65.834,6197521,36,11,1:42.206,194.184,1
25775,1093,852,213,22,19,10,10,10,1,56,+70.919,6202606,49,6,1:41.243,196.031,1
25776,1093,839,214,31,0,11,11,11,0,56,+72.875,6204562,39,13,1:42.394,193.827,1
25777,1093,855,51,24,18,12,12,12,0,56,+76.164,6207851,46,15,1:42.471,193.682,1
25778,1093,848,3,23,8,13,13,13,0,56,+80.057,6211744,55,9,1:41.674,195.2,1
25779,1093,842,213,10,11,14,14,14,0,56,+81.763,6213450,55,12,1:42.320,193.967,1
25780,1093,854,210,47,16,15,15,15,0,56,+84.490,6216177,51,10,1:41.804,194.951,1
25781,1093,817,1,3,15,16,16,16,0,56,+90.487,6222174,55,14,1:42.420,193.778,1
25782,1093,849,3,6,17,17,17,17,0,56,+103.588,6235275,54,19,1:43.485,191.784,1
25783,1093,840,117,18,5,\N,R,18,0,21,\N,\N,3,17,1:43.080,192.537,4
25784,1093,822,51,77,7,\N,R,19,0,16,\N,\N,4,18,1:43.391,191.958,20
25785,1093,832,6,55,1,\N,R,20,0,1,\N,\N,\N,0,\N,\N,130
25786,1094,830,9,1,1,1,1,1,25,71,1:38:36.729,5916729,36,4,1:22.046,188.85,1
25787,1094,1,131,44,3,2,2,2,18,71,+15.186,5931915,32,5,1:22.062,188.813,1
25788,1094,815,9,11,4,3,3,3,15,71,+18.097,5934826,30,2,1:21.775,189.476,1
25789,1094,847,131,63,2,4,4,4,13,71,+49.431,5966160,71,1,1:20.153,193.31,1
25790,1094,832,6,55,5,5,5,5,10,71,+58.123,5974852,32,6,1:22.199,188.498,1
25791,1094,844,6,16,7,6,6,6,8,71,+68.774,5985503,48,10,1:22.603,187.576,1
25792,1094,817,1,3,11,7,7,7,6,70,\N,\N,48,3,1:22.022,188.905,11
25793,1094,839,214,31,10,8,8,8,4,70,\N,\N,48,14,1:23.279,186.054,11
25794,1094,846,1,4,8,9,9,9,2,70,\N,\N,48,17,1:23.402,185.779,11
25795,1094,822,51,77,6,10,10,10,1,70,\N,\N,43,16,1:23.363,185.866,11
25796,1094,842,213,10,14,11,11,11,0,70,\N,\N,42,8,1:22.277,188.319,11
25797,1094,848,3,23,17,12,12,12,0,70,\N,\N,48,12,1:22.914,186.873,11
25798,1094,855,51,24,12,13,13,13,0,70,\N,\N,47,7,1:22.260,188.358,11
25799,1094,20,117,5,16,14,14,14,0,70,\N,\N,45,13,1:23.086,186.486,11
25800,1094,840,117,18,20,15,15,15,0,70,\N,\N,42,9,1:22.463,187.895,11
25801,1094,854,210,47,15,16,16,16,0,70,\N,\N,30,19,1:23.641,185.248,11
25802,1094,825,210,20,19,17,17,17,0,70,\N,\N,49,15,1:23.300,186.007,11
25803,1094,849,3,6,18,18,18,18,0,69,\N,\N,56,20,1:23.709,185.098,12
25804,1094,4,214,14,9,19,19,19,0,63,\N,\N,48,11,1:22.866,186.981,5
25805,1094,852,213,22,13,\N,R,20,0,50,\N,\N,48,18,1:23.403,185.777,130
25806,1095,847,131,63,1,1,1,1,26,71,1:38:34.044,5914044,61,1,1:13.785,210.237,1
25807,1095,1,131,44,2,2,2,2,18,71,+1.529,5915573,63,2,1:13.942,209.791,1
25808,1095,832,6,55,7,3,3,3,15,71,+4.051,5918095,65,3,1:13.953,209.76,1
25809,1095,844,6,16,5,4,4,4,12,71,+8.441,5922485,63,6,1:14.253,208.912,1
25810,1095,4,214,14,17,5,5,5,10,71,+9.561,5923605,62,4,1:14.164,209.163,1
25811,1095,830,9,1,3,6,6,6,8,71,+10.056,5924100,64,5,1:14.195,209.076,1
25812,1095,815,9,11,4,7,7,7,6,71,+14.080,5928124,62,7,1:14.283,208.828,1
25813,1095,839,214,31,16,8,8,8,4,71,+18.690,5932734,65,9,1:15.093,206.575,1
25814,1095,822,51,77,14,9,9,9,2,71,+22.552,5936596,62,14,1:15.511,205.432,1
25815,1095,840,117,18,15,10,10,10,1,71,+23.552,5937596,50,8,1:14.831,207.299,1
25816,1095,20,117,5,9,11,11,11,0,71,+26.183,5940227,64,15,1:15.549,205.328,1
25817,1095,855,51,24,13,12,12,12,0,71,+29.325,5943369,64,17,1:15.802,204.643,1
25818,1095,854,210,47,12,13,13,13,0,71,+29.899,5943943,63,10,1:15.251,206.142,1
25819,1095,842,213,10,10,14,14,14,0,71,+31.867,5945911,64,12,1:15.327,205.934,1
25820,1095,848,3,23,19,15,15,15,0,71,+36.016,5950060,49,16,1:15.613,205.155,1
25821,1095,849,3,6,18,16,16,16,0,71,+37.038,5951082,59,11,1:15.327,205.934,1
25822,1095,852,213,22,0,17,17,17,0,70,\N,\N,63,13,1:15.508,205.44,11
25823,1095,846,1,4,6,\N,R,18,0,50,\N,\N,48,18,1:15.855,204.5,6
25824,1095,825,210,20,8,\N,R,19,0,0,\N,\N,\N,0,\N,\N,4
25825,1095,817,1,3,11,\N,R,20,0,0,\N,\N,\N,0,\N,\N,4
25826,1096,830,9,1,1,1,1,1,25,58,1:27:45.914,5265914,54,6,1:29.392,212.676,1
25827,1096,844,6,16,3,2,2,2,18,58,+8.771,5274685,48,10,1:29.719,211.901,1
25828,1096,815,9,11,2,3,3,3,15,58,+10.093,5276007,52,4,1:28.972,213.68,1
25829,1096,832,6,55,4,4,4,4,12,58,+24.892,5290806,50,3,1:28.879,213.904,1
25830,1096,847,131,63,6,5,5,5,10,58,+35.888,5301802,48,2,1:28.836,214.007,1
25831,1096,846,1,4,7,6,6,6,9,58,+56.234,5322148,44,1,1:28.391,215.085,1
25832,1096,839,214,31,8,7,7,7,6,58,+57.240,5323154,45,5,1:29.333,212.817,1
25833,1096,840,117,18,14,8,8,8,4,58,+76.931,5342845,42,9,1:29.620,212.135,1
25834,1096,817,1,3,13,9,9,9,2,58,+83.268,5349182,45,18,1:30.785,209.413,1
25835,1096,20,117,5,9,10,10,10,1,58,+83.898,5349812,35,15,1:30.312,210.51,1
25836,1096,852,213,22,11,11,11,11,0,58,+89.371,5355285,40,7,1:29.489,212.446,1
25837,1096,855,51,24,15,12,12,12,0,57,\N,\N,53,8,1:29.600,212.183,11
25838,1096,848,3,23,19,13,13,13,0,57,\N,\N,40,13,1:29.939,211.383,11
25839,1096,842,213,10,17,14,14,14,0,57,\N,\N,16,19,1:31.081,208.732,11
25840,1096,822,51,77,18,15,15,15,0,57,\N,\N,47,16,1:30.352,210.417,11
25841,1096,854,210,47,12,16,16,16,0,57,\N,\N,39,12,1:29.833,211.632,11
25842,1096,825,210,20,16,17,17,17,0,57,\N,\N,40,20,1:31.158,208.556,11
25843,1096,1,131,44,5,18,18,18,0,55,\N,\N,42,11,1:29.788,211.738,9
25844,1096,849,3,6,20,19,19,19,0,55,\N,\N,45,14,1:30.309,210.517,130
25845,1096,4,214,14,10,\N,R,20,0,27,\N,\N,24,17,1:30.579,209.889,47
25846,1098,830,9,1,1,1,1,1,25,57,1:33:56.736,5636736,44,6,1:36.236,202.452,1
25847,1098,815,9,11,2,2,2,2,18,57,+11.987,5648723,37,7,1:36.344,202.225,1
25848,1098,4,117,14,5,3,3,3,15,57,+38.637,5675373,36,5,1:36.156,202.62,1
25849,1098,832,6,55,4,4,4,4,12,57,+48.052,5684788,37,14,1:37.130,200.588,1
25850,1098,1,131,44,7,5,5,5,10,57,+50.977,5687713,36,10,1:36.546,201.802,1
25851,1098,840,117,18,8,6,6,6,8,57,+54.502,5691238,32,9,1:36.546,201.802,1
25852,1098,847,131,63,6,7,7,7,6,57,+55.873,5692609,33,17,1:37.221,200.401,1
25853,1098,822,51,77,12,8,8,8,4,57,+72.647,5709383,31,18,1:37.379,200.075,1
25854,1098,842,214,10,20,9,9,9,2,57,+73.753,5710489,42,2,1:35.068,204.939,1
25855,1098,848,3,23,15,10,10,10,1,57,+89.774,5726510,43,15,1:37.144,200.559,1
25856,1098,852,213,22,14,11,11,11,0,57,+90.870,5727606,42,12,1:36.637,201.612,1
25857,1098,858,3,2,16,12,12,12,0,56,\N,\N,42,4,1:36.037,202.871,11
25858,1098,825,210,20,17,13,13,13,0,56,\N,\N,42,8,1:36.471,201.959,11
25859,1098,856,213,21,19,14,14,14,0,56,\N,\N,30,19,1:37.709,199.4,11
25860,1098,807,210,27,10,15,15,15,0,56,\N,\N,42,11,1:36.616,201.656,11
25861,1098,855,51,24,13,16,16,16,0,56,\N,\N,56,1,1:33.996,207.276,11
25862,1098,846,1,4,11,17,17,17,0,55,\N,\N,51,3,1:35.822,203.327,12
25863,1098,839,214,31,9,\N,R,18,0,41,\N,\N,34,13,1:36.797,201.278,26
25864,1098,844,6,16,3,\N,R,19,0,39,\N,\N,37,16,1:37.170,200.506,5
25865,1098,857,1,81,18,\N,R,20,0,13,\N,\N,3,20,1:40.691,193.494,10
25866,1099,815,9,11,1,1,1,1,25,50,1:21:14.894,4874894,38,2,1:32.188,241.098,1
25867,1099,830,9,1,15,2,2,2,19,50,+5.355,4880249,50,1,1:31.906,241.838,1
25868,1099,4,117,14,2,3,3,3,15,50,+20.728,4895622,50,3,1:32.240,240.962,1
25869,1099,847,131,63,3,4,4,4,12,50,+25.866,4900760,50,4,1:32.433,240.459,1
25870,1099,1,131,44,7,5,5,5,10,50,+31.065,4905959,47,6,1:32.941,239.145,1
25871,1099,832,6,55,4,6,6,6,8,50,+35.876,4910770,50,5,1:32.822,239.451,1
25872,1099,844,6,16,12,7,7,7,6,50,+43.162,4918056,47,7,1:33.056,238.849,1
25873,1099,839,214,31,6,8,8,8,4,50,+52.832,4927726,49,8,1:33.222,238.424,1
25874,1099,842,214,10,9,9,9,9,2,50,+54.747,4929641,50,10,1:33.392,237.99,1
25875,1099,825,210,20,13,10,10,10,1,50,+64.826,4939720,44,9,1:33.374,238.036,1
25876,1099,852,213,22,16,11,11,11,0,50,+67.494,4942388,50,14,1:33.931,236.624,1
25877,1099,807,210,27,10,12,12,12,0,50,+70.588,4945482,50,12,1:33.780,237.005,1
25878,1099,855,51,24,11,13,13,13,0,50,+76.060,4950954,49,13,1:33.894,236.718,1
25879,1099,856,213,21,18,14,14,14,0,50,+77.478,4952372,49,11,1:33.609,237.438,1
25880,1099,857,1,81,8,15,15,15,0,50,+85.021,4959915,48,16,1:34.287,235.731,1
25881,1099,858,3,2,20,16,16,16,0,50,+86.293,4961187,49,18,1:34.469,235.277,1
25882,1099,846,1,4,19,17,17,17,0,50,+86.445,4961339,49,15,1:34.122,236.144,1
25883,1099,822,51,77,14,18,18,18,0,49,\N,\N,37,17,1:34.384,235.489,11
25884,1099,848,3,23,17,\N,R,19,0,27,\N,\N,24,20,1:35.567,232.574,23
25885,1099,840,117,18,5,\N,R,20,0,16,\N,\N,7,19,1:35.140,233.617,5
25886,1100,830,9,1,1,1,1,1,25,58,2:32:38.371,9158371,49,2,1:20.342,236.498,1
25887,1100,1,131,44,3,2,2,2,18,58,+0.179,9158550,49,5,1:20.613,235.703,1
25888,1100,4,117,14,4,3,3,3,15,58,+0.769,9159140,53,4,1:20.476,236.105,1
25889,1100,840,117,18,6,4,4,4,12,58,+3.082,9161453,50,6,1:20.934,234.769,1
25890,1100,815,9,11,0,5,5,5,11,58,+3.320,9161691,53,1,1:20.235,236.814,1
25891,1100,846,1,4,13,6,6,6,8,58,+3.701,9162072,46,9,1:21.173,234.077,1
25892,1100,807,210,27,10,7,7,7,6,58,+4.939,9163310,46,8,1:21.124,234.219,1
25893,1100,857,1,81,16,8,8,8,4,58,+5.382,9163753,53,12,1:21.335,233.611,1
25894,1100,855,51,24,17,9,9,9,2,58,+5.713,9164084,48,16,1:21.819,232.229,1
25895,1100,852,213,22,12,10,10,10,1,58,+6.052,9164423,52,15,1:21.789,232.314,1
25896,1100,822,51,77,0,11,11,11,0,58,+6.513,9164884,46,17,1:22.233,231.06,1
25897,1100,832,6,55,5,12,12,12,0,58,+6.594,9164965,53,3,1:20.467,236.131,1
25898,1100,842,214,10,9,13,13,13,0,56,\N,\N,47,7,1:20.995,234.592,4
25899,1100,839,214,31,11,14,14,14,0,56,\N,\N,44,11,1:21.203,233.991,4
25900,1100,856,213,21,15,15,15,15,0,56,\N,\N,50,10,1:21.183,234.049,4
25901,1100,858,3,2,18,16,16,16,0,56,\N,\N,50,13,1:21.456,233.264,4
25902,1100,825,210,20,14,17,17,17,0,52,\N,\N,52,14,1:21.685,232.61,3
25903,1100,847,131,63,2,\N,R,18,0,17,\N,\N,16,18,1:22.680,229.811,5
25904,1100,848,3,23,8,\N,R,19,0,6,\N,\N,6,19,1:23.349,227.966,3
25905,1100,844,6,16,7,\N,R,20,0,0,\N,\N,\N,0,\N,\N,4
25906,1101,815,9,11,3,1,1,1,25,51,1:32:42.436,5562436,50,5,1:44.589,206.625,1
25907,1101,830,9,1,2,2,2,2,18,51,+2.137,5564573,51,2,1:44.232,207.333,1
25908,1101,844,6,16,1,3,3,3,15,51,+21.217,5583653,49,4,1:44.561,206.681,1
25909,1101,4,117,14,6,4,4,4,12,51,+22.024,5584460,49,3,1:44.241,207.315,1
25910,1101,832,6,55,4,5,5,5,10,51,+45.491,5607927,48,6,1:45.175,205.474,1
25911,1101,1,131,44,5,6,6,6,8,51,+46.145,5608581,48,7,1:45.346,205.141,1
25912,1101,840,117,18,9,7,7,7,6,51,+51.617,5614053,45,9,1:45.627,204.595,1
25913,1101,847,131,63,11,8,8,8,5,51,+74.240,5636676,51,1,1:43.370,209.062,1
25914,1101,846,1,4,7,9,9,9,2,51,+80.376,5642812,49,12,1:45.738,204.38,1
25915,1101,852,213,22,8,10,10,10,1,51,+83.862,5646298,51,11,1:45.727,204.401,1
25916,1101,857,1,81,10,11,11,11,0,51,+86.501,5648937,51,10,1:45.631,204.587,1
25917,1101,848,3,23,12,12,12,12,0,51,+88.623,5651059,51,15,1:45.925,204.019,1
25918,1101,825,210,20,16,13,13,13,0,51,+89.729,5652165,51,13,1:45.850,204.164,1
25919,1101,842,214,10,17,14,14,14,0,51,+91.332,5653768,47,8,1:45.540,204.764,1
25920,1101,839,214,31,0,15,15,15,0,51,+97.794,5660230,49,14,1:45.908,204.052,1
25921,1101,858,3,2,14,16,16,16,0,51,+100.943,5663379,49,17,1:46.501,202.916,1
25922,1101,807,210,27,0,17,17,17,0,50,\N,\N,34,18,1:46.731,202.479,11
25923,1101,822,51,77,13,18,18,18,0,50,\N,\N,36,16,1:46.304,203.292,11
25924,1101,855,51,24,15,\N,R,19,0,36,\N,\N,31,19,1:47.553,200.931,25
25925,1101,856,213,21,18,\N,R,20,0,9,\N,\N,4,20,1:48.781,198.663,3
25926,1102,830,9,1,9,1,1,1,26,57,1:27:38.241,5258241,56,1,1:29.708,217.184,1
25927,1102,815,9,11,1,2,2,2,18,57,+5.384,5263625,57,3,1:30.560,215.141,1
25928,1102,4,117,14,2,3,3,3,15,57,+26.305,5284546,57,2,1:30.519,215.238,1
25929,1102,847,131,63,6,4,4,4,12,57,+33.229,5291470,57,7,1:31.015,214.065,1
25930,1102,832,6,55,3,5,5,5,10,57,+42.511,5300752,55,10,1:31.362,213.252,1
25931,1102,1,131,44,13,6,6,6,8,57,+51.249,5309490,57,4,1:30.669,214.882,1
25932,1102,844,6,16,7,7,7,7,6,57,+52.988,5311229,57,11,1:31.434,213.084,1
25933,1102,842,214,10,5,8,8,8,4,57,+55.670,5313911,55,17,1:31.971,211.84,1
25934,1102,839,214,31,8,9,9,9,2,57,+58.123,5316364,56,9,1:31.143,213.765,1
25935,1102,825,210,20,4,10,10,10,1,57,+62.945,5321186,53,13,1:31.691,212.487,1
25936,1102,852,213,22,17,11,11,11,0,57,+64.309,5322550,56,8,1:31.038,214.011,1
25937,1102,840,117,18,18,12,12,12,0,57,+64.754,5322995,44,5,1:30.862,214.426,1
25938,1102,822,51,77,10,13,13,13,0,57,+71.637,5329878,56,15,1:31.838,212.147,1
25939,1102,848,3,23,11,14,14,14,0,57,+72.861,5331102,55,16,1:31.852,212.115,1
25940,1102,807,210,27,12,15,15,15,0,57,+74.950,5333191,36,6,1:30.901,214.334,1
25941,1102,855,51,24,14,16,16,16,0,57,+78.440,5336681,56,14,1:31.736,212.383,1
25942,1102,846,1,4,16,17,17,17,0,57,+87.717,5345958,47,20,1:32.401,210.854,1
25943,1102,856,213,21,15,18,18,18,0,57,+88.949,5347190,57,12,1:31.562,212.786,1
25944,1102,857,1,81,19,19,19,19,0,56,\N,\N,56,18,1:32.006,211.76,11
25945,1102,858,3,2,20,20,20,20,0,56,\N,\N,50,19,1:32.384,210.893,11
25946,1104,830,9,1,1,1,1,1,25,78,1:48:51.980,6531980,23,7,1:16.604,156.822,1
25947,1104,4,117,14,2,2,2,2,18,78,+27.921,6559901,43,9,1:16.674,156.678,1
25948,1104,839,214,31,3,3,3,3,15,78,+36.990,6568970,41,6,1:16.528,156.977,1
25949,1104,1,131,44,5,4,4,4,13,78,+39.062,6571042,33,1,1:15.650,158.799,1
25950,1104,847,131,63,8,5,5,5,10,78,+56.284,6588264,48,10,1:16.798,156.425,1
25951,1104,844,6,16,6,6,6,6,8,78,+61.890,6593870,46,2,1:15.773,158.541,1
25952,1104,842,214,10,7,7,7,7,6,78,+62.362,6594342,49,3,1:15.831,158.42,1
25953,1104,832,6,55,4,8,8,8,4,78,+63.391,6595371,43,5,1:16.449,157.14,1
25954,1104,846,1,4,10,9,9,9,2,77,\N,\N,46,19,1:17.844,154.324,11
25955,1104,857,1,81,11,10,10,10,1,77,\N,\N,47,14,1:17.513,154.983,11
25956,1104,822,51,77,15,11,11,11,0,77,\N,\N,19,18,1:17.824,154.363,11
25957,1104,856,213,21,12,12,12,12,0,77,\N,\N,43,15,1:17.561,154.887,11
25958,1104,855,51,24,19,13,13,13,0,77,\N,\N,5,11,1:16.926,156.165,11
25959,1104,848,3,23,13,14,14,14,0,77,\N,\N,24,8,1:16.672,156.683,11
25960,1104,852,213,22,9,15,15,15,0,76,\N,\N,36,16,1:17.680,154.649,12
25961,1104,815,9,11,20,16,16,16,0,76,\N,\N,5,4,1:16.269,157.51,12
25962,1104,807,210,27,18,17,17,17,0,76,\N,\N,6,12,1:16.991,156.033,12
25963,1104,858,3,2,16,18,18,18,0,76,\N,\N,32,13,1:17.302,155.406,12
25964,1104,825,210,20,17,\N,R,19,0,70,\N,\N,41,20,1:18.351,153.325,130
25965,1104,840,117,18,14,\N,R,20,0,53,\N,\N,18,17,1:17.769,154.472,3
25966,1105,830,9,1,1,1,1,1,26,66,1:27:57.940,5277940,61,1,1:16.330,219.641,1
25967,1105,1,131,44,4,2,2,2,18,66,+24.090,5302030,62,3,1:16.676,218.649,1
25968,1105,847,131,63,12,3,3,3,15,66,+32.389,5310329,48,5,1:17.875,215.283,1
25969,1105,815,9,11,11,4,4,4,12,66,+35.812,5313752,52,2,1:16.666,218.678,1
25970,1105,832,6,55,2,5,5,5,10,66,+45.698,5323638,60,11,1:18.403,213.833,1
25971,1105,840,117,18,5,6,6,6,8,66,+63.320,5341260,56,14,1:18.722,212.967,1
25972,1105,4,117,14,8,7,7,7,6,66,+64.127,5342067,49,7,1:18.083,214.709,1
25973,1105,839,214,31,6,8,8,8,4,66,+69.242,5347182,54,18,1:18.946,212.362,1
25974,1105,855,51,24,13,9,9,9,2,66,+71.878,5349818,38,15,1:18.753,212.883,1
25975,1105,842,214,10,10,10,10,10,1,66,+73.530,5351470,41,10,1:18.375,213.91,1
25976,1105,844,6,16,19,11,11,11,0,66,+74.419,5352359,52,9,1:18.357,213.959,1
25977,1105,852,213,22,15,12,12,12,0,66,+75.416,5353356,59,17,1:18.904,212.475,1
25978,1105,857,1,81,9,13,13,13,0,65,\N,\N,41,13,1:18.679,213.083,11
25979,1105,856,213,21,14,14,14,14,0,65,\N,\N,41,12,1:18.594,213.313,11
25980,1105,807,210,27,7,15,15,15,0,65,\N,\N,53,16,1:18.776,212.821,11
25981,1105,848,3,23,18,16,16,16,0,65,\N,\N,59,19,1:19.133,211.861,11
25982,1105,846,1,4,3,17,17,17,0,65,\N,\N,55,4,1:17.182,217.216,11
25983,1105,825,210,20,17,18,18,18,0,65,\N,\N,44,6,1:18.069,214.748,11
25984,1105,822,51,77,16,19,19,19,0,65,\N,\N,50,8,1:18.242,214.273,11
25985,1105,858,3,2,20,20,20,20,0,65,\N,\N,41,20,1:19.247,211.556,11
25986,1106,830,9,1,1,1,1,1,25,70,1:33:58.348,5638348,68,3,1:15.594,207.683,1
25987,1106,4,117,14,2,2,2,2,18,70,+9.570,5647918,62,4,1:15.779,207.176,1
25988,1106,1,131,44,3,3,3,3,15,70,+14.168,5652516,47,2,1:15.396,208.228,1
25989,1106,844,6,16,10,4,4,4,12,70,+18.648,5656996,47,5,1:15.907,206.826,1
25990,1106,832,6,55,11,5,5,5,10,70,+21.540,5659888,47,6,1:15.911,206.815,1
25991,1106,815,9,11,12,6,6,6,9,70,+51.028,5689376,70,1,1:14.481,210.786,1
25992,1106,848,3,23,9,7,7,7,6,70,+60.813,5699161,68,16,1:16.917,204.11,1
25993,1106,839,214,31,6,8,8,8,4,70,+61.692,5700040,63,15,1:16.782,204.469,1
25994,1106,840,117,18,16,9,9,9,2,70,+64.402,5702750,58,10,1:16.564,205.051,1
25995,1106,822,51,77,14,10,10,10,1,70,+64.432,5702780,52,12,1:16.625,204.888,1
25996,1106,857,1,81,8,11,11,11,0,70,+65.101,5703449,59,11,1:16.598,204.96,1
25997,1106,842,214,10,15,12,12,12,0,70,+65.249,5703597,67,9,1:16.425,205.424,1
25998,1106,846,1,4,7,13,13,13,0,70,+68.363,5706711,65,8,1:16.374,205.562,1
25999,1106,852,213,22,19,14,14,14,0,70,+73.423,5711771,68,14,1:16.666,204.779,1
26000,1106,807,210,27,5,15,15,15,0,69,\N,\N,37,19,1:17.232,203.278,11
26001,1106,855,51,24,20,16,16,16,0,69,\N,\N,58,17,1:17.090,203.652,11
26002,1106,825,210,20,13,17,17,17,0,69,\N,\N,55,7,1:16.126,206.231,11
26003,1106,856,213,21,17,18,18,18,0,69,\N,\N,52,13,1:16.656,204.805,11
26004,1106,847,131,63,4,\N,R,19,0,53,\N,\N,44,18,1:17.097,203.634,23
26005,1106,858,3,2,18,\N,R,20,0,6,\N,\N,4,20,1:18.437,200.155,5
26006,1107,830,9,1,1,1,1,1,26,71,1:25:33.607,5133607,71,1,1:07.012,231.97,1
26007,1107,844,6,16,2,2,2,2,18,71,+5.155,5138762,51,5,1:08.820,225.876,1
26008,1107,815,9,11,15,3,3,3,15,71,+17.188,5150795,52,2,1:08.111,228.227,1
26009,1107,846,1,4,4,4,4,4,12,71,+26.327,5159934,48,4,1:08.739,226.142,1
26010,1107,4,117,14,7,5,5,5,10,71,+30.317,5163924,54,8,1:09.108,224.934,1
26011,1107,832,6,55,3,6,6,6,8,71,+31.377,5164984,50,6,1:08.880,225.679,1
26012,1107,847,131,63,11,7,7,7,6,71,+48.403,5182010,49,10,1:09.283,224.366,1
26013,1107,1,131,44,5,8,8,8,4,71,+49.196,5182803,48,9,1:09.160,224.765,1
26014,1107,840,117,18,6,9,9,9,2,71,+59.043,5192650,57,3,1:08.463,227.054,1
26015,1107,842,214,10,9,10,10,10,1,71,+67.667,5201274,48,7,1:09.046,225.136,1
26016,1107,848,3,23,10,11,11,11,0,71,+79.767,5213374,53,11,1:09.560,223.473,1
26017,1107,855,51,24,17,12,12,12,0,70,\N,\N,46,14,1:09.786,222.749,11
26018,1107,858,3,2,18,13,13,13,0,70,\N,\N,45,12,1:09.611,223.309,11
26019,1107,839,214,31,12,14,14,14,0,70,\N,\N,50,15,1:09.797,222.714,11
26020,1107,822,51,77,14,15,15,15,0,70,\N,\N,49,18,1:09.940,222.259,11
26021,1107,857,1,81,13,16,16,16,0,70,\N,\N,46,17,1:09.862,222.507,11
26022,1107,856,213,21,0,17,17,17,0,70,\N,\N,46,16,1:09.852,222.539,11
26023,1107,825,210,20,0,18,18,18,0,70,\N,\N,37,19,1:10.176,221.511,11
26024,1107,852,213,22,16,19,19,19,0,70,\N,\N,45,13,1:09.620,223.28,11
26025,1107,807,210,27,8,\N,R,20,0,12,\N,\N,7,20,1:11.066,218.737,75
26026,1108,830,9,1,1,1,1,1,26,52,1:25:16.938,5116938,42,1,1:30.275,234.922,1
26027,1108,846,1,4,2,2,2,2,18,52,+3.798,5120736,43,2,1:30.543,234.226,1
26028,1108,1,131,44,7,3,3,3,15,52,+6.783,5123721,43,3,1:30.545,234.221,1
26029,1108,857,1,81,3,4,4,4,12,52,+7.776,5124714,41,4,1:30.850,233.435,1
26030,1108,847,131,63,6,5,5,5,10,52,+11.206,5128144,41,6,1:31.124,232.733,1
26031,1108,815,9,11,15,6,6,6,8,52,+12.882,5129820,51,5,1:30.914,233.271,1
26032,1108,4,117,14,9,7,7,7,6,52,+17.193,5134131,48,9,1:31.338,232.188,1
26033,1108,848,3,23,8,8,8,8,4,52,+17.878,5134816,41,8,1:31.273,232.353,1
26034,1108,844,6,16,4,9,9,9,2,52,+18.689,5135627,48,7,1:31.255,232.399,1
26035,1108,832,6,55,5,10,10,10,1,52,+19.448,5136386,51,10,1:31.366,232.116,1
26036,1108,858,3,2,14,11,11,11,0,52,+23.632,5140570,42,13,1:31.699,231.274,1
26037,1108,822,51,77,20,12,12,12,0,52,+25.830,5142768,52,16,1:31.852,230.888,1
26038,1108,807,210,27,11,13,13,13,0,52,+26.663,5143601,52,15,1:31.776,231.08,1
26039,1108,840,117,18,12,14,14,14,0,52,+27.483,5144421,42,11,1:31.508,231.756,1
26040,1108,855,51,24,17,15,15,15,0,52,+29.820,5146758,48,14,1:31.769,231.097,1
26041,1108,852,213,22,16,16,16,16,0,52,+31.225,5148163,48,17,1:32.084,230.307,1
26042,1108,856,213,21,18,17,17,17,0,52,+33.128,5150066,48,18,1:32.353,229.636,1
26043,1108,842,214,10,10,18,18,18,0,46,\N,\N,42,12,1:31.539,231.678,130
26044,1108,825,210,20,19,\N,R,19,0,31,\N,\N,29,19,1:33.356,227.169,5
26045,1108,839,214,31,13,\N,R,20,0,9,\N,\N,4,20,1:33.941,225.754,44
26046,1109,830,9,1,2,1,1,1,26,70,1:38:08.634,5888634,53,1,1:20.504,195.91,1
26047,1109,846,1,4,3,2,2,2,18,70,+33.731,5922365,50,4,1:22.178,191.919,1
26048,1109,815,9,11,9,3,3,3,15,70,+37.603,5926237,53,5,1:22.295,191.647,1
26049,1109,1,131,44,1,4,4,4,12,70,+39.134,5927768,54,2,1:21.601,193.277,1
26050,1109,857,1,81,4,5,5,5,10,70,+62.572,5951206,45,8,1:22.736,190.625,1
26051,1109,847,131,63,18,6,6,6,8,70,+65.825,5954459,48,3,1:22.158,191.966,1
26052,1109,844,6,16,6,7,7,7,6,70,+70.317,5958951,50,6,1:22.469,191.242,1
26053,1109,832,6,55,11,8,8,8,4,70,+71.073,5959707,54,7,1:22.584,190.976,1
26054,1109,4,117,14,8,9,9,9,2,70,+75.709,5964343,51,9,1:22.745,190.604,1
26055,1109,840,117,18,14,10,10,10,1,69,\N,\N,54,11,1:23.425,189.051,11
26056,1109,848,3,23,16,11,11,11,0,69,\N,\N,54,18,1:24.051,187.643,11
26057,1109,822,51,77,7,12,12,12,0,69,\N,\N,42,14,1:23.651,188.54,11
26058,1109,817,213,3,13,13,13,13,0,69,\N,\N,67,17,1:23.934,187.904,11
26059,1109,807,210,27,10,14,14,14,0,69,\N,\N,42,13,1:23.573,188.716,11
26060,1109,852,213,22,17,15,15,15,0,69,\N,\N,68,10,1:23.269,189.405,11
26061,1109,855,51,24,5,16,16,16,0,69,\N,\N,12,15,1:23.743,188.333,11
26062,1109,825,210,20,19,17,17,17,0,69,\N,\N,54,16,1:23.864,188.061,11
26063,1109,858,3,2,20,\N,R,18,0,67,\N,\N,36,12,1:23.496,188.89,31
26064,1109,839,214,31,12,\N,R,19,0,2,\N,\N,\N,0,\N,\N,130
26065,1109,842,214,10,15,\N,R,20,0,1,\N,\N,\N,0,\N,\N,130
26066,1110,830,9,1,6,1,1,1,25,44,1:22:30.450,4950450,32,2,1:48.922,231.49,1
26067,1110,815,9,11,2,2,2,2,18,44,+22.305,4972755,31,6,1:50.308,228.581,1
26068,1110,844,6,16,1,3,3,3,15,44,+32.259,4982709,30,7,1:50.436,228.316,1
26069,1110,1,131,44,3,4,4,4,13,44,+49.671,5000121,44,1,1:47.305,234.978,1
26070,1110,4,117,14,9,5,5,5,10,44,+56.184,5006634,42,13,1:50.938,227.283,1
26071,1110,847,131,63,8,6,6,6,8,44,+63.101,5013551,25,11,1:50.603,227.972,1
26072,1110,846,1,4,7,7,7,7,6,44,+73.719,5024169,26,18,1:51.682,225.769,1
26073,1110,839,214,31,14,8,8,8,4,44,+74.719,5025169,27,8,1:50.439,228.31,1
26074,1110,840,117,18,10,9,9,9,2,44,+79.340,5029790,26,16,1:51.297,226.55,1
26075,1110,852,213,22,11,10,10,10,1,44,+80.221,5030671,26,17,1:51.394,226.353,1
26076,1110,842,214,10,12,11,11,11,0,44,+83.084,5033534,25,12,1:50.911,227.339,1
26077,1110,822,51,77,13,12,12,12,0,44,+85.191,5035641,26,10,1:50.515,228.153,1
26078,1110,855,51,24,17,13,13,13,0,44,+95.441,5045891,27,5,1:50.188,228.83,1
26079,1110,848,3,23,15,14,14,14,0,44,+96.184,5046634,35,3,1:49.841,229.553,1
26080,1110,825,210,20,16,15,15,15,0,44,+101.754,5052204,27,14,1:50.993,227.171,1
26081,1110,817,213,3,19,16,16,16,0,44,+103.071,5053521,25,15,1:50.994,227.169,1
26082,1110,858,3,2,18,17,17,17,0,44,+104.476,5054926,37,9,1:50.486,228.213,1
26083,1110,807,210,27,0,18,18,18,0,44,+110.450,5060900,26,4,1:49.907,229.415,1
26084,1110,832,6,55,4,\N,R,19,0,23,\N,\N,9,19,1:53.138,222.864,130
26085,1110,857,1,81,5,\N,R,20,0,0,\N,\N,\N,0,\N,\N,130
26086,1111,830,9,1,1,1,1,1,25,72,2:24:04.411,8644411,58,2,1:13.889,207.505,1
26087,1111,4,117,14,5,2,2,2,19,72,+3.744,8648155,56,1,1:13.837,207.651,1
26088,1111,842,214,10,12,3,3,3,15,72,+7.058,8651469,55,7,1:14.441,205.967,1
26089,1111,815,9,11,7,4,4,4,12,72,+10.068,8654479,59,4,1:14.231,206.549,1
26090,1111,832,6,55,6,5,5,5,10,72,+12.541,8656952,54,13,1:14.934,204.612,1
26091,1111,1,131,44,13,6,6,6,8,72,+13.209,8657620,58,3,1:13.904,207.463,1
26092,1111,846,1,4,2,7,7,7,6,72,+13.232,8657643,50,6,1:14.390,206.108,1
26093,1111,848,3,23,4,8,8,8,4,72,+15.155,8659566,55,8,1:14.468,205.892,1
26094,1111,857,1,81,8,9,9,9,2,72,+16.580,8660991,54,5,1:14.299,206.36,1
26095,1111,839,214,31,16,10,10,10,1,72,+18.346,8662757,51,10,1:14.570,205.61,1
26096,1111,840,117,18,11,11,11,11,0,72,+20.087,8664498,37,15,1:15.171,203.966,1
26097,1111,807,210,27,14,12,12,12,0,72,+20.840,8665251,53,9,1:14.472,205.881,1
26098,1111,859,213,40,19,13,13,13,0,72,+26.147,8670558,49,12,1:14.820,204.923,1
26099,1111,822,51,77,18,14,14,14,0,72,+27.388,8671799,49,11,1:14.698,205.258,1
26100,1111,852,213,22,17,15,15,15,0,72,+29.893,8674304,35,18,1:16.253,201.072,1
26101,1111,825,210,20,0,16,16,16,0,72,+31.410,8675821,37,17,1:15.489,203.107,1
26102,1111,847,131,63,3,17,17,17,0,72,+55.754,8700165,54,14,1:15.124,204.094,1
26103,1111,855,51,24,15,\N,R,18,0,62,\N,\N,39,16,1:15.417,203.301,3
26104,1111,844,6,16,9,\N,R,19,0,41,\N,\N,33,19,1:17.277,198.408,140
26105,1111,858,3,2,10,\N,R,20,0,14,\N,\N,13,20,1:17.399,198.095,3
26106,1112,830,9,1,2,1,1,1,25,51,1:13:41.143,4421143,33,2,1:25.240,244.659,1
26107,1112,815,9,11,5,2,2,2,18,51,+6.064,4427207,39,4,1:25.522,243.853,1
26108,1112,832,6,55,1,3,3,3,15,51,+11.193,4432336,30,3,1:25.501,243.912,1
26109,1112,844,6,16,3,4,4,4,12,51,+11.377,4432520,38,5,1:25.580,243.687,1
26110,1112,847,131,63,4,5,5,5,10,51,+23.028,4444171,38,9,1:25.847,242.929,1
26111,1112,1,131,44,8,6,6,6,8,51,+42.679,4463822,29,6,1:25.582,243.682,1
26112,1112,848,3,23,6,7,7,7,6,51,+45.106,4466249,33,16,1:26.389,241.405,1
26113,1112,846,1,4,9,8,8,8,4,51,+45.449,4466592,24,14,1:26.144,242.092,1
26114,1112,4,117,14,10,9,9,9,2,51,+46.294,4467437,43,13,1:26.105,242.201,1
26115,1112,822,51,77,14,10,10,10,1,51,+64.056,4485199,27,12,1:25.988,242.531,1
26116,1112,859,213,40,12,11,11,11,0,51,+70.638,4491781,44,8,1:25.842,242.944,1
26117,1112,857,1,81,7,12,12,12,0,51,+73.074,4494217,43,1,1:25.072,245.142,1
26118,1112,858,3,2,15,13,13,13,0,51,+78.557,4499700,16,18,1:26.840,240.152,1
26119,1112,855,51,24,16,14,14,14,0,51,+80.164,4501307,35,11,1:25.983,242.545,1
26120,1112,842,214,10,17,15,15,15,0,51,+82.510,4503653,44,7,1:25.758,243.181,1
26121,1112,840,117,18,20,16,16,16,0,51,+87.266,4508409,31,17,1:26.617,240.77,1
26122,1112,807,210,27,13,17,17,17,0,50,\N,\N,50,10,1:25.894,242.796,11
26123,1112,825,210,20,19,18,18,18,0,50,\N,\N,42,15,1:26.278,241.716,11
26124,1112,839,214,31,18,\N,R,19,0,39,\N,\N,33,19,1:26.963,239.812,38
26125,1112,852,213,22,11,\N,R,20,0,0,\N,\N,\N,0,\N,\N,5
26126,1113,832,6,55,1,1,1,1,25,62,1:46:37.418,6397418,47,7,1:37.666,182.089,1
26127,1113,846,1,4,4,2,2,2,18,62,+0.812,6398230,46,8,1:38.046,181.384,1
26128,1113,1,131,44,5,3,3,3,16,62,+1.269,6398687,47,1,1:35.867,185.507,1
26129,1113,844,6,16,3,4,4,4,12,62,+21.177,6418595,46,11,1:38.275,180.961,1
26130,1113,830,9,1,11,5,5,5,10,62,+21.441,6418859,61,4,1:36.575,184.147,1
26131,1113,842,214,10,12,6,6,6,8,62,+38.441,6435859,46,12,1:38.277,180.957,1
26132,1113,857,1,81,17,7,7,7,6,62,+41.479,6438897,46,13,1:38.492,180.562,1
26133,1113,815,9,11,13,8,8,8,4,62,+59.534,6456952,61,5,1:37.108,183.136,1
26134,1113,859,213,40,10,9,9,9,2,62,+65.918,6463336,47,15,1:39.028,179.585,1
26135,1113,825,210,20,6,10,10,10,1,62,+72.116,6469534,48,10,1:38.107,181.271,1
26136,1113,848,3,23,14,11,11,11,0,62,+73.417,6470835,46,6,1:37.342,182.696,1
26137,1113,855,51,24,0,12,12,12,0,62,+83.649,6481067,46,16,1:39.316,179.064,1
26138,1113,807,210,27,9,13,13,13,0,62,+86.201,6483619,50,17,1:39.923,177.977,1
26139,1113,858,3,2,18,14,14,14,0,62,+86.889,6484307,45,14,1:38.531,180.491,1
26140,1113,4,117,14,7,15,15,15,0,62,+87.603,6485021,47,3,1:36.456,184.374,1
26141,1113,847,131,63,2,16,16,16,0,61,\N,\N,46,2,1:36.273,184.724,3
26142,1113,822,51,77,16,\N,R,17,0,51,\N,\N,51,9,1:38.075,181.33,39
26143,1113,839,214,31,8,\N,R,18,0,42,\N,\N,33,18,1:39.930,177.964,6
26144,1113,852,213,22,15,\N,R,19,0,0,\N,\N,\N,0,\N,\N,4
26145,1113,840,117,18,0,\N,W,20,0,0,\N,\N,\N,0,\N,\N,54
26146,1114,830,9,1,1,1,1,1,26,53,1:30:58.421,5458421,39,1,1:34.183,221.963,1
26147,1114,846,1,4,3,2,2,2,18,53,+19.387,5477808,40,2,1:35.247,219.484,1
26148,1114,857,1,81,2,3,3,3,15,53,+36.494,5494915,38,5,1:36.328,217.021,1
26149,1114,844,6,16,4,4,4,4,12,53,+43.998,5502419,40,6,1:36.362,216.944,1
26150,1114,1,131,44,7,5,5,5,10,53,+49.376,5507797,36,3,1:35.611,218.648,1
26151,1114,832,6,55,6,6,6,6,8,53,+50.221,5508642,40,4,1:36.187,217.339,1
26152,1114,847,131,63,8,7,7,7,6,53,+57.659,5516080,27,11,1:37.653,214.076,1
26153,1114,4,117,14,10,8,8,8,4,53,+74.725,5533146,28,8,1:37.203,215.067,1
26154,1114,839,214,31,14,9,9,9,2,53,+79.678,5538099,34,10,1:37.398,214.636,1
26155,1114,842,214,10,12,10,10,10,1,53,+83.155,5541576,36,7,1:36.371,216.924,1
26156,1114,859,213,40,11,11,11,11,0,52,\N,\N,50,15,1:38.267,212.738,11
26157,1114,852,213,22,9,12,12,12,0,52,\N,\N,36,12,1:37.768,213.824,11
26158,1114,855,51,24,19,13,13,13,0,52,\N,\N,45,13,1:37.791,213.774,11
26159,1114,807,210,27,18,14,14,14,0,52,\N,\N,44,9,1:37.250,214.963,11
26160,1114,825,210,20,15,15,15,15,0,52,\N,\N,41,14,1:37.842,213.662,11
26161,1114,848,3,23,13,\N,R,16,0,26,\N,\N,15,18,1:39.185,210.769,130
26162,1114,858,3,2,0,\N,R,17,0,22,\N,\N,7,16,1:38.848,211.488,130
26163,1114,840,117,18,17,\N,R,18,0,20,\N,\N,16,17,1:39.050,211.057,65
26164,1114,815,9,11,5,\N,R,19,0,15,\N,\N,8,19,1:39.704,209.672,130
26165,1114,822,51,77,16,\N,R,20,0,7,\N,\N,5,20,2:02.755,170.3,130
26166,1115,830,9,1,1,1,1,1,26,57,1:27:39.168,5259168,56,1,1:24.319,231.364,1
26167,1115,857,1,81,6,2,2,2,18,57,+4.833,5264001,48,3,1:24.921,229.724,1
26168,1115,846,1,4,10,3,3,3,15,57,+5.969,5265137,47,2,1:24.842,229.938,1
26169,1115,847,131,63,2,4,4,4,12,57,+34.119,5293287,35,5,1:25.770,227.45,1
26170,1115,844,6,16,5,5,5,5,10,57,+38.976,5298144,57,4,1:24.992,229.532,1
26171,1115,4,117,14,4,6,6,6,8,57,+49.032,5308200,57,6,1:26.045,226.723,1
26172,1115,839,214,31,8,7,7,7,6,57,+62.390,5321558,42,11,1:26.450,225.661,1
26173,1115,822,51,77,9,8,8,8,4,57,+66.563,5325731,54,13,1:26.652,225.135,1
26174,1115,855,51,24,19,9,9,9,2,57,+76.127,5335295,54,9,1:26.323,225.993,1
26175,1115,815,9,11,0,10,10,10,1,57,+80.181,5339349,50,7,1:26.220,226.263,1
26176,1115,840,117,18,16,11,11,11,0,57,+81.652,5340820,55,10,1:26.352,225.917,1
26177,1115,842,214,10,7,12,12,12,0,57,+82.300,5341468,49,8,1:26.310,226.027,1
26178,1115,848,3,23,13,13,13,13,0,57,+91.014,5350182,57,14,1:26.666,225.098,1
26179,1115,825,210,20,18,14,14,14,0,56,\N,\N,46,15,1:27.067,224.061,11
26180,1115,852,213,22,11,15,15,15,0,56,\N,\N,55,17,1:27.174,223.786,11
26181,1115,807,210,27,14,16,16,16,0,56,\N,\N,45,12,1:26.489,225.559,11
26182,1115,859,213,40,17,17,17,17,0,56,\N,\N,54,16,1:27.113,223.943,11
26183,1115,858,3,2,15,\N,R,18,0,40,\N,\N,31,18,1:27.983,221.729,139
26184,1115,1,131,44,3,\N,R,19,0,0,\N,\N,\N,0,\N,\N,4
26185,1115,832,6,55,12,\N,W,20,0,0,\N,\N,\N,0,\N,\N,95
26186,1116,830,9,1,6,1,1,1,25,56,1:35:21.362,5721362,40,9,1:40.028,198.412,1
26187,1116,846,1,4,2,2,2,2,18,56,+10.730,5732092,39,8,1:39.985,198.497,1
26188,1116,832,6,55,4,3,3,3,15,56,+15.134,5736496,51,10,1:40.034,198.4,1
26189,1116,815,9,11,9,4,4,4,12,56,+18.460,5739822,40,5,1:39.737,198.991,1
26190,1116,847,131,63,5,5,5,5,10,56,+24.999,5746361,48,3,1:39.393,199.68,1
26191,1116,842,214,10,7,6,6,6,8,56,+47.996,5769358,47,11,1:40.412,197.653,1
26192,1116,840,117,18,0,7,7,7,6,56,+48.696,5770058,48,6,1:39.908,198.65,1
26193,1116,852,213,22,11,8,8,8,5,56,+74.385,5795747,56,1,1:38.139,202.231,1
26194,1116,848,3,23,15,9,9,9,2,56,+86.714,5808076,40,15,1:41.371,195.783,1
26195,1116,858,3,2,16,10,10,10,1,56,+87.998,5809360,34,14,1:41.238,196.041,1
26196,1116,807,210,27,0,11,11,11,0,56,+89.904,5811266,45,12,1:40.925,196.648,1
26197,1116,822,51,77,13,12,12,12,0,56,+98.601,5819963,54,18,1:41.972,194.629,1
26198,1116,855,51,24,12,13,13,13,0,55,\N,\N,51,17,1:41.879,194.807,11
26199,1116,825,210,20,0,14,14,14,0,55,\N,\N,41,16,1:41.506,195.523,11
26200,1116,817,213,3,14,15,15,15,0,55,\N,\N,49,2,1:39.366,199.734,11
26201,1116,4,117,14,0,\N,R,16,0,49,\N,\N,47,7,1:39.954,198.559,140
26202,1116,857,1,81,10,\N,R,17,0,10,\N,\N,5,19,1:42.705,193.24,21
26203,1116,839,214,31,8,\N,R,18,0,6,\N,\N,2,20,1:44.789,189.397,130
26204,1116,1,131,44,3,\N,D,19,0,56,+2.225,5723587,42,4,1:39.582,199.301,2
26205,1116,844,6,16,1,\N,D,20,0,56,+24.662,5746024,\N,0,\N,\N,2
26206,1117,830,9,1,3,1,1,1,25,71,2:02:30.814,7350814,40,2,1:21.644,189.78,1
26207,1117,1,131,44,6,2,2,2,19,71,+13.875,7364689,71,1,1:21.334,190.503,1
26208,1117,844,6,16,1,3,3,3,15,71,+23.124,7373938,38,4,1:22.332,188.194,1
26209,1117,832,6,55,2,4,4,4,12,71,+27.154,7377968,57,6,1:22.539,187.722,1
26210,1117,846,1,4,17,5,5,5,10,71,+33.266,7384080,71,3,1:21.944,189.085,1
26211,1117,847,131,63,8,6,6,6,8,71,+41.020,7391834,38,10,1:22.780,187.175,1
26212,1117,817,213,3,4,7,7,7,6,71,+41.570,7392384,66,7,1:22.679,187.404,1
26213,1117,857,1,81,7,8,8,8,4,71,+43.104,7393918,53,8,1:22.760,187.22,1
26214,1117,848,3,23,14,9,9,9,2,71,+48.573,7399387,65,9,1:22.773,187.191,1
26215,1117,839,214,31,15,10,10,10,1,71,+62.879,7413693,66,11,1:22.976,186.733,1
26216,1117,842,214,10,11,11,11,11,0,71,+66.208,7417022,43,16,1:23.230,186.163,1
26217,1117,852,213,22,18,12,12,12,0,71,+78.982,7429796,11,5,1:22.501,187.808,1
26218,1117,807,210,27,12,13,13,13,0,71,+80.309,7431123,43,15,1:23.222,186.181,1
26219,1117,855,51,24,10,14,14,14,0,71,+81.676,7432490,39,19,1:23.567,185.412,1
26220,1117,822,51,77,9,15,15,15,0,71,+85.597,7436411,43,14,1:23.166,186.306,1
26221,1117,858,3,2,19,16,16,16,0,70,\N,\N,24,12,1:23.003,186.672,31
26222,1117,840,117,18,0,17,17,17,0,66,\N,\N,43,17,1:23.257,186.103,130
26223,1117,4,117,14,13,\N,R,18,0,47,\N,\N,40,18,1:23.531,185.492,54
26224,1117,825,210,20,16,\N,R,19,0,31,\N,\N,25,13,1:23.146,186.351,3
26225,1117,815,9,11,5,\N,R,20,0,1,\N,\N,\N,0,\N,\N,130
26226,1118,830,9,1,1,1,1,1,25,71,1:56:48.894,7008894,68,2,1:13.422,211.277,1
26227,1118,846,1,4,6,2,2,2,19,71,+8.277,7017171,61,1,1:12.486,214.005,1
26228,1118,4,117,14,4,3,3,3,15,71,+34.155,7043049,54,10,1:14.442,208.382,1
26229,1118,815,9,11,9,4,4,4,12,71,+34.208,7043102,55,5,1:14.124,209.276,1
26230,1118,840,117,18,3,5,5,5,10,71,+40.845,7049739,67,4,1:14.007,209.607,1
26231,1118,832,6,55,7,6,6,6,8,71,+50.188,7059082,59,9,1:14.406,208.483,1
26232,1118,842,214,10,15,7,7,7,6,71,+56.093,7064987,48,11,1:14.521,208.161,1
26233,1118,1,131,44,5,8,8,8,4,71,+62.859,7071753,59,12,1:14.739,207.554,1
26234,1118,852,213,22,16,9,9,9,2,71,+69.880,7078774,64,7,1:14.231,208.974,1
26235,1118,839,214,31,14,10,10,10,1,70,\N,\N,53,6,1:14.206,209.045,11
26236,1118,858,3,2,19,11,11,11,0,70,\N,\N,51,16,1:15.738,204.816,11
26237,1118,807,210,27,11,12,12,12,0,70,\N,\N,66,14,1:15.036,206.732,11
26238,1118,817,213,3,17,13,13,13,0,70,\N,\N,68,3,1:13.866,210.007,11
26239,1118,857,1,81,10,14,14,14,0,69,\N,\N,66,8,1:14.310,208.752,12
26240,1118,847,131,63,8,\N,R,15,0,57,\N,\N,55,13,1:14.934,207.014,25
26241,1118,822,51,77,18,\N,R,16,0,39,\N,\N,20,15,1:15.731,204.835,5
26242,1118,855,51,24,20,\N,R,17,0,22,\N,\N,17,17,1:16.232,203.489,5
26243,1118,825,210,20,12,\N,R,18,0,0,\N,\N,\N,0,\N,\N,4
26244,1118,848,3,23,13,\N,R,19,0,0,\N,\N,\N,0,\N,\N,4
26245,1118,844,6,16,0,\N,W,20,0,0,\N,\N,\N,0,\N,\N,5
26246,1119,830,9,1,2,1,1,1,25,50,1:29:08.289,5348289,44,2,1:35.614,233.476,1
26247,1119,844,6,16,1,2,2,2,18,50,+2.070,5350359,50,3,1:35.669,233.342,1
26248,1119,815,9,11,11,3,3,3,15,50,+2.241,5350530,40,5,1:35.939,232.685,1
26249,1119,839,214,31,16,4,4,4,12,50,+18.665,5366954,47,10,1:36.637,231.004,1
26250,1119,840,117,18,19,5,5,5,10,50,+20.067,5368356,45,9,1:36.584,231.131,1
26251,1119,832,6,55,12,6,6,6,8,50,+20.834,5369123,47,6,1:35.984,232.576,1
26252,1119,1,131,44,10,7,7,7,6,50,+21.755,5370044,48,4,1:35.716,233.227,1
26253,1119,847,131,63,3,8,8,8,4,50,+23.091,5371380,44,7,1:36.071,232.365,1
26254,1119,4,117,14,9,9,9,9,2,50,+25.964,5374253,42,8,1:36.559,231.191,1
26255,1119,857,1,81,18,10,10,10,2,50,+29.496,5377785,47,1,1:35.490,233.779,1
26256,1119,842,214,10,4,11,11,11,0,50,+34.270,5382559,37,11,1:36.913,230.346,1
26257,1119,848,3,23,5,12,12,12,0,50,+43.398,5391687,50,13,1:37.357,229.296,1
26258,1119,825,210,20,8,13,13,13,0,50,+44.825,5393114,50,15,1:37.455,229.065,1
26259,1119,817,213,3,14,14,14,14,0,50,+48.525,5396814,50,12,1:37.108,229.884,1
26260,1119,855,51,24,17,15,15,15,0,50,+50.162,5398451,32,14,1:37.375,229.253,1
26261,1119,858,3,2,6,16,16,16,0,50,+50.882,5399171,32,19,1:37.740,228.397,1
26262,1119,822,51,77,7,17,17,17,0,50,+85.350,5433639,49,16,1:37.562,228.814,1
26263,1119,852,213,22,20,18,18,18,0,46,\N,\N,45,18,1:37.587,228.755,6
26264,1119,807,210,27,13,19,19,19,0,45,\N,\N,43,17,1:37.565,228.807,5
26265,1119,846,1,4,15,\N,R,20,0,2,\N,\N,2,20,1:59.327,187.079,3
26266,1120,830,9,1,1,1,1,1,26,58,1:27:02.624,5222624,45,1,1:26.993,218.541,1
26267,1120,844,6,16,2,2,2,2,18,58,+17.993,5240617,44,8,1:28.199,215.553,1
26268,1120,847,131,63,4,3,3,3,15,58,+20.328,5242952,45,7,1:28.187,215.582,1
26269,1120,815,9,11,9,4,4,4,12,58,+21.453,5244077,44,2,1:27.493,217.292,1
26270,1120,846,1,4,5,5,5,5,10,58,+24.284,5246908,45,6,1:28.164,215.639,1
26271,1120,857,1,81,3,6,6,6,8,58,+31.487,5254111,38,5,1:28.138,215.702,1
26272,1120,4,117,14,7,7,7,7,6,58,+39.512,5262136,42,9,1:28.256,215.414,1
26273,1120,852,213,22,6,8,8,8,4,58,+43.088,5265712,55,16,1:29.256,213,1
26274,1120,1,131,44,11,9,9,9,2,58,+44.424,5267048,52,10,1:28.372,215.131,1
26275,1120,840,117,18,13,10,10,10,1,58,+55.632,5278256,44,4,1:28.050,215.918,1
26276,1120,817,213,3,15,11,11,11,0,58,+56.229,5278853,47,11,1:28.571,214.648,1
26277,1120,839,214,31,12,12,12,12,0,58,+66.373,5288997,34,20,1:30.033,211.162,1
26278,1120,842,214,10,10,13,13,13,0,58,+70.360,5292984,35,14,1:29.016,213.575,1
26279,1120,848,3,23,14,14,14,14,0,58,+73.184,5295808,45,3,1:27.845,216.422,1
26280,1120,807,210,27,8,15,15,15,0,58,+83.696,5306320,58,15,1:29.217,213.093,1
26281,1120,858,3,2,20,16,16,16,0,58,+87.791,5310415,43,12,1:28.580,214.626,1
26282,1120,855,51,24,19,17,17,17,0,58,+89.422,5312046,43,13,1:28.746,214.224,1
26283,1120,832,6,55,16,18,18,18,0,57,\N,\N,42,17,1:29.452,212.534,31
26284,1120,822,51,77,18,19,19,19,0,57,\N,\N,42,18,1:29.863,211.562,11
26285,1120,825,210,20,17,20,20,20,0,57,\N,\N,46,19,1:29.934,211.395,11
26286,1121,830,9,1,1,1,1,1,26,57,1:31:44.742,5504742,39,1,1:32.608,210.383,1
26287,1121,815,9,11,5,2,2,2,18,57,+22.457,5527199,40,4,1:34.364,206.468,1
26288,1121,832,6,55,4,3,3,3,15,57,+25.110,5529852,44,6,1:34.507,206.156,1
26289,1121,844,6,16,2,4,4,4,12,57,+39.669,5544411,36,2,1:34.090,207.069,1
26290,1121,847,131,63,3,5,5,5,10,57,+46.788,5551530,40,12,1:35.065,204.946,1
26291,1121,846,1,4,7,6,6,6,8,57,+48.458,5553200,1,5,1:34.476,206.223,1
26292,1121,1,131,44,9,7,7,7,6,57,+50.324,5555066,39,7,1:34.722,205.688,1
26293,1121,857,1,81,8,8,8,8,4,57,+56.082,5560824,1,11,1:34.983,205.123,1
26294,1121,4,117,14,6,9,9,9,2,57,+74.887,5579629,48,3,1:34.199,206.83,1
26295,1121,840,117,18,12,10,10,10,1,57,+93.216,5597958,30,16,1:35.632,203.73,1
26296,1121,855,15,24,17,11,11,11,0,56,\N,\N,30,14,1:35.458,204.102,11
26297,1121,825,210,20,15,12,12,12,0,56,\N,\N,34,15,1:35.570,203.863,11
26298,1121,817,215,3,14,13,13,13,0,56,\N,\N,37,13,1:35.163,204.735,11
26299,1121,852,215,22,11,14,14,14,0,56,\N,\N,37,18,1:35.833,203.303,11
26300,1121,848,3,23,13,15,15,15,0,56,\N,\N,40,17,1:35.723,203.537,11
26301,1121,807,210,27,10,16,16,16,0,56,\N,\N,46,10,1:34.834,205.445,11
26302,1121,839,214,31,19,17,17,17,0,56,\N,\N,34,20,1:36.226,202.473,11
26303,1121,842,214,10,20,18,18,18,0,56,\N,\N,45,9,1:34.805,205.508,11
26304,1121,822,15,77,16,19,19,19,0,56,\N,\N,33,19,1:36.202,202.523,11
26305,1121,858,3,2,18,20,20,20,0,55,\N,\N,42,8,1:34.735,205.659,12
26306,1122,830,9,1,1,1,1,1,25,50,1:20:43.273,4843273,50,3,1:31.773,242.188,1
26307,1122,815,9,11,3,2,2,2,18,50,+13.643,4856916,37,8,1:32.273,240.876,1
26308,1122,844,6,16,2,3,3,3,16,50,+18.639,4861912,50,1,1:31.632,242.561,1
26309,1122,857,1,81,5,4,4,4,12,50,+32.007,4875280,1,10,1:32.310,240.779,1
26310,1122,4,117,14,4,5,5,5,10,50,+35.759,4879032,43,13,1:32.387,240.579,1
26311,1122,847,131,63,7,6,6,6,8,50,+39.936,4883209,42,7,1:32.254,240.926,1
26312,1122,860,6,38,11,7,7,7,6,50,+42.679,4885952,50,5,1:32.186,241.103,1
26313,1122,846,1,4,6,8,8,8,4,50,+45.708,4888981,1,4,1:31.944,241.738,1
26314,1122,1,131,44,8,9,9,9,2,50,+47.391,4890664,38,2,1:31.746,242.26,1
26315,1122,807,210,27,15,10,10,10,1,50,+76.996,4920269,49,12,1:32.366,240.633,1
26316,1122,848,3,23,12,11,11,11,0,50,+88.354,4931627,50,9,1:32.307,240.787,1
26317,1122,825,210,20,13,12,12,12,0,50,+105.737,4949010,47,11,1:32.338,240.706,1
26318,1122,839,214,31,17,13,13,13,0,49,\N,\N,48,17,1:33.481,237.763,11
26319,1122,858,3,2,19,14,14,14,0,49,\N,\N,44,18,1:33.523,237.657,11
26320,1122,852,215,22,9,15,15,15,0,49,\N,\N,49,15,1:33.026,238.926,11
26321,1122,817,215,3,14,16,16,16,0,49,\N,\N,47,16,1:33.323,238.166,11
26322,1122,822,15,77,16,17,17,17,0,49,\N,\N,49,14,1:32.706,239.751,11
26323,1122,855,15,24,20,18,18,18,0,49,\N,\N,49,6,1:32.208,241.046,11
26324,1122,840,117,18,10,\N,R,19,0,5,\N,\N,5,19,1:35.560,232.591,3
26325,1122,842,214,10,18,\N,R,20,0,1,\N,\N,\N,0,\N,\N,6
26326,1123,832,6,55,2,1,1,1,25,58,1:20:26.843,4826843,48,3,1:20.031,237.418,1
26327,1123,844,6,16,4,2,2,2,19,58,+2.366,4829209,56,1,1:19.813,238.066,1
26328,1123,846,1,4,3,3,3,3,15,58,+5.904,4832747,1,2,1:19.915,237.762,1
26329,1123,857,1,81,5,4,4,4,12,58,+35.770,4862613,1,4,1:20.199,236.92,1
26330,1123,815,9,11,6,5,5,5,10,58,+56.309,4883152,47,6,1:20.388,236.363,1
26331,1123,840,117,18,9,6,6,6,8,58,+93.222,4920065,49,8,1:20.930,234.78,1
26332,1123,852,215,22,8,7,7,7,6,58,+95.601,4922444,46,11,1:21.134,234.19,1
26333,1123,4,117,14,10,8,8,8,4,58,+100.992,4927835,52,7,1:20.493,236.055,1
26334,1123,807,210,27,16,9,9,9,2,58,+104.553,4931396,46,12,1:21.145,234.158,1
26335,1123,825,210,20,14,10,10,10,1,57,\N,\N,44,9,1:21.082,234.34,11
26336,1123,848,3,23,12,11,11,11,0,57,\N,\N,46,17,1:21.618,232.801,11
26337,1123,817,215,3,18,12,12,12,0,57,\N,\N,46,13,1:21.239,233.887,11
26338,1123,842,214,10,17,13,13,13,0,57,\N,\N,51,10,1:21.090,234.317,11
26339,1123,822,15,77,13,14,14,14,0,57,\N,\N,48,16,1:21.422,233.361,11
26340,1123,855,15,24,19,15,15,15,0,57,\N,\N,49,14,1:21.327,233.634,11
26341,1123,839,214,31,15,16,16,16,0,57,\N,\N,45,15,1:21.354,233.557,11
26342,1123,847,131,63,7,17,17,17,0,56,\N,\N,53,5,1:20.284,236.669,3
26343,1123,1,131,44,11,\N,R,18,0,15,\N,\N,11,18,1:22.444,230.469,5
26344,1123,830,9,1,1,\N,R,19,0,3,\N,\N,3,19,1:23.115,228.608,23
26345,1124,830,9,1,1,1,1,1,26,53,1:54:23.566,6863566,50,1,1:33.706,223.093,1
26346,1124,815,9,11,2,2,2,2,18,53,+12.535,6876101,35,3,1:33.945,222.525,1
26347,1124,832,6,55,4,3,3,3,15,53,+20.866,6884432,46,2,1:33.841,222.772,1
26348,1124,844,6,16,8,4,4,4,12,53,+26.522,6890088,53,9,1:35.044,219.952,1
26349,1124,846,1,4,3,5,5,5,10,53,+29.700,6893266,1,10,1:35.186,219.624,1
26350,1124,4,117,14,5,6,6,6,8,53,+44.272,6907838,53,6,1:34.726,220.691,1
26351,1124,847,131,63,9,7,7,7,6,53,+45.951,6909517,39,5,1:34.404,221.444,1
26352,1124,857,1,81,6,8,8,8,4,53,+47.525,6911091,1,7,1:34.802,220.514,1
26353,1124,1,131,44,7,9,9,9,2,53,+48.626,6912192,41,4,1:33.952,222.509,1
26354,1124,852,215,22,10,10,10,10,1,52,\N,\N,51,14,1:36.342,216.989,11
26355,1124,807,210,27,12,11,11,11,0,52,\N,\N,52,11,1:35.325,219.304,11
26356,1124,840,117,18,16,12,12,12,0,52,\N,\N,41,12,1:35.798,218.221,11
26357,1124,825,210,20,18,13,13,13,0,52,\N,\N,24,17,1:36.654,216.289,11
26358,1124,822,15,77,13,14,14,14,0,52,\N,\N,25,15,1:36.608,216.392,11
26359,1124,839,214,31,15,15,15,15,0,52,\N,\N,52,13,1:36.232,217.237,11
26360,1124,842,214,10,17,16,16,16,0,52,\N,\N,48,16,1:36.642,216.315,11
26361,1124,858,3,2,19,17,17,17,0,52,\N,\N,43,8,1:34.900,220.286,11
26362,1124,855,15,24,20,\N,R,18,0,12,\N,\N,9,18,1:37.160,215.162,6
26363,1124,817,215,3,11,\N,R,19,0,0,\N,\N,\N,0,\N,\N,3
26364,1124,848,3,23,14,\N,R,20,0,0,\N,\N,\N,0,\N,\N,3
26365,1125,830,9,1,1,1,1,1,25,56,1:40:52.554,6052554,33,2,1:38.406,199.414,1
26366,1125,846,1,4,4,2,2,2,18,56,+13.773,6066327,1,4,1:38.751,198.717,1
26367,1125,815,9,11,2,3,3,3,15,56,+19.160,6071714,33,7,1:39.388,197.444,1
26368,1125,844,6,16,6,4,4,4,12,56,+23.623,6076177,33,6,1:39.384,197.452,1
26369,1125,832,6,55,7,5,5,5,10,56,+33.983,6086537,19,10,1:39.764,196.7,1
26370,1125,847,131,63,8,6,6,6,8,56,+38.724,6091278,39,11,1:40.112,196.016,1
26371,1125,4,117,14,3,7,7,7,7,56,+43.414,6095968,45,1,1:37.810,200.629,1
26372,1125,857,1,81,5,8,8,8,4,56,+56.198,6108752,1,9,1:39.739,196.749,1
26373,1125,1,131,44,18,9,9,9,2,56,+57.986,6110540,34,14,1:40.835,194.61,1
26374,1125,807,210,27,9,10,10,10,1,56,+60.476,6113030,32,13,1:40.815,194.649,1
26375,1125,839,214,31,13,11,11,11,0,56,+62.812,6115366,33,15,1:40.937,194.414,1
26376,1125,848,3,23,14,12,12,12,0,56,+65.506,6118060,34,12,1:40.790,194.697,1
26377,1125,842,214,10,15,13,13,13,0,56,+69.223,6121777,40,5,1:39.198,197.822,1
26378,1125,855,15,24,16,14,14,14,0,56,+71.689,6124243,42,3,1:38.633,198.955,1
26379,1125,840,117,18,11,15,15,15,0,56,+82.786,6135340,37,8,1:39.444,197.333,1
26380,1125,825,210,20,17,16,16,16,0,56,+87.533,6140087,45,18,1:41.077,194.145,1
26381,1125,858,3,2,20,17,17,17,0,56,+95.110,6147664,14,17,1:41.000,194.293,1
26382,1125,817,215,3,12,\N,R,18,0,33,\N,\N,16,16,1:40.994,194.304,31
26383,1125,852,215,22,19,\N,R,19,0,26,\N,\N,11,20,1:41.593,193.158,31
26384,1125,822,15,77,10,\N,R,20,0,19,\N,\N,11,19,1:41.276,193.763,31
26385,1126,846,1,4,5,1,1,1,25,57,1:30:49.876,5449876,55,5,1:30.980,214.148,1
26386,1126,830,9,1,1,2,2,2,18,57,+7.612,5457488,48,8,1:31.261,213.488,1
26387,1126,844,6,16,2,3,3,3,15,57,+9.920,5459796,56,6,1:31.084,213.903,1
26388,1126,815,9,11,4,4,4,4,12,57,+14.650,5464526,55,3,1:30.855,214.442,1
26389,1126,832,6,55,3,5,5,5,10,57,+16.407,5466283,55,4,1:30.928,214.27,1
26390,1126,1,131,44,8,6,6,6,8,57,+16.585,5466461,54,7,1:31.233,213.554,1
26391,1126,852,215,22,10,7,7,7,6,57,+26.185,5476061,55,10,1:31.682,212.508,1
26392,1126,847,131,63,7,8,8,8,4,57,+34.789,5484665,43,13,1:31.921,211.955,1
26393,1126,4,117,14,15,9,9,9,2,57,+37.107,5486983,55,11,1:31.727,212.404,1
26394,1126,839,214,31,13,10,10,10,1,57,+39.746,5489622,51,16,1:32.037,211.688,1
26395,1126,807,210,27,9,11,11,11,0,57,+40.789,5490665,56,14,1:31.941,211.909,1
26396,1126,842,214,10,12,12,12,12,0,57,+44.958,5494834,56,17,1:32.055,211.647,1
26397,1126,857,1,81,6,13,13,13,0,57,+49.756,5499632,43,1,1:30.634,214.965,1
26398,1126,855,15,24,19,14,14,14,0,57,+49.979,5499855,56,15,1:31.991,211.794,1
26399,1126,817,215,3,20,15,15,15,0,57,+50.956,5500832,57,19,1:32.122,211.493,1
26400,1126,822,15,77,16,16,16,16,0,57,+52.356,5502232,55,18,1:32.098,211.548,1
26401,1126,840,117,18,11,17,17,17,0,57,+55.173,5505049,57,9,1:31.588,212.726,1
26402,1126,848,3,23,14,18,18,18,0,57,+76.091,5525967,55,2,1:30.849,214.456,1
26403,1126,825,210,20,18,19,19,19,0,57,+84.683,5534559,33,12,1:31.774,212.295,1
26404,1126,858,3,2,17,\N,R,20,0,27,\N,\N,15,20,1:33.452,208.483,4
26405,1127,830,9,1,1,1,1,1,25,63,1:25:25.252,5125252,38,9,1:20.366,219.898,1
26406,1127,846,1,4,2,2,2,2,18,63,+0.725,5125977,54,6,1:19.994,220.921,1
26407,1127,844,6,16,3,3,3,3,15,63,+7.916,5133168,27,5,1:19.935,221.084,1
26408,1127,857,1,81,5,4,4,4,12,63,+14.132,5139384,25,4,1:19.907,221.162,1
26409,1127,832,6,55,4,5,5,5,10,63,+22.325,5147577,63,7,1:20.220,220.299,1
26410,1127,1,131,44,8,6,6,6,8,63,+35.104,5160356,43,8,1:20.331,219.994,1
26411,1127,847,131,63,6,7,7,7,7,63,+47.154,5172406,54,1,1:18.589,224.871,1
26412,1127,815,9,11,11,8,8,8,4,63,+54.776,5180028,52,3,1:19.686,221.775,1
26413,1127,840,117,18,13,9,9,9,2,63,+79.556,5204808,58,10,1:20.570,219.342,1
26414,1127,852,215,22,7,10,10,10,1,62,\N,\N,14,11,1:20.936,218.35,11
26415,1127,807,210,27,10,11,11,11,0,62,\N,\N,3,20,1:21.700,216.308,11
26416,1127,825,210,20,18,12,12,12,0,62,\N,\N,58,12,1:21.009,218.153,11
26417,1127,817,215,3,9,13,13,13,0,62,\N,\N,13,19,1:21.569,216.655,11
26418,1127,839,214,31,12,14,14,14,0,62,\N,\N,37,16,1:21.304,217.361,11
26419,1127,855,15,24,17,15,15,15,0,62,\N,\N,37,13,1:21.016,218.134,11
26420,1127,842,214,10,15,16,16,16,0,62,\N,\N,10,17,1:21.371,217.183,11
26421,1127,858,3,2,19,17,17,17,0,62,\N,\N,55,14,1:21.229,217.562,11
26422,1127,822,15,77,16,18,18,18,0,62,\N,\N,11,18,1:21.455,216.959,11
26423,1127,4,117,14,20,19,19,19,0,62,\N,\N,62,2,1:19.004,223.689,11
26424,1127,848,3,23,14,\N,R,20,0,51,\N,\N,48,15,1:21.274,217.442,31
26425,1128,844,6,16,1,1,1,1,25,78,2:23:15.554,8595554,\N,0,\N,\N,1
26426,1128,857,1,81,2,2,2,2,18,78,+7.152,8602706,\N,0,\N,\N,1
26427,1128,832,6,55,3,3,3,3,15,78,+7.585,8603139,\N,0,\N,\N,1
26428,1128,846,1,4,4,4,4,4,12,78,+8.650,8604204,\N,0,\N,\N,1
26429,1128,847,131,63,5,5,5,5,10,78,+13.309,8608863,\N,0,\N,\N,1
26430,1128,830,9,1,6,6,6,6,8,78,+13.853,8609407,\N,0,\N,\N,1
26431,1128,1,131,44,7,7,7,7,7,78,+14.908,8610462,\N,0,\N,\N,1
26432,1128,852,215,22,8,8,8,8,4,77,\N,\N,\N,0,\N,\N,11
26433,1128,848,3,23,9,9,9,9,2,77,\N,\N,\N,0,\N,\N,11
26434,1128,842,214,10,10,10,10,10,1,77,\N,\N,\N,0,\N,\N,11
26435,1128,4,117,14,14,11,11,11,0,76,\N,\N,\N,0,\N,\N,12
26436,1128,817,215,3,12,12,12,12,0,76,\N,\N,\N,0,\N,\N,12
26437,1128,822,15,77,17,13,13,13,0,76,\N,\N,\N,0,\N,\N,12
26438,1128,840,117,18,13,14,14,14,0,76,\N,\N,\N,0,\N,\N,12
26439,1128,858,3,2,15,15,15,15,0,76,\N,\N,\N,0,\N,\N,12
26440,1128,855,15,24,18,16,16,16,0,76,\N,\N,\N,0,\N,\N,12
26441,1128,839,214,31,11,\N,R,17,0,0,\N,\N,\N,0,\N,\N,4
26442,1128,815,9,11,16,\N,R,18,0,0,\N,\N,\N,0,\N,\N,4
26443,1128,807,210,27,19,\N,R,19,0,0,\N,\N,\N,0,\N,\N,4
26444,1128,825,210,20,20,\N,R,20,0,0,\N,\N,\N,0,\N,\N,4
26445,1129,830,9,1,2,1,1,1,25,70,1:45:47.927,6347927,70,4,1:15.569,207.751,1
26446,1129,846,1,4,3,2,2,2,18,70,+3.879,6351806,67,3,1:15.558,207.782,1
26447,1129,847,131,63,1,3,3,3,15,70,+4.317,6352244,70,2,1:14.895,209.621,1
26448,1129,1,131,44,7,4,4,4,13,70,+4.915,6352842,70,1,1:14.856,209.73,1
26449,1129,857,1,81,4,5,5,5,10,70,+10.199,6358126,65,5,1:16.247,205.904,1
26450,1129,4,117,14,6,6,6,6,8,70,+17.510,6365437,70,6,1:16.303,205.753,1
26451,1129,840,117,18,9,7,7,7,6,70,+23.625,6371552,70,9,1:16.762,204.523,1
26452,1129,817,215,3,5,8,8,8,4,70,+28.672,6376599,68,12,1:17.076,203.689,1
26453,1129,842,214,10,15,9,9,9,2,70,+30.021,6377948,70,11,1:17.013,203.856,1
26454,1129,839,214,31,18,10,10,10,1,70,+30.313,6378240,70,10,1:17.012,203.859,1
26455,1129,807,210,27,17,11,11,11,0,70,+30.824,6378751,67,8,1:16.683,204.733,1
26456,1129,825,210,20,14,12,12,12,0,70,+31.253,6379180,68,7,1:16.499,205.226,1
26457,1129,822,15,77,0,13,13,13,0,70,+40.487,6388414,65,13,1:17.250,203.231,1
26458,1129,852,215,22,8,14,14,14,0,70,+52.694,6400621,70,14,1:17.309,203.075,1
26459,1129,855,15,24,0,15,15,15,0,69,\N,\N,68,15,1:17.325,203.033,11
26460,1129,832,6,55,12,\N,R,16,0,52,\N,\N,51,17,1:18.957,198.837,4
26461,1129,848,3,23,10,\N,R,17,0,52,\N,\N,51,18,1:19.359,197.83,4
26462,1129,815,9,11,16,\N,R,18,0,51,\N,\N,51,16,1:18.819,199.185,3
26463,1129,844,6,16,11,\N,R,19,0,40,\N,\N,39,19,1:26.012,182.528,5
26464,1129,858,3,2,13,\N,R,20,0,23,\N,\N,19,20,1:26.484,181.531,3
26465,1130,830,9,1,2,1,1,1,25,66,1:28:20.227,5300227,54,2,1:17.776,215.557,1
26466,1130,846,1,4,1,2,2,2,19,66,+2.219,5302446,51,1,1:17.115,217.405,1
26467,1130,1,131,44,3,3,3,3,15,66,+17.790,5318017,46,4,1:17.809,215.466,1
26468,1130,847,131,63,4,4,4,4,12,66,+22.320,5322547,50,7,1:18.290,214.142,1
26469,1130,844,6,16,5,5,5,5,10,66,+22.709,5322936,52,6,1:17.897,215.222,1
26470,1130,832,6,55,6,6,6,6,8,66,+31.028,5331255,39,9,1:18.539,213.463,1
26471,1130,857,1,81,9,7,7,7,6,66,+33.760,5333987,56,5,1:17.874,215.286,1
26472,1130,815,9,11,11,8,8,8,4,66,+59.524,5359751,51,3,1:17.785,215.532,1
26473,1130,842,214,10,7,9,9,9,2,66,+62.025,5362252,51,13,1:19.045,212.096,1
26474,1130,839,214,31,8,10,10,10,1,66,+71.889,5372116,54,12,1:18.982,212.266,1
26475,1130,807,210,27,13,11,11,11,0,66,+79.215,5379442,49,10,1:18.609,213.273,1
26476,1130,4,117,14,10,12,12,12,0,65,\N,\N,50,8,1:18.334,214.022,11
26477,1130,855,15,24,15,13,13,13,0,65,\N,\N,50,11,1:18.771,212.834,11
26478,1130,840,117,18,14,14,14,14,0,65,\N,\N,50,15,1:19.318,211.366,11
26479,1130,817,215,3,18,15,15,15,0,65,\N,\N,61,17,1:19.450,211.015,11
26480,1130,822,15,77,12,16,16,16,0,65,\N,\N,13,18,1:19.608,210.596,11
26481,1130,825,210,20,16,17,17,17,0,65,\N,\N,33,19,1:19.805,210.077,11
26482,1130,848,3,23,0,18,18,18,0,65,\N,\N,45,14,1:19.132,211.863,11
26483,1130,852,215,22,17,19,19,19,0,65,\N,\N,56,16,1:19.447,211.023,11
26484,1130,858,3,2,19,20,20,20,0,64,\N,\N,38,20,1:20.172,209.115,12
26485,1131,847,131,63,3,1,1,1,25,71,1:24:22.798,5062798,48,5,1:09.164,224.752,1
26486,1131,857,1,81,7,2,2,2,18,71,+1.906,5064704,56,4,1:08.697,226.28,1
26487,1131,832,6,55,4,3,3,3,15,71,+4.533,5067331,56,6,1:09.282,224.369,1
26488,1131,1,131,44,5,4,4,4,12,71,+23.142,5085940,61,7,1:09.562,223.466,1
26489,1131,830,9,1,1,5,5,5,10,71,+37.253,5100051,68,2,1:07.719,229.548,1
26490,1131,807,210,27,9,6,6,6,8,71,+54.088,5116886,51,14,1:10.215,221.388,1
26491,1131,815,9,11,8,7,7,7,6,71,+54.672,5117470,56,11,1:09.694,223.043,1
26492,1131,825,210,20,12,8,8,8,4,71,+60.355,5123153,45,12,1:10.125,221.672,1
26493,1131,817,215,3,11,9,9,9,2,71,+61.169,5123967,49,18,1:10.426,220.725,1
26494,1131,842,214,10,13,10,10,10,1,71,+61.766,5124564,45,9,1:09.609,223.315,1
26495,1131,844,6,16,6,11,11,11,0,71,+67.056,5129854,55,8,1:09.584,223.396,1
26496,1131,839,214,31,10,12,12,12,0,71,+68.325,5131123,45,10,1:09.649,223.187,1
26497,1131,840,117,18,17,13,13,13,0,70,\N,\N,54,13,1:10.143,221.615,11
26498,1131,852,215,22,14,14,14,14,0,70,\N,\N,54,15,1:10.318,221.064,11
26499,1131,848,3,23,16,15,15,15,0,70,\N,\N,41,16,1:10.364,220.919,11
26500,1131,822,15,77,18,16,16,16,0,70,\N,\N,48,19,1:10.449,220.653,11
26501,1131,855,15,24,20,17,17,17,0,70,\N,\N,54,20,1:10.470,220.587,11
26502,1131,4,117,14,15,18,18,18,0,70,\N,\N,70,1,1:07.694,229.633,11
26503,1131,858,3,2,19,19,19,19,0,69,\N,\N,60,17,1:10.406,220.788,12
26504,1131,846,1,4,2,20,20,20,0,64,\N,\N,53,3,1:08.016,228.546,17
26505,1132,1,131,44,2,1,1,1,25,52,1:22:27.059,4947059,45,5,1:29.438,237.12,1
26506,1132,830,9,1,4,2,2,2,18,52,+1.465,4948524,48,3,1:28.952,238.416,1
26507,1132,846,1,4,3,3,3,3,15,52,+7.547,4954606,43,4,1:29.262,237.588,1
26508,1132,857,1,81,5,4,4,4,12,52,+12.429,4959488,51,2,1:28.748,238.964,1
26509,1132,832,6,55,7,5,5,5,11,52,+47.318,4994377,52,1,1:28.293,240.195,1
26510,1132,807,210,27,6,6,6,6,8,52,+55.722,5002781,43,10,1:29.836,236.07,1
26511,1132,840,117,18,8,7,7,7,6,52,+56.569,5003628,46,11,1:29.897,235.909,1
26512,1132,4,117,14,10,8,8,8,4,52,+63.577,5010636,47,7,1:29.710,236.401,1
26513,1132,848,3,23,9,9,9,9,2,52,+68.387,5015446,52,8,1:29.718,236.38,1
26514,1132,852,215,22,13,10,10,10,1,52,+79.303,5026362,43,14,1:30.229,235.041,1
26515,1132,858,3,2,12,11,11,11,0,52,+88.960,5036019,42,12,1:29.972,235.713,1
26516,1132,825,210,20,17,12,12,12,0,52,+90.153,5037212,42,13,1:30.093,235.396,1
26517,1132,817,215,3,15,13,13,13,0,51,\N,\N,47,15,1:30.735,233.731,11
26518,1132,844,6,16,11,14,14,14,0,51,\N,\N,43,9,1:29.748,236.301,11
26519,1132,822,15,77,16,15,15,15,0,51,\N,\N,44,18,1:31.277,232.343,11
26520,1132,839,214,31,18,16,16,16,0,50,\N,\N,46,16,1:30.875,233.371,12
26521,1132,815,9,11,0,17,17,17,0,50,\N,\N,50,6,1:29.707,236.409,12
26522,1132,855,15,24,14,18,18,18,0,50,\N,\N,43,17,1:31.014,233.014,12
26523,1132,847,131,63,1,\N,R,19,0,33,\N,\N,3,19,1:31.298,232.289,34
26524,1132,842,214,10,19,\N,W,20,0,0,\N,\N,\N,0,\N,\N,6
26525,1133,857,1,81,2,1,1,1,25,70,1:38:01.989,5881989,51,8,1:21.716,193.005,1
26526,1133,846,1,4,1,2,2,2,18,70,+2.141,5884130,50,7,1:21.712,193.014,1
26527,1133,1,131,44,5,3,3,3,15,70,+14.880,5896869,54,9,1:22.153,191.978,1
26528,1133,844,6,16,6,4,4,4,12,70,+19.686,5901675,29,10,1:22.182,191.91,1
26529,1133,830,9,1,3,5,5,5,10,70,+21.349,5903338,51,3,1:20.908,194.932,1
26530,1133,832,6,55,4,6,6,6,8,70,+23.073,5905062,53,5,1:21.441,193.656,1
26531,1133,815,9,11,16,7,7,7,6,70,+39.792,5921781,49,4,1:21.096,194.48,1
26532,1133,847,131,63,17,8,8,8,5,70,+42.368,5924357,55,1,1:20.305,196.396,1
26533,1133,852,215,22,10,9,9,9,2,70,+77.259,5959248,57,18,1:23.533,188.806,1
26534,1133,840,117,18,8,10,10,10,1,70,+77.976,5959965,48,11,1:22.338,191.547,1
26535,1133,4,117,14,7,11,11,11,0,70,+82.460,5964449,52,14,1:23.063,189.875,1
26536,1133,817,215,3,9,12,12,12,0,69,\N,\N,30,12,1:22.640,190.847,11
26537,1133,807,210,27,11,13,13,13,0,69,\N,\N,54,16,1:23.461,188.969,11
26538,1133,848,3,23,13,14,14,14,0,69,\N,\N,31,20,1:23.930,187.913,11
26539,1133,825,210,20,15,15,15,15,0,69,\N,\N,50,19,1:23.553,188.761,11
26540,1133,822,15,77,12,16,16,16,0,69,\N,\N,52,13,1:22.792,190.496,11
26541,1133,858,3,2,14,17,17,17,0,69,\N,\N,65,2,1:20.561,195.772,11
26542,1133,839,214,31,19,18,18,18,0,69,\N,\N,66,6,1:21.610,193.255,11
26543,1133,855,15,24,18,19,19,19,0,69,\N,\N,38,17,1:23.487,188.91,11
26544,1133,842,214,10,0,\N,R,20,0,33,\N,\N,31,15,1:23.340,189.244,9
26545,1134,1,131,44,3,1,1,1,25,44,+0.526,4797566,33,6,1:46.653,236.415,1
26546,1134,857,1,81,5,2,2,2,18,44,+1.173,4798213,32,3,1:45.840,238.231,1
26547,1134,844,6,16,1,3,3,3,15,44,+8.549,4805589,33,8,1:47.013,235.619,1
26548,1134,830,9,1,11,4,4,4,12,44,+9.226,4806266,32,4,1:46.128,237.584,1
26549,1134,846,1,4,4,5,5,5,10,44,+9.850,4806890,31,2,1:45.563,238.856,1
26550,1134,832,6,55,7,6,6,6,8,44,+19.795,4816835,44,5,1:46.364,237.057,1
26551,1134,815,9,11,2,7,7,7,7,44,+43.195,4840235,44,1,1:44.701,240.822,1
26552,1134,4,117,14,8,8,8,8,4,44,+49.963,4847003,42,17,1:48.051,233.356,1
26553,1134,839,214,31,9,9,9,9,2,44,+52.552,4849592,43,7,1:46.957,235.743,1
26554,1134,817,215,3,13,10,10,10,1,44,+54.926,4851966,37,12,1:47.435,234.694,1
26555,1134,840,117,18,15,11,11,11,0,44,+63.011,4860051,44,18,1:48.105,233.239,1
26556,1134,848,3,23,10,12,12,12,0,44,+63.651,4860691,44,16,1:47.996,233.475,1
26557,1134,842,214,10,12,13,13,13,0,44,+64.365,4861405,30,11,1:47.418,234.731,1
26558,1134,825,210,20,17,14,14,14,0,44,+66.631,4863671,44,14,1:47.848,233.795,1
26559,1134,822,15,77,14,15,15,15,0,44,+70.638,4867678,37,9,1:47.019,235.606,1
26560,1134,852,215,22,20,16,16,16,0,44,+76.737,4873777,44,15,1:47.969,233.533,1
26561,1134,858,3,2,18,17,17,17,0,44,+86.057,4883097,43,13,1:47.490,234.574,1
26562,1134,807,210,27,16,18,18,18,0,44,+88.833,4885873,44,19,1:48.954,231.422,1
26563,1134,855,15,24,19,\N,R,19,0,5,\N,\N,2,20,1:52.099,224.929,31
26564,1134,847,131,63,6,\N,D,20,0,44,1:19:57.040,4797040,44,10,1:47.113,235.399,2
26565,1135,846,1,4,1,1,1,1,26,72,1:30:45.519,5445519,72,1,1:13.817,207.708,1
26566,1135,830,9,1,2,2,2,2,18,72,+22.896,5468415,30,9,1:14.752,205.11,1
26567,1135,844,6,16,6,3,3,3,15,72,+25.439,5470958,62,7,1:14.585,205.569,1
26568,1135,857,1,81,3,4,4,4,12,72,+27.337,5472856,36,5,1:14.237,206.533,1
26569,1135,832,6,55,10,5,5,5,10,72,+32.137,5477656,40,4,1:14.117,206.867,1
26570,1135,815,9,11,5,6,6,6,8,72,+39.542,5485061,69,8,1:14.587,205.563,1
26571,1135,847,131,63,4,7,7,7,6,72,+44.617,5490136,57,3,1:13.927,207.399,1
26572,1135,1,131,44,14,8,8,8,4,72,+49.599,5495118,62,2,1:13.878,207.536,1
26573,1135,842,214,10,9,9,9,9,2,71,\N,\N,54,11,1:14.855,204.828,11
26574,1135,4,117,14,7,10,10,10,1,71,\N,\N,34,10,1:14.758,205.093,11
26575,1135,807,210,27,12,11,11,11,0,71,\N,\N,59,18,1:15.657,202.656,11
26576,1135,817,215,3,13,12,12,12,0,71,\N,\N,52,13,1:15.222,203.828,11
26577,1135,840,117,18,8,13,13,13,0,71,\N,\N,51,14,1:15.255,203.739,11
26578,1135,848,3,23,19,14,14,14,0,71,\N,\N,71,6,1:14.434,205.986,11
26579,1135,839,214,31,15,15,15,15,0,71,\N,\N,50,15,1:15.390,203.374,11
26580,1135,858,3,2,18,16,16,16,0,71,\N,\N,26,16,1:15.539,202.973,11
26581,1135,852,215,22,11,17,17,17,0,71,\N,\N,16,17,1:15.552,202.938,11
26582,1135,825,210,20,0,18,18,18,0,71,\N,\N,42,12,1:14.954,204.557,11
26583,1135,822,15,77,16,19,19,19,0,70,\N,\N,45,20,1:15.822,202.215,12
26584,1135,855,15,24,17,20,20,20,0,70,\N,\N,67,19,1:15.724,202.477,12
26585,1136,844,6,16,4,1,1,1,25,53,1:14:40.727,4480727,33,10,1:23.226,250.58,1
26586,1136,857,1,81,2,2,2,2,18,53,+2.664,4483391,53,4,1:21.943,254.503,1
26587,1136,846,1,4,1,3,3,3,16,53,+6.153,4486880,53,1,1:21.432,256.1,1
26588,1136,832,6,55,5,4,4,4,12,53,+15.621,4496348,53,9,1:23.219,250.601,1
26589,1136,1,131,44,6,5,5,5,10,53,+22.820,4503547,53,2,1:21.512,255.849,1
26590,1136,830,9,1,7,6,6,6,8,53,+37.932,4518659,43,3,1:21.745,255.12,1
26591,1136,847,131,63,3,7,7,7,6,53,+39.715,4520442,49,5,1:22.036,254.215,1
26592,1136,815,9,11,8,8,8,8,4,53,+54.148,4534875,47,8,1:22.971,251.35,1
26593,1136,848,3,23,9,9,9,9,2,53,+67.456,4548183,53,16,1:23.918,248.514,1
26594,1136,825,210,20,13,10,10,10,1,53,+68.302,4549029,51,12,1:23.437,249.946,1
26595,1136,4,117,14,11,11,11,11,0,53,+68.495,4549222,46,7,1:22.944,251.432,1
26596,1136,861,3,43,18,12,12,12,0,53,+81.308,4562035,53,14,1:23.728,249.077,1
26597,1136,817,215,3,12,13,13,13,0,53,+93.452,4574179,52,17,1:24.219,247.625,1
26598,1136,839,214,31,15,14,14,14,0,52,\N,\N,52,18,1:24.343,247.261,11
26599,1136,842,214,10,14,15,15,15,0,52,\N,\N,51,15,1:23.755,248.997,11
26600,1136,822,15,77,19,16,16,16,0,52,\N,\N,52,13,1:23.609,249.432,11
26601,1136,807,210,27,10,17,17,17,0,52,\N,\N,44,11,1:23.275,250.432,11
26602,1136,855,15,24,20,18,18,18,0,52,\N,\N,17,19,1:25.092,245.085,11
26603,1136,840,117,18,17,19,19,19,0,52,\N,\N,52,6,1:22.232,253.609,11
26604,1136,852,215,22,16,\N,R,20,0,7,\N,\N,4,20,1:26.198,241.94,25
26605,1137,857,1,81,2,1,1,1,25,51,1:32:58.007,5578007,47,9,1:47.060,201.856,1
26606,1137,844,6,16,1,2,2,2,18,51,+10.910,5588917,44,10,1:47.067,201.843,1
26607,1137,847,131,63,5,3,3,3,15,51,+31.328,5609335,45,2,1:46.628,202.674,1
26608,1137,846,1,4,15,4,4,4,13,51,+36.143,5614150,42,1,1:45.255,205.318,1
26609,1137,830,9,1,6,5,5,5,10,51,+77.098,5655105,42,3,1:46.798,202.352,1
26610,1137,4,117,14,7,6,6,6,8,51,+85.468,5663475,48,8,1:47.057,201.862,1
26611,1137,848,3,23,9,7,7,7,6,51,+87.396,5665403,43,5,1:46.947,202.07,1
26612,1137,861,3,43,8,8,8,8,4,51,+89.541,5667548,44,12,1:47.274,201.454,1
26613,1137,1,131,44,0,9,9,9,2,51,+92.401,5670408,48,11,1:47.236,201.525,1
26614,1137,860,210,50,10,10,10,10,1,51,+93.127,5671134,47,7,1:47.048,201.879,1
26615,1137,807,210,27,12,11,11,11,0,51,+93.465,5671472,42,14,1:47.691,200.674,1
26616,1137,842,214,10,18,12,12,12,0,51,+117.189,5695196,47,15,1:48.018,200.066,1
26617,1137,817,215,3,14,13,13,13,0,51,+146.907,5724914,39,17,1:48.380,199.398,1
26618,1137,855,15,24,17,14,14,14,0,51,+148.841,5726848,43,13,1:47.644,200.761,1
26619,1137,839,214,31,0,15,15,15,0,50,\N,\N,35,19,1:48.831,198.572,11
26620,1137,822,15,77,16,16,16,16,0,50,\N,\N,41,18,1:48.418,199.328,11
26621,1137,815,9,11,4,17,17,17,0,49,\N,\N,46,6,1:47.013,201.945,31
26622,1137,832,6,55,3,18,18,18,0,49,\N,\N,46,4,1:46.866,202.223,31
26623,1137,840,117,18,13,19,19,19,0,45,\N,\N,31,16,1:48.148,199.826,31
26624,1137,852,215,22,11,\N,R,20,0,14,\N,\N,8,20,1:50.887,194.89,31
26625,1138,846,1,4,1,1,1,1,25,62,1:40:52.571,6052571,48,2,1:34.925,187.347,1
26626,1138,830,9,1,2,2,2,2,18,62,+20.945,6073516,59,5,1:35.967,185.313,1
26627,1138,857,1,81,5,3,3,3,15,62,+41.823,6094394,48,4,1:35.745,185.743,1
26628,1138,847,131,63,4,4,4,4,12,62,+61.040,6113611,30,10,1:37.047,183.251,1
26629,1138,844,6,16,9,5,5,5,10,62,+62.430,6115001,46,3,1:35.371,186.471,1
26630,1138,1,131,44,3,6,6,6,8,62,+85.248,6137819,43,12,1:37.393,182.6,1
26631,1138,832,6,55,10,7,7,7,6,62,+96.039,6148610,15,7,1:36.561,184.173,1
26632,1138,4,117,14,7,8,8,8,4,61,\N,\N,54,18,1:37.741,181.95,11
26633,1138,807,210,27,6,9,9,9,2,61,\N,\N,35,15,1:37.470,182.456,11
26634,1138,815,9,11,13,10,10,10,1,61,\N,\N,33,16,1:37.477,182.443,11
26635,1138,861,3,43,12,11,11,11,0,61,\N,\N,35,11,1:37.262,182.846,11
26636,1138,852,215,22,8,12,12,12,0,61,\N,\N,53,6,1:36.393,184.494,11
26637,1138,839,214,31,15,13,13,13,0,61,\N,\N,48,20,1:37.964,181.536,11
26638,1138,840,117,18,17,14,14,14,0,61,\N,\N,36,19,1:37.851,181.745,11
26639,1138,855,15,24,20,15,15,15,0,61,\N,\N,47,14,1:37.461,182.472,11
26640,1138,822,15,77,19,16,16,16,0,61,\N,\N,46,17,1:37.524,182.355,11
26641,1138,842,214,10,18,17,17,17,0,61,\N,\N,46,9,1:36.927,183.478,11
26642,1138,817,215,3,16,18,18,18,0,61,\N,\N,60,1,1:34.486,188.218,11
26643,1138,825,210,20,14,19,19,19,0,57,\N,\N,52,13,1:37.425,182.54,3
26644,1138,848,3,23,11,\N,R,20,0,15,\N,\N,13,8,1:36.888,183.552,131
26645,1139,844,6,16,4,1,1,1,25,56,1:35:09.639,5709639,39,6,1:37.834,202.861,1
26646,1139,832,6,55,3,2,2,2,18,56,+8.562,5718201,42,5,1:37.763,203.009,1
26647,1139,830,9,1,2,3,3,3,15,56,+19.412,5729051,42,9,1:38.117,202.276,1
26648,1139,846,1,4,1,4,4,4,12,56,+20.354,5729993,55,4,1:37.679,203.183,1
26649,1139,857,1,81,5,5,5,5,10,56,+21.921,5731560,42,7,1:37.883,202.76,1
26650,1139,847,131,63,20,6,6,6,8,56,+56.295,5765934,42,3,1:37.656,203.231,1
26651,1139,815,9,11,9,7,7,7,6,56,+59.072,5768711,45,13,1:38.514,201.461,1
26652,1139,807,210,27,11,8,8,8,4,56,+62.957,5772596,51,12,1:38.404,201.686,1
26653,1139,859,215,30,19,9,9,9,2,56,+70.563,5780202,54,8,1:38.091,202.33,1
26654,1139,861,3,43,15,10,10,10,1,56,+71.979,5781618,46,2,1:37.611,203.325,1
26655,1139,825,210,20,8,11,11,11,0,56,+79.782,5789421,56,10,1:38.210,202.085,1
26656,1139,842,214,10,6,12,12,12,0,56,+90.558,5800197,55,11,1:38.311,201.877,1
26657,1139,4,117,14,7,13,13,13,0,55,\N,\N,52,17,1:39.261,199.945,11
26658,1139,852,215,22,10,14,14,14,0,55,\N,\N,54,15,1:39.193,200.082,11
26659,1139,840,117,18,13,15,15,15,0,55,\N,\N,54,16,1:39.214,200.04,11
26660,1139,848,3,23,14,16,16,16,0,55,\N,\N,54,14,1:39.084,200.302,11
26661,1139,822,15,77,16,17,17,17,0,55,\N,\N,53,19,1:40.575,197.333,11
26662,1139,839,214,31,12,18,18,18,0,55,\N,\N,53,1,1:37.330,203.912,11
26663,1139,855,15,24,18,19,19,19,0,55,\N,\N,53,18,1:39.272,199.923,11
26664,1139,1,131,44,17,\N,R,20,0,1,\N,\N,\N,0,\N,\N,20
26665,1140,832,6,55,1,1,1,1,25,71,1:40:55.800,6055800,62,7,1:20.137,193.348,1
26666,1140,846,1,4,3,2,2,2,18,71,+4.705,6060505,68,4,1:19.691,194.43,1
26667,1140,844,6,16,4,3,3,3,16,71,+34.387,6090187,71,1,1:18.336,197.794,1
26668,1140,1,131,44,6,4,4,4,12,71,+44.780,6100580,31,8,1:20.371,192.785,1
26669,1140,847,131,63,5,5,5,5,10,71,+48.536,6104336,63,11,1:20.731,191.926,1
26670,1140,830,9,1,2,6,6,6,8,71,+59.558,6115358,53,13,1:20.872,191.591,1
26671,1140,825,210,20,7,7,7,7,6,71,+63.642,6119442,61,9,1:20.637,192.15,1
26672,1140,857,1,81,17,8,8,8,4,71,+64.928,6120728,65,5,1:20.064,193.525,1
26673,1140,807,210,27,10,9,9,9,2,70,\N,\N,69,12,1:20.748,191.885,11
26674,1140,842,214,10,8,10,10,10,1,70,\N,\N,67,15,1:21.274,190.643,11
26675,1140,840,117,18,14,11,11,11,0,70,\N,\N,55,16,1:21.311,190.557,11
26676,1140,861,3,43,16,12,12,12,0,70,\N,\N,50,6,1:20.090,193.462,11
26677,1140,839,214,31,0,13,13,13,0,70,\N,\N,70,10,1:20.659,192.097,11
26678,1140,822,15,77,15,14,14,14,0,70,\N,\N,57,14,1:21.085,191.088,11
26679,1140,855,15,24,19,15,15,15,0,70,\N,\N,56,17,1:21.553,189.991,11
26680,1140,859,215,30,12,16,16,16,0,70,\N,\N,67,3,1:19.502,194.893,11
26681,1140,815,9,11,18,17,17,17,0,70,\N,\N,70,2,1:19.209,195.614,11
26682,1140,4,117,14,13,\N,R,18,0,15,\N,\N,7,18,1:22.722,187.306,23
26683,1140,848,3,23,9,\N,R,19,0,0,\N,\N,\N,0,\N,\N,4
26684,1140,852,215,22,11,\N,R,20,0,0,\N,\N,\N,0,\N,\N,4
26685,1141,830,9,1,17,1,1,1,26,69,2:06:54.430,7614430,67,1,1:20.472,192.767,1
26686,1141,839,214,31,4,2,2,2,18,69,+19.477,7633907,64,7,1:21.771,189.705,1
26687,1141,842,214,10,13,3,3,3,15,69,+22.532,7636962,66,5,1:21.645,189.998,1
26688,1141,847,131,63,2,4,4,4,12,69,+23.265,7637695,66,6,1:21.645,189.998,1
26689,1141,844,6,16,6,5,5,5,10,69,+30.177,7644607,60,4,1:21.631,190.03,1
26690,1141,846,1,4,1,6,6,6,8,69,+31.372,7645802,67,2,1:21.517,190.296,1
26691,1141,852,215,22,3,7,7,7,6,69,+42.056,7656486,69,8,1:21.828,189.573,1
26692,1141,857,1,81,8,8,8,8,4,69,+44.943,7659373,69,3,1:21.532,190.261,1
26693,1141,859,215,30,5,9,9,9,2,69,+50.452,7664882,67,10,1:22.123,188.892,1
26694,1141,1,131,44,14,10,10,10,1,69,+50.753,7665183,69,9,1:22.041,189.081,1
26695,1141,815,9,11,12,11,11,11,0,69,+51.531,7665961,67,11,1:22.143,188.846,1
26696,1141,860,210,50,15,12,12,12,0,69,+57.085,7671515,64,13,1:22.494,188.042,1
26697,1141,822,15,77,11,13,13,13,0,69,+63.588,7678018,67,14,1:22.877,187.173,1
26698,1141,4,117,14,9,14,14,14,0,69,+78.049,7692479,59,12,1:22.293,188.502,1
26699,1141,855,15,24,19,15,15,15,0,69,+79.649,7694079,65,15,1:23.058,186.765,1
26700,1141,832,6,55,0,\N,R,16,0,38,\N,\N,19,17,1:24.201,184.23,3
26701,1141,861,3,43,16,\N,R,17,0,30,\N,\N,21,18,1:24.296,184.022,3
26702,1141,848,3,23,7,\N,W,18,0,0,\N,\N,\N,0,\N,\N,54
26703,1141,840,117,18,10,\N,W,19,0,0,\N,\N,\N,0,\N,\N,54
26704,1141,807,210,27,17,\N,D,20,0,0,\N,\N,21,16,1:23.764,185.191,2
26705,1142,847,131,63,1,1,1,1,25,50,1:22:05.969,4925969,46,4,1:35.717,233.225,1
26706,1142,1,131,44,10,2,2,2,18,50,+7.313,4933282,41,2,1:35.480,233.803,1
26707,1142,832,6,55,2,3,3,3,15,50,+11.906,4937875,44,5,1:35.875,232.84,1
26708,1142,844,6,16,4,4,4,4,12,50,+14.283,4940252,40,3,1:35.674,233.329,1
26709,1142,830,9,1,5,5,5,5,10,50,+16.582,4942551,43,6,1:36.248,231.938,1
26710,1142,846,1,4,6,6,6,6,9,50,+43.385,4969354,50,1,1:34.876,235.292,1
26711,1142,857,1,81,8,7,7,7,6,50,+51.365,4977334,44,13,1:36.598,231.097,1
26712,1142,807,210,27,9,8,8,8,4,50,+59.808,4985777,48,12,1:36.585,231.129,1
26713,1142,852,215,22,7,9,9,9,2,50,+62.808,4988777,48,16,1:36.957,230.242,1
26714,1142,815,9,11,15,10,10,10,1,50,+63.114,4989083,42,8,1:36.326,231.75,1
26715,1142,4,117,14,16,11,11,11,0,50,+69.195,4995164,39,10,1:36.553,231.205,1
26716,1142,825,210,20,12,12,12,12,0,50,+69.803,4995772,49,11,1:36.557,231.196,1
26717,1142,855,15,24,13,13,13,13,0,50,+74.085,5000054,46,7,1:36.324,231.755,1
26718,1142,861,3,43,0,14,14,14,0,50,+75.172,5001141,37,15,1:36.867,230.456,1
26719,1142,840,117,18,18,15,15,15,0,50,+84.102,5010071,43,18,1:37.179,229.716,1
26720,1142,859,215,30,14,16,16,16,0,50,+91.005,5016974,45,17,1:36.980,230.187,1
26721,1142,839,214,31,11,17,17,17,0,49,\N,\N,47,9,1:36.511,231.306,11
26722,1142,822,15,77,19,18,18,18,0,49,\N,\N,46,14,1:36.601,231.09,11
26723,1142,848,3,23,17,\N,R,19,0,25,\N,\N,21,19,1:38.008,227.773,21
26724,1142,842,214,10,3,\N,R,20,0,15,\N,\N,13,20,1:38.314,227.064,5
26725,1143,830,9,1,2,1,1,1,25,57,1:31:05.323,5465323,55,2,1:22.905,235.31,1
26726,1143,844,6,16,5,2,2,2,18,57,+6.031,5471354,53,4,1:23.242,234.357,1
26727,1143,857,1,81,4,3,3,3,15,57,+6.819,5472142,51,3,1:23.218,234.425,1
26728,1143,847,131,63,1,4,4,4,12,57,+14.104,5479427,50,5,1:23.355,234.039,1
26729,1143,842,214,10,11,5,5,5,10,57,+16.782,5482105,56,8,1:23.705,233.061,1
26730,1143,832,6,55,7,6,6,6,8,57,+17.476,5482799,52,6,1:23.465,233.731,1
26731,1143,4,117,14,8,7,7,7,6,57,+19.867,5485190,57,7,1:23.667,233.167,1
26732,1143,855,15,24,12,8,8,8,4,57,+25.360,5490683,57,10,1:23.889,232.55,1
26733,1143,825,210,20,10,9,9,9,2,57,+32.177,5497500,55,11,1:24.259,231.528,1
26734,1143,846,1,4,3,10,10,10,2,57,+35.762,5501085,56,1,1:22.384,236.798,1
26735,1143,822,15,77,13,11,11,11,0,57,+50.243,5515566,53,13,1:25.533,228.08,1
26736,1143,1,131,44,6,12,12,12,0,57,+56.122,5521445,52,9,1:23.865,232.616,1
26737,1143,852,215,22,14,13,13,13,0,57,+61.100,5526423,47,17,1:26.144,226.462,1
26738,1143,859,215,30,17,14,14,14,0,57,+62.656,5527979,46,16,1:26.076,226.641,1
26739,1143,848,3,23,16,15,15,15,0,56,\N,\N,47,14,1:25.559,228.011,11
26740,1143,807,210,27,18,\N,R,16,0,39,\N,\N,33,15,1:25.767,227.458,20
26741,1143,815,9,11,9,\N,R,17,0,38,\N,\N,31,12,1:25.288,228.735,20
26742,1143,840,117,18,15,\N,R,18,0,8,\N,\N,6,18,1:30.935,214.531,130
26743,1143,861,3,43,19,\N,R,19,0,0,\N,\N,\N,0,\N,\N,4
26744,1143,839,214,31,20,\N,R,20,0,0,\N,\N,\N,0,\N,\N,4
26745,1144,846,1,4,1,1,1,1,25,58,1:26:33.291,5193291,52,3,1:27.438,217.429,1
26746,1144,832,6,55,3,2,2,2,18,58,+5.832,5199123,55,5,1:27.765,216.619,1
26747,1144,844,6,16,19,3,3,3,15,58,+31.928,5225219,51,9,1:28.018,215.996,1
26748,1144,1,131,44,16,4,4,4,12,58,+36.483,5229774,44,2,1:27.278,217.828,1
26749,1144,847,131,63,6,5,5,5,10,58,+37.538,5230829,56,10,1:28.195,215.563,1
26750,1144,830,9,1,4,6,6,6,8,58,+49.847,5243138,56,6,1:27.765,216.619,1
26751,1144,842,214,10,5,7,7,7,6,58,+72.560,5265851,30,16,1:29.251,213.012,1
26752,1144,807,210,27,7,8,8,8,4,58,+75.554,5268845,17,14,1:29.152,213.249,1
26753,1144,4,117,14,8,9,9,9,2,58,+82.373,5275664,51,7,1:27.948,216.168,1
26754,1144,857,1,81,2,10,10,10,1,58,+83.821,5277112,51,4,1:27.690,216.804,1
26755,1144,848,3,23,18,11,11,11,0,57,\N,\N,46,18,1:29.438,212.567,11
26756,1144,852,215,22,11,12,12,12,0,57,\N,\N,41,15,1:29.200,213.134,11
26757,1144,855,15,24,15,13,13,13,0,57,\N,\N,56,8,1:27.982,216.085,11
26758,1144,840,117,18,13,14,14,14,0,57,\N,\N,42,11,1:28.604,214.568,11
26759,1144,862,214,61,17,15,15,15,0,57,\N,\N,56,13,1:29.121,213.323,11
26760,1144,825,210,20,14,16,16,16,0,57,\N,\N,57,1,1:25.637,222.002,11
26761,1144,859,215,30,12,17,17,17,0,55,\N,\N,52,12,1:28.751,214.212,5
26762,1144,822,15,77,9,\N,R,18,0,30,\N,\N,14,19,1:29.482,212.462,130
26763,1144,861,3,43,20,\N,R,19,0,26,\N,\N,5,17,1:29.411,212.631,5
26764,1144,815,9,11,10,\N,R,20,0,0,\N,\N,\N,0,\N,\N,4
26765,1145,846,1,4,1,1,1,1,25,57,1:42:06.304,6126304,43,1,1:22.167,\N,1
26766,1145,830,9,1,3,2,2,2,18,57,+0.895,6127199,43,3,1:23.081,\N,1
26767,1145,847,131,63,4,3,3,3,15,57,+8.481,6134785,43,11,1:25.065,\N,1
26768,1145,863,131,12,16,4,4,4,12,57,+10.135,6136439,43,9,1:24.901,\N,1
26769,1145,848,3,23,6,5,5,5,10,57,+12.773,6139077,43,8,1:24.597,\N,1
26770,1145,840,117,18,13,6,6,6,8,57,+17.413,6143717,43,14,1:25.538,\N,1
26771,1145,807,15,27,17,7,7,7,6,57,+18.423,6144727,43,12,1:25.243,\N,1
26772,1145,844,6,16,7,8,8,8,4,57,+19.826,6146130,43,13,1:25.271,\N,1
26773,1145,857,1,81,2,9,9,9,2,57,+20.448,6146752,43,4,1:23.242,\N,1
26774,1145,1,6,44,8,10,10,10,1,57,+22.473,6148777,43,7,1:24.218,\N,1
26775,1145,842,214,10,9,11,11,11,0,57,+26.502,6152806,43,10,1:25.020,\N,1
26776,1145,852,215,22,5,12,12,12,0,57,+29.884,6156188,43,6,1:24.194,\N,1
26777,1145,839,210,31,19,13,13,13,0,57,+33.161,6159465,42,15,1:26.764,\N,1
26778,1145,860,210,87,20,14,14,14,0,57,+40.351,6166655,42,16,1:27.603,\N,1
26779,1145,859,9,30,18,15,R,15,0,46,\N,\N,43,2,1:22.970,\N,3
26780,1145,864,15,5,15,16,R,16,0,45,\N,\N,43,5,1:24.192,\N,3
26781,1145,4,117,14,12,17,R,17,0,32,\N,\N,32,17,1:28.819,\N,3
26782,1145,832,3,55,10,18,R,18,0,0,\N,\N,\N,\N,\N,\N,3
26783,1145,862,214,7,14,19,R,19,0,0,\N,\N,\N,\N,\N,\N,3
26784,1145,865,215,6,11,20,R,20,0,0,\N,\N,\N,\N,\N,\N,3
26785,1146,857,1,81,1,1,1,1,25,56,1:30:55.026,5455026,53,3,1:35.520,\N,1
26786,1146,846,1,4,3,2,2,2,18,56,+9.748,5464774,53,1,1:35.454,\N,1
26787,1146,847,131,63,2,3,3,3,15,56,+11.097,5466123,55,5,1:35.816,\N,1
26788,1146,830,9,1,4,4,4,4,12,56,+16.656,5471682,56,2,1:35.488,\N,1
26789,1146,839,210,31,11,5,5,5,10,56,+49.969,5504995,56,4,1:35.740,\N,1
26790,1146,863,131,12,8,6,6,6,8,56,+53.748,5508774,56,11,1:36.046,\N,1
26791,1146,848,3,23,10,7,7,7,6,56,+56.321,5511347,52,12,1:36.254,\N,1
26792,1146,860,210,87,17,8,8,8,4,56,+61.303,5516329,52,13,1:36.363,\N,1
26793,1146,840,117,18,14,9,9,9,2,56,+70.204,5525230,39,10,1:36.044,\N,1
26794,1146,832,3,55,15,10,10,10,1,56,+76.387,5531413,50,15,1:36.779,\N,1
26795,1146,865,215,6,7,11,11,11,0,56,+78.875,5533901,35,6,1:35.868,\N,1
26796,1146,859,9,30,20,12,12,12,0,56,+81.147,5536173,32,9,1:35.985,\N,1
26797,1146,862,214,7,18,13,13,13,0,56,+88.401,5543427,52,14,1:36.424,\N,1
26798,1146,864,15,5,19,14,14,14,0,55,\N,\N,28,8,1:35.874,\N,11
26799,1146,807,15,27,12,15,15,15,0,55,\N,\N,35,16,1:37.275,\N,11
26800,1146,852,215,22,9,16,16,16,0,55,\N,\N,49,7,1:35.871,\N,11
26801,1146,4,117,14,13,17,R,17,0,4,\N,\N,3,17,1:39.256,\N,23
26802,1146,844,6,16,6,18,D,18,0,0,\N,\N,\N,\N,\N,\N,92
26803,1146,1,6,44,5,19,D,19,0,0,\N,\N,\N,\N,\N,\N,2
26804,1146,842,214,10,16,20,D,20,0,0,\N,\N,\N,\N,\N,\N,92
26805,1147,830,9,1,1,1,1,1,25,53,1:22:06.983,4926983,52,3,1:31.041,\N,1
26806,1147,846,1,4,2,2,2,2,18,53,+1.423,4928406,51,5,1:31.116,\N,1
26807,1147,857,1,81,3,3,3,3,15,53,+2.129,4929112,53,2,1:31.039,\N,1
26808,1147,844,6,16,4,4,4,4,12,53,+16.097,4943080,47,10,1:31.469,\N,1
26809,1147,847,131,63,5,5,5,5,10,53,+17.362,4944345,51,8,1:31.357,\N,1
26810,1147,863,131,12,6,6,6,6,8,53,+18.671,4945654,50,1,1:30.965,\N,1
26811,1147,1,6,44,8,7,7,7,6,53,+29.182,4956165,51,9,1:31.406,\N,1
26812,1147,865,215,6,7,8,8,8,4,53,+37.134,4964117,52,7,1:31.317,\N,1
26813,1147,848,3,23,9,9,9,9,2,53,+40.367,4967350,52,6,1:31.125,\N,1
26814,1147,860,210,87,10,10,10,10,1,53,+54.529,4981512,49,15,1:32.006,\N,1
26815,1147,4,117,14,12,11,11,11,0,53,+57.333,4984316,51,11,1:31.770,\N,1
26816,1147,852,9,22,14,12,12,12,0,53,+58.401,4985384,51,13,1:31.871,\N,1
26817,1147,842,214,10,11,13,13,13,0,53,+62.122,4989105,52,12,1:31.820,\N,1
26818,1147,832,3,55,15,14,14,14,0,53,+74.129,5001112,36,4,1:31.106,\N,1
26819,1147,862,214,7,19,15,15,15,0,53,+81.314,5008297,47,20,1:32.685,\N,1
26820,1147,807,15,27,16,16,16,16,0,53,+81.957,5008940,31,19,1:32.572,\N,1
26821,1147,859,215,30,13,17,17,17,0,53,+82.734,5009717,39,17,1:32.043,\N,1
26822,1147,839,210,31,18,18,18,18,0,53,+83.438,5010421,48,14,1:31.967,\N,1
26823,1147,864,15,5,17,19,19,19,0,53,+83.897,5010880,45,16,1:32.034,\N,1
26824,1147,840,117,18,20,20,20,20,0,52,\N,\N,52,18,1:32.052,\N,11
26825,1148,857,1,81,1,1,1,1,25,57,1:35:39.435,5739435,36,1,1:35.140,\N,1
26826,1148,847,131,63,3,2,2,2,18,57,+15.499,5754934,36,2,1:35.518,\N,1
26827,1148,846,1,4,6,3,3,3,15,57,+16.273,5755708,38,3,1:35.728,\N,1
26828,1148,844,6,16,2,4,4,4,12,57,+19.679,5759114,36,4,1:36.132,\N,1
26829,1148,1,6,44,9,5,5,5,10,57,+27.993,5767428,37,6,1:36.235,\N,1
26830,1148,830,9,1,7,6,6,6,8,57,+34.395,5773830,29,5,1:36.167,\N,1
26831,1148,842,214,10,4,7,7,7,6,57,+36.002,5775437,39,7,1:36.531,\N,1
26832,1148,839,210,31,14,8,8,8,4,57,+44.244,5783679,30,12,1:37.098,\N,1
26833,1148,852,9,22,10,9,9,9,2,57,+45.061,5784496,45,14,1:37.225,\N,1
26834,1148,860,210,87,20,10,10,10,1,57,+47.594,5787029,40,15,1:37.303,\N,1
26835,1148,863,131,12,5,11,11,11,0,57,+48.016,5787451,29,9,1:36.690,\N,1
26836,1148,848,3,23,15,12,12,12,0,57,+48.839,5788274,47,13,1:37.141,\N,1
26837,1148,865,215,6,12,13,13,13,0,57,+56.314,5795749,30,10,1:36.952,\N,1
26838,1148,862,214,7,11,14,14,14,0,57,+57.806,5797241,31,8,1:36.682,\N,1
26839,1148,4,117,14,13,15,15,15,0,57,+60.340,5799775,38,17,1:37.906,\N,1
26840,1148,859,215,30,17,16,16,16,0,57,+64.435,5803870,44,16,1:37.380,\N,1
26841,1148,840,117,18,19,17,17,17,0,57,+65.489,5804924,38,19,1:38.064,\N,1
26842,1148,864,15,5,18,18,18,18,0,57,+66.872,5806307,38,18,1:38.006,\N,1
26843,1148,832,3,55,8,19,R,19,0,45,\N,\N,16,11,1:36.954,\N,130
26844,1148,807,15,27,16,20,D,20,0,0,\N,\N,\N,\N,\N,\N,2
26845,1149,857,1,81,2,1,1,1,25,50,1:21:06.758,4866758,50,3,1:32.228,\N,1
26846,1149,830,9,1,1,2,2,2,18,50,+2.843,4869601,49,4,1:32.280,\N,1
26847,1149,844,6,16,4,3,3,3,15,50,+8.104,4874862,49,2,1:32.192,\N,1
26848,1149,846,1,4,10,4,4,4,12,50,+9.196,4875954,41,1,1:31.778,\N,1
26849,1149,847,131,63,3,5,5,5,10,50,+27.236,4893994,32,9,1:32.893,\N,1
26850,1149,863,131,12,5,6,6,6,8,50,+34.688,4901446,50,5,1:32.396,\N,1
26851,1149,1,6,44,7,7,7,7,6,50,+39.073,4905831,43,7,1:32.600,\N,1
26852,1149,832,3,55,6,8,8,8,4,50,+64.630,4931388,50,6,1:32.466,\N,1
26853,1149,848,3,23,11,9,9,9,2,50,+66.515,4933273,47,16,1:33.477,\N,1
26854,1149,865,215,6,14,10,10,10,1,50,+67.091,4933849,39,14,1:33.257,\N,1
26855,1149,4,117,14,13,11,11,11,0,50,+75.917,4942675,49,11,1:33.009,\N,1
26856,1149,859,215,30,12,12,12,12,0,50,+78.451,4945209,43,10,1:32.998,\N,1
26857,1149,860,210,87,15,13,13,13,0,50,+79.194,4945952,50,13,1:33.238,\N,1
26858,1149,839,210,31,19,14,14,14,0,50,+99.723,4966481,47,17,1:34.309,\N,1
26859,1149,807,15,27,18,15,15,15,0,49,\N,\N,39,15,1:33.446,\N,11
26860,1149,840,117,18,16,16,16,16,0,49,\N,\N,44,8,1:32.745,\N,11
26861,1149,862,214,7,17,17,17,17,0,49,\N,\N,48,12,1:33.150,\N,11
26862,1149,864,15,5,20,18,18,18,0,49,\N,\N,39,18,1:34.447,\N,11
26863,1149,852,9,22,8,19,R,19,0,1,\N,\N,\N,\N,\N,\N,130
26864,1149,842,214,10,9,20,R,20,0,0,\N,\N,\N,\N,\N,\N,4
26865,1150,857,1,81,4,1,1,1,25,57,1:28:51.587,5331587,35,2,1:29.822,\N,1
26866,1150,846,1,4,2,2,2,2,18,57,+4.630,5336217,36,1,1:29.746,\N,1
26867,1150,847,131,63,5,3,3,3,15,57,+37.644,5369231,31,3,1:30.318,\N,1
26868,1150,830,9,1,1,4,4,4,12,57,+39.956,5371543,41,5,1:30.466,\N,1
26869,1150,848,3,23,7,5,5,5,10,57,+48.067,5379654,55,6,1:30.482,\N,1
26870,1150,863,131,12,3,6,6,6,8,57,+55.502,5387089,27,9,1:30.795,\N,1
26871,1150,844,6,16,8,7,7,7,6,57,+57.036,5388623,35,4,1:30.461,\N,1
26872,1150,1,6,44,12,8,8,8,4,57,+60.186,5391773,35,7,1:30.562,\N,1
26873,1150,832,3,55,6,9,9,9,2,57,+60.577,5392164,35,8,1:30.703,\N,1
26874,1150,852,9,22,10,10,10,10,1,57,+74.434,5406021,55,10,1:30.964,\N,1
26875,1150,865,215,6,11,11,11,11,0,57,+74.602,5406189,51,11,1:30.971,\N,1
26876,1150,839,210,31,9,12,12,12,0,57,+82.006,5413593,30,13,1:31.122,\N,1
26877,1150,842,214,10,20,13,13,13,0,57,+90.445,5422032,35,14,1:31.159,\N,1
26878,1150,807,15,27,16,14,14,14,0,56,\N,\N,43,12,1:31.015,\N,11
26879,1150,4,117,14,17,15,15,15,0,56,\N,\N,38,15,1:31.287,\N,11
26880,1150,840,117,18,18,16,16,16,0,56,\N,\N,50,16,1:31.769,\N,11
26881,1150,859,215,30,15,17,R,17,0,36,\N,\N,30,17,1:31.770,\N,130
26882,1150,864,15,5,13,18,R,18,0,30,\N,\N,21,18,1:32.328,\N,69
26883,1150,860,210,87,19,19,R,19,0,27,\N,\N,24,19,1:32.680,\N,5
26884,1150,862,214,7,14,20,R,20,0,0,\N,\N,\N,\N,\N,\N,4
26885,1151,830,9,1,2,1,1,1,25,63,1:31:33.199,5493199,58,1,1:17.988,\N,1
26886,1151,846,1,4,4,2,2,2,18,63,+6.109,5499308,63,4,1:18.311,\N,1
26887,1151,857,1,81,1,3,3,3,15,63,+12.956,5506155,56,5,1:18.894,\N,1
26888,1151,1,6,44,12,4,4,4,12,63,+14.356,5507555,61,2,1:18.265,\N,1
26889,1151,848,3,23,7,5,5,5,10,63,+17.945,5511144,63,3,1:18.289,\N,1
26890,1151,844,6,16,11,6,6,6,8,63,+20.774,5513973,56,6,1:19.048,\N,1
26891,1151,847,131,63,3,7,7,7,6,63,+22.034,5515233,55,9,1:19.733,\N,1
26892,1151,832,3,55,6,8,8,8,4,63,+22.898,5516097,58,10,1:19.836,\N,1
26893,1151,865,215,6,9,9,9,9,2,63,+23.586,5516785,60,7,1:19.473,\N,1
26894,1151,852,9,22,20,10,10,10,1,63,+26.446,5519645,60,12,1:20.039,\N,1
26895,1151,4,117,14,5,11,11,11,0,63,+27.250,5520449,61,11,1:19.894,\N,1
26896,1151,807,15,27,17,12,12,12,0,63,+30.296,5523495,62,15,1:20.401,\N,1
26897,1151,842,214,10,10,13,13,13,0,63,+31.424,5524623,58,14,1:20.398,\N,1
26898,1151,859,215,30,15,14,14,14,0,63,+32.511,5525710,60,16,1:20.473,\N,1
26899,1151,840,117,18,8,15,15,15,0,63,+32.993,5526192,58,17,1:20.501,\N,1
26900,1151,861,214,43,16,16,16,16,0,63,+33.411,5526610,57,13,1:20.345,\N,1
26901,1151,860,210,87,19,17,17,17,0,63,+33.808,5527007,52,8,1:19.521,\N,1
26902,1151,864,15,5,14,18,18,18,0,63,+38.572,5531771,57,19,1:20.630,\N,1
26903,1151,863,131,12,13,19,R,19,0,44,\N,\N,33,18,1:20.620,\N,37
26904,1151,839,210,31,18,20,R,20,0,27,\N,\N,3,20,1:21.413,\N,5
26905,1152,846,1,4,1,1,1,1,25,78,1:40:33.843,6033843,78,1,1:13.221,\N,1
26906,1152,844,6,16,2,2,2,2,18,78,+3.131,6036974,36,6,1:14.055,\N,1
26907,1152,857,1,81,3,3,3,3,15,78,+3.658,6037501,60,4,1:13.745,\N,1
26908,1152,830,9,1,4,4,4,4,12,78,+20.572,6054415,45,8,1:14.230,\N,1
26909,1152,1,6,44,7,5,5,5,10,78,+51.387,6085230,73,7,1:14.090,\N,1
26910,1152,865,215,6,5,6,6,6,8,77,\N,\N,16,19,1:15.981,\N,11
26911,1152,839,210,31,8,7,7,7,6,77,\N,\N,34,14,1:15.157,\N,11
26912,1152,859,215,30,9,8,8,8,4,77,\N,\N,54,17,1:15.321,\N,11
26913,1152,848,3,23,10,9,9,9,2,76,\N,\N,74,9,1:14.597,\N,12
26914,1152,832,3,55,11,10,10,10,1,76,\N,\N,68,5,1:13.988,\N,12
26915,1152,847,131,63,14,11,11,11,0,76,\N,\N,74,2,1:13.405,\N,12
26916,1152,860,210,87,20,12,12,12,0,76,\N,\N,6,10,1:14.855,\N,12
26917,1152,861,214,43,18,13,13,13,0,76,\N,\N,30,16,1:15.298,\N,12
26918,1152,864,15,5,16,14,14,14,0,76,\N,\N,37,12,1:14.884,\N,12
26919,1152,840,117,18,19,15,15,15,0,76,\N,\N,67,11,1:14.877,\N,12
26920,1152,807,15,27,13,16,16,16,0,76,\N,\N,47,15,1:15.223,\N,12
26921,1152,852,9,22,12,17,17,17,0,76,\N,\N,75,13,1:14.913,\N,12
26922,1152,863,131,12,15,18,18,18,0,75,\N,\N,74,3,1:13.518,\N,13
26923,1152,4,117,14,6,19,R,19,0,36,\N,\N,15,18,1:15.593,\N,5
26924,1152,842,214,10,17,20,R,20,0,7,\N,\N,6,20,1:18.054,\N,130
26925,1153,857,1,81,1,1,1,1,25,66,1:32:57.375,5577375,61,1,1:15.743,\N,1
26926,1153,846,1,4,2,2,2,2,18,66,+2.471,5579846,61,2,1:16.187,\N,1
26927,1153,844,6,16,7,3,3,3,15,66,+10.455,5587830,62,5,1:17.259,\N,1
26928,1153,847,131,63,4,4,4,4,12,66,+11.359,5588734,62,4,1:17.244,\N,1
26929,1153,807,15,27,15,5,5,5,10,66,+13.648,5591023,63,6,1:17.575,\N,1
26930,1153,1,6,44,5,6,6,6,8,66,+15.508,5592883,62,7,1:17.706,\N,1
26931,1153,865,215,6,9,7,7,7,6,66,+16.022,5593397,63,8,1:17.770,\N,1
26932,1153,842,214,10,8,8,8,8,4,66,+17.882,5595257,63,9,1:17.896,\N,1
26933,1153,4,117,14,10,9,9,9,2,66,+21.564,5598939,66,11,1:18.128,\N,1
26934,1153,830,9,1,3,10,10,10,1,66,+21.826,5599201,62,3,1:17.019,\N,1
26935,1153,859,215,30,13,11,11,11,0,66,+25.532,5602907,62,18,1:19.424,\N,1
26936,1153,864,15,5,12,12,12,12,0,66,+25.996,5603371,51,13,1:18.297,\N,1
26937,1153,852,9,22,19,13,13,13,0,66,+28.822,5606197,46,10,1:17.998,\N,1
26938,1153,832,3,55,17,14,14,14,0,66,+29.309,5606684,65,17,1:19.317,\N,1
26939,1153,861,214,43,18,15,15,15,0,66,+31.381,5608756,41,14,1:18.353,\N,1
26940,1153,839,210,31,16,16,16,16,0,66,+32.197,5609572,46,15,1:18.624,\N,1
26941,1153,860,210,87,14,17,17,17,0,66,+37.065,5614440,63,16,1:18.907,\N,1
26942,1153,863,131,12,6,18,R,18,0,53,\N,\N,52,12,1:18.255,\N,5
26943,1153,848,3,23,11,19,R,19,0,27,\N,\N,9,19,1:20.508,\N,130
26944,1154,847,131,63,1,1,1,1,25,70,1:31:52.688,5512688,63,1,1:14.119,\N,1
26945,1154,830,9,1,2,2,2,2,18,70,+0.228,5512916,62,5,1:14.287,\N,1
26946,1154,863,131,12,4,3,3,3,15,70,+1.014,5513702,60,7,1:14.455,\N,1
26947,1154,857,1,81,3,4,4,4,12,70,+2.109,5514797,64,3,1:14.255,\N,1
26948,1154,844,6,16,8,5,5,5,10,70,+3.442,5516130,57,4,1:14.261,\N,1
26949,1154,1,6,44,5,6,6,6,8,70,+10.713,5523401,64,9,1:14.805,\N,1
26950,1154,4,117,14,6,7,7,7,6,70,+10.972,5523660,58,12,1:15.024,\N,1
26951,1154,807,15,27,11,8,8,8,4,70,+15.364,5528052,65,14,1:15.372,\N,1
26952,1154,839,210,31,14,9,9,9,2,69,\N,\N,61,8,1:14.593,\N,11
26953,1154,832,3,55,16,10,10,10,1,69,\N,\N,59,6,1:14.389,\N,11
26954,1154,860,210,87,13,11,11,11,0,69,\N,\N,62,15,1:15.397,\N,11
26955,1154,852,9,22,18,12,12,12,0,69,\N,\N,59,13,1:15.358,\N,11
26956,1154,861,214,43,10,13,13,13,0,69,\N,\N,53,17,1:16.076,\N,11
26957,1154,864,15,5,15,14,14,14,0,69,\N,\N,56,16,1:15.414,\N,11
26958,1154,842,214,10,20,15,15,15,0,69,\N,\N,63,11,1:14.993,\N,11
26959,1154,865,215,6,12,16,16,16,0,69,\N,\N,51,19,1:16.292,\N,11
26960,1154,840,117,18,17,17,17,17,0,69,\N,\N,57,10,1:14.902,\N,11
26961,1154,846,1,4,7,18,18,18,0,66,\N,\N,65,2,1:14.229,\N,4
26962,1154,859,215,30,19,19,R,19,0,53,\N,\N,52,20,1:16.320,\N,25
26963,1154,848,3,23,9,20,R,20,0,46,\N,\N,31,18,1:16.197,\N,5
26964,1155,846,1,4,1,1,1,1,25,70,1:23:47.693,5027693,61,2,1:08.272,\N,1
26965,1155,857,1,81,3,2,2,2,18,70,+2.695,5030388,59,1,1:07.924,\N,1
26966,1155,844,6,16,2,3,3,3,15,70,+19.820,5047513,56,4,1:08.765,\N,1
26967,1155,1,6,44,4,4,4,4,12,70,+29.020,5056713,53,3,1:08.628,\N,1
26968,1155,847,131,63,5,5,5,5,10,70,+62.396,5090089,47,7,1:09.372,\N,1
26969,1155,859,215,30,6,6,6,6,8,70,+67.754,5095447,58,14,1:09.977,\N,1
26970,1155,4,117,14,11,7,7,7,6,69,\N,\N,39,12,1:09.935,\N,11
26971,1155,864,15,5,8,8,8,8,4,69,\N,\N,60,6,1:09.247,\N,11
26972,1155,807,15,27,20,9,9,9,2,69,\N,\N,57,8,1:09.459,\N,11
26973,1155,839,210,31,17,10,10,10,1,69,\N,\N,55,9,1:09.550,\N,11
26974,1155,860,210,87,15,11,11,11,0,69,\N,\N,42,13,1:09.960,\N,11
26975,1155,865,215,6,13,12,12,12,0,69,\N,\N,40,16,1:10.204,\N,11
26976,1155,842,214,10,10,13,13,13,0,69,\N,\N,46,15,1:10.151,\N,11
26977,1155,840,117,18,16,14,14,14,0,69,\N,\N,55,5,1:09.214,\N,11
26978,1155,861,214,43,14,15,15,15,0,69,\N,\N,44,10,1:09.621,\N,11
26979,1155,852,9,22,18,16,16,16,0,68,\N,\N,62,11,1:09.802,\N,12
26980,1155,848,3,23,12,17,R,17,0,15,\N,\N,9,17,1:10.641,\N,5
26981,1155,830,9,1,7,18,R,18,0,0,\N,\N,\N,\N,\N,\N,4
26982,1155,863,131,12,9,19,R,19,0,0,\N,\N,\N,\N,\N,\N,4
26983,1155,832,3,55,19,20,W,20,0,0,\N,\N,\N,\N,\N,\N,23
26984,1156,846,1,4,3,1,1,1,25,52,1:37:15.735,5835735,48,2,1:29.734,\N,1
26985,1156,857,1,81,2,2,2,2,18,52,+6.812,5842547,51,1,1:29.337,\N,1
26986,1156,807,15,27,19,3,3,3,15,52,+34.742,5870477,51,14,1:30.933,\N,1
26987,1156,1,6,44,5,4,4,4,12,52,+39.812,5875547,49,3,1:30.016,\N,1
26988,1156,830,9,1,1,5,5,5,10,52,+56.781,5892516,49,5,1:30.179,\N,1
26989,1156,842,214,10,8,6,6,6,8,52,+59.857,5895592,48,8,1:30.751,\N,1
26990,1156,840,117,18,17,7,7,7,6,52,+60.603,5896338,50,15,1:32.088,\N,1
26991,1156,848,3,23,13,8,8,8,4,52,+64.135,5899870,50,4,1:30.047,\N,1
26992,1156,4,117,14,7,9,9,9,2,52,+65.858,5901593,49,6,1:30.353,\N,1
26993,1156,847,131,63,4,10,10,10,1,52,+70.674,5906409,51,11,1:30.869,\N,1
26994,1156,860,210,87,18,11,11,11,0,52,+72.095,5907830,50,13,1:30.921,\N,1
26995,1156,832,3,55,9,12,12,12,0,52,+76.592,5912327,52,7,1:30.645,\N,1
26996,1156,839,210,31,14,13,13,13,0,52,+77.301,5913036,52,9,1:30.818,\N,1
26997,1156,844,6,16,6,14,14,14,0,52,+84.477,5920212,50,10,1:30.819,\N,1
26998,1156,852,9,22,11,15,15,15,0,51,\N,\N,49,12,1:30.873,\N,11
26999,1156,863,131,12,10,16,R,16,0,23,\N,\N,8,17,1:45.576,\N,130
27000,1156,865,215,6,12,17,R,17,0,17,\N,\N,9,16,1:41.705,\N,4
27001,1156,864,15,5,16,18,R,18,0,3,\N,\N,3,18,2:16.121,\N,3
27002,1156,859,215,30,15,19,R,19,0,0,\N,\N,\N,\N,\N,\N,4
27003,1156,861,214,43,20,20,W,20,0,0,\N,\N,\N,\N,\N,\N,6
27004,1157,857,1,81,2,1,1,1,25,44,1:25:22.601,5122601,43,4,1:45.706,\N,1
27005,1157,846,1,4,1,2,2,2,18,44,+3.415,5126016,42,3,1:45.257,\N,1
27006,1157,844,6,16,3,3,3,3,15,44,+20.185,5142786,40,9,1:46.174,\N,1
27007,1157,830,9,1,4,4,4,4,12,44,+21.731,5144332,40,7,1:46.096,\N,1
27008,1157,847,131,63,6,5,5,5,10,44,+34.863,5157464,43,11,1:46.566,\N,1
27009,1157,848,3,23,5,6,6,6,8,44,+39.926,5162527,38,15,1:46.813,\N,1
27010,1157,1,6,44,18,7,7,7,6,44,+40.679,5163280,43,10,1:46.534,\N,1
27011,1157,859,215,30,9,8,8,8,4,44,+52.033,5174634,38,12,1:46.649,\N,1
27012,1157,864,15,5,10,9,9,9,2,44,+56.434,5179035,41,16,1:46.966,\N,1
27013,1157,842,214,10,13,10,10,10,1,44,+72.714,5195315,42,17,1:47.177,\N,1
27014,1157,860,210,87,12,11,11,11,0,44,+73.145,5195746,43,13,1:46.709,\N,1
27015,1157,807,15,27,14,12,12,12,0,44,+73.628,5196229,39,2,1:45.068,\N,1
27016,1157,852,9,22,7,13,13,13,0,44,+75.395,5197996,42,19,1:47.241,\N,1
27017,1157,840,117,18,16,14,14,14,0,44,+79.831,5202432,38,18,1:47.212,\N,1
27018,1157,839,210,31,11,15,15,15,0,44,+86.063,5208664,44,14,1:46.744,\N,1
27019,1157,863,131,12,19,16,16,16,0,44,+86.721,5209322,32,1,1:44.861,\N,1
27020,1157,4,117,14,20,17,17,17,0,44,+87.924,5210525,32,5,1:45.849,\N,1
27021,1157,832,3,55,17,18,18,18,0,44,+92.024,5214625,30,6,1:46.073,\N,1
27022,1157,861,214,43,15,19,19,19,0,44,+95.250,5217851,30,8,1:46.104,\N,1
27023,1157,865,215,6,8,20,20,20,0,43,\N,\N,43,20,1:47.667,\N,11
27024,1158,846,1,4,3,1,1,1,25,70,1:35:21.231,5721231,57,5,1:19.918,\N,1
27025,1158,857,1,81,2,2,2,2,18,70,+0.698,5721929,56,2,1:19.412,\N,1
27026,1158,847,131,63,4,3,3,3,15,70,+21.916,5743147,45,1,1:19.409,\N,1
27027,1158,844,6,16,1,4,4,4,12,70,+42.560,5763791,47,9,1:20.440,\N,1
27028,1158,4,117,14,5,5,5,5,10,70,+59.040,5780271,54,8,1:20.113,\N,1
27029,1158,864,15,5,7,6,6,6,8,70,+66.169,5787400,48,11,1:20.705,\N,1
27030,1158,840,117,18,6,7,7,7,6,70,+68.174,5789405,55,12,1:20.708,\N,1
27031,1158,859,215,30,9,8,8,8,4,70,+69.451,5790682,56,10,1:20.457,\N,1
27032,1158,830,9,1,8,9,9,9,2,70,+72.645,5793876,50,3,1:19.576,\N,1
27033,1158,863,131,12,15,10,10,10,1,69,\N,\N,54,13,1:20.745,\N,11
27034,1158,865,215,6,10,11,11,11,0,69,\N,\N,48,15,1:20.802,\N,11
27035,1158,1,6,44,12,12,12,12,0,69,\N,\N,55,7,1:20.022,\N,11
27036,1158,807,15,27,18,13,13,13,0,69,\N,\N,67,6,1:20.013,\N,11
27037,1158,832,3,55,13,14,14,14,0,69,\N,\N,53,4,1:19.790,\N,11
27038,1158,848,3,23,19,15,15,15,0,69,\N,\N,49,14,1:20.779,\N,11
27039,1158,839,210,31,17,16,16,16,0,69,\N,\N,17,19,1:21.916,\N,11
27040,1158,852,9,22,20,17,17,17,0,69,\N,\N,46,17,1:21.180,\N,11
27041,1158,861,214,43,14,18,18,18,0,69,\N,\N,37,16,1:20.827,\N,11
27042,1158,842,214,10,16,19,19,19,0,69,\N,\N,46,18,1:21.433,\N,11
27043,1158,860,210,87,11,20,R,20,0,48,\N,\N,37,20,1:21.989,\N,140
27044,1159,857,1,81,1,1,1,1,25,72,1:38:29.849,5909849,60,1,1:12.271,\N,1
27045,1159,830,9,1,3,2,2,2,18,72,+1.271,5911120,70,3,1:12.921,\N,1
27046,1159,865,215,6,4,3,3,3,15,72,+3.233,5913082,70,5,1:13.327,\N,1
27047,1159,847,131,63,5,4,4,4,12,72,+5.654,5915503,70,9,1:13.728,\N,1
27048,1159,848,3,23,15,5,5,5,10,72,+6.327,5916176,70,7,1:13.687,\N,1
27049,1159,860,210,87,20,6,6,6,8,72,+9.044,5918893,70,13,1:13.950,\N,1
27050,1159,840,117,18,19,7,7,7,6,72,+9.497,5919346,70,11,1:13.822,\N,1
27051,1159,4,117,14,10,8,8,8,4,72,+11.709,5921558,42,8,1:13.719,\N,1
27052,1159,852,9,22,12,9,9,9,2,72,+13.597,5923446,71,16,1:14.354,\N,1
27053,1159,839,210,31,18,10,10,10,1,72,+14.063,5923912,71,14,1:13.986,\N,1
27054,1159,861,214,43,16,11,11,11,0,72,+14.511,5924360,72,4,1:13.049,\N,1
27055,1159,859,215,30,8,12,12,12,0,72,+17.063,5926912,60,12,1:13.879,\N,1
27056,1159,832,3,55,9,13,13,13,0,72,+17.376,5927225,58,10,1:13.808,\N,1
27057,1159,807,15,27,17,14,14,14,0,72,+19.725,5929574,61,18,1:14.912,\N,1
27058,1159,864,15,5,13,15,15,15,0,72,+21.565,5931414,63,15,1:14.307,\N,1
27059,1159,863,131,12,11,16,16,16,0,72,+22.029,5931878,70,6,1:13.480,\N,1
27060,1159,842,214,10,14,17,17,17,0,72,+23.629,5933478,59,19,1:15.248,\N,1
27061,1159,846,1,4,2,18,18,18,0,64,\N,\N,59,2,1:12.379,\N,44
27062,1159,844,6,16,6,19,R,19,0,52,\N,\N,33,17,1:14.557,\N,4
27063,1159,1,6,44,7,20,R,20,0,22,\N,\N,6,20,1:15.684,\N,3
27064,1160,830,9,1,1,1,1,1,25,53,1:13:24.325,4404325,52,2,1:21.003,\N,1
27065,1160,846,1,4,2,2,2,2,18,53,+19.207,4423532,53,1,1:20.901,\N,1
27066,1160,857,1,81,3,3,3,3,15,53,+21.351,4425676,47,3,1:21.245,\N,1
27067,1160,844,6,16,4,4,4,4,12,53,+25.624,4429949,53,4,1:21.294,\N,1
27068,1160,847,131,63,5,5,5,5,10,53,+32.881,4437206,45,8,1:21.800,\N,1
27069,1160,1,6,44,10,6,6,6,8,53,+37.449,4441774,50,6,1:21.546,\N,1
27070,1160,848,3,23,14,7,7,7,6,53,+50.537,4454862,53,5,1:21.368,\N,1
27071,1160,864,15,5,7,8,8,8,4,53,+58.484,4462809,51,12,1:22.139,\N,1
27072,1160,863,131,12,6,9,9,9,2,53,+59.762,4464087,53,10,1:21.968,\N,1
27073,1160,865,215,6,19,10,10,10,1,53,+63.891,4468216,46,11,1:22.133,\N,1
27074,1160,832,3,55,13,11,11,11,0,53,+64.469,4468794,47,7,1:21.740,\N,1
27075,1160,860,210,87,11,12,12,12,0,53,+79.288,4483613,53,9,1:21.820,\N,1
27076,1160,852,9,22,9,13,13,13,0,53,+80.701,4485026,52,16,1:22.712,\N,1
27077,1160,859,215,30,18,14,14,14,0,53,+82.351,4486676,49,17,1:22.777,\N,1
27078,1160,839,210,31,15,15,15,15,0,52,\N,\N,48,18,1:22.892,\N,11
27079,1160,842,214,10,20,16,16,16,0,52,\N,\N,52,14,1:22.185,\N,11
27080,1160,861,214,43,17,17,17,17,0,52,\N,\N,48,15,1:22.239,\N,11
27081,1160,840,117,18,16,18,18,18,0,52,\N,\N,51,13,1:22.164,\N,11
27082,1160,4,117,14,8,19,R,19,0,24,\N,\N,23,19,1:23.757,\N,22
27083,1160,807,15,27,12,20,W,20,0,0,\N,\N,\N,\N,\N,\N,6
27084,1161,830,9,1,1,1,1,1,25,51,1:33:26.408,5606408,50,1,1:43.388,\N,1
27085,1161,847,131,63,5,2,2,2,18,51,+14.609,5621017,42,2,1:43.754,\N,1
27086,1161,832,3,55,2,3,3,3,15,51,+19.199,5625607,47,4,1:43.972,\N,1
27087,1161,863,131,12,4,4,4,4,12,51,+21.760,5628168,47,6,1:44.091,\N,1
27088,1161,859,215,30,3,5,5,5,10,51,+33.290,5639698,49,13,1:44.531,\N,1
27089,1161,852,9,22,6,6,6,6,8,51,+33.808,5640216,41,12,1:44.434,\N,1
27090,1161,846,1,4,7,7,7,7,6,51,+34.227,5640635,42,8,1:44.155,\N,1
27091,1161,1,6,44,12,8,8,8,4,51,+36.310,5642718,40,5,1:43.977,\N,1
27092,1161,844,6,16,10,9,9,9,2,51,+36.774,5643182,50,9,1:44.274,\N,1
27093,1161,865,215,6,8,10,10,10,1,51,+38.982,5645390,50,3,1:43.884,\N,1
27094,1161,864,15,5,13,11,11,11,0,51,+67.606,5674014,45,14,1:44.930,\N,1
27095,1161,860,210,87,15,12,12,12,0,51,+68.262,5674670,31,10,1:44.288,\N,1
27096,1161,848,3,23,19,13,13,13,0,51,+72.870,5679278,51,7,1:44.152,\N,1
27097,1161,839,210,31,20,14,14,14,0,51,+77.580,5683988,50,17,1:45.388,\N,1
27098,1161,4,117,14,11,15,15,15,0,51,+78.707,5685115,50,15,1:45.002,\N,1
27099,1161,807,15,27,17,16,16,16,0,51,+80.237,5686645,47,11,1:44.370,\N,1
27100,1161,840,117,18,14,17,17,17,0,51,+96.392,5702800,50,16,1:45.083,\N,1
27101,1161,842,214,10,18,18,18,18,0,50,\N,\N,37,18,1:45.492,\N,11
27102,1161,861,214,43,16,19,19,19,0,50,\N,\N,40,19,1:46.055,\N,11
27103,1161,857,1,81,9,20,R,20,0,0,\N,\N,\N,\N,\N,\N,3
27104,1162,847,131,63,1,1,1,1,25,62,1:40:22.367,6022367,27,11,1:35.676,\N,1
27105,1162,830,9,1,2,2,2,2,18,62,+5.430,6027797,30,10,1:35.649,\N,1
27106,1162,846,1,4,5,3,3,3,15,62,+6.066,6028433,36,7,1:35.555,\N,1
27107,1162,857,1,81,3,4,4,4,12,62,+8.146,6030513,31,6,1:35.408,\N,1
27108,1162,863,131,12,4,5,5,5,10,62,+33.681,6056048,27,4,1:35.303,\N,1
27109,1162,844,6,16,7,6,6,6,8,62,+45.996,6068363,41,14,1:35.983,\N,1
27110,1162,4,117,14,10,7,7,7,6,62,+80.667,6103034,52,13,1:35.862,\N,1
27111,1162,1,6,44,6,8,8,8,4,62,+85.251,6107618,48,1,1:33.808,\N,1
27112,1162,860,210,87,9,9,9,9,2,62,+93.527,6115894,56,15,1:36.201,\N,1
27113,1162,832,3,55,18,10,10,10,1,61,\N,\N,61,3,1:34.963,\N,11
27114,1162,865,215,6,8,11,11,11,0,61,\N,\N,54,18,1:36.938,\N,11
27115,1162,852,9,22,13,12,12,12,0,61,\N,\N,45,17,1:36.831,\N,11
27116,1162,840,117,18,15,13,13,13,0,61,\N,\N,60,12,1:35.851,\N,11
27117,1162,848,3,23,20,14,14,14,0,61,\N,\N,60,9,1:35.648,\N,11
27118,1162,859,215,30,12,15,15,15,0,61,\N,\N,61,8,1:35.641,\N,11
27119,1162,861,214,43,16,16,16,16,0,61,\N,\N,17,20,1:37.182,\N,11
27120,1162,864,15,5,14,17,17,17,0,61,\N,\N,16,19,1:37.126,\N,11
27121,1162,839,210,31,17,18,18,18,0,61,\N,\N,32,16,1:36.646,\N,11
27122,1162,842,214,10,19,19,19,19,0,61,\N,\N,53,2,1:34.573,\N,11
27123,1162,807,15,27,11,20,20,20,0,61,\N,\N,47,5,1:35.404,\N,11
27124,1163,830,9,1,1,1,1,1,25,56,1:34:00.161,5640161,35,3,1:37.991,\N,1
27125,1163,846,1,4,2,2,2,2,18,56,+7.959,5648120,35,2,1:37.620,\N,1
27126,1163,844,6,16,3,3,3,3,15,56,+15.373,5655534,47,5,1:38.231,\N,1
27127,1163,1,6,44,5,4,4,4,12,56,+28.536,5668697,55,8,1:38.361,\N,1
27128,1163,857,1,81,6,5,5,5,10,56,+29.678,5669839,55,10,1:38.564,\N,1
27129,1163,847,131,63,4,6,6,6,8,56,+33.456,5673617,35,4,1:38.224,\N,1
27130,1163,852,9,22,13,7,7,7,6,56,+52.714,5692875,54,13,1:38.803,\N,1
27131,1163,807,15,27,11,8,8,8,4,56,+57.249,5697410,54,9,1:38.372,\N,1
27132,1163,860,210,87,8,9,9,9,2,56,+64.722,5704883,32,16,1:39.119,\N,1
27133,1163,4,117,14,10,10,10,10,1,56,+70.001,5710162,54,12,1:38.789,\N,1
27134,1163,859,215,30,12,11,11,11,0,56,+73.209,5713370,53,14,1:38.983,\N,1
27135,1163,840,117,18,19,12,12,12,0,56,+74.778,5714939,54,15,1:39.071,\N,1
27136,1163,863,131,12,7,13,13,13,0,56,+75.746,5715907,33,1,1:37.577,\N,1
27137,1163,848,3,23,18,14,14,14,0,56,+80.000,5720161,38,7,1:38.328,\N,1
27138,1163,839,210,31,17,15,15,15,0,56,+83.043,5723204,31,18,1:39.263,\N,1
27139,1163,865,215,6,20,16,16,16,0,56,+92.807,5732968,54,11,1:38.724,\N,1
27140,1163,861,214,43,15,17,17,17,0,55,\N,\N,54,17,1:39.173,\N,11
27141,1163,864,15,5,16,18,18,18,0,55,\N,\N,39,6,1:38.275,\N,11
27142,1163,842,214,10,14,19,19,19,0,55,\N,\N,30,19,1:39.270,\N,11
27143,1163,832,3,55,9,20,R,20,0,5,\N,\N,3,20,1:40.327,\N,130
27144,1164,846,1,4,1,1,1,1,25,71,1:37:58.574,5878574,45,8,1:20.764,\N,1
27145,1164,844,6,16,2,2,2,2,18,71,+30.324,5908898,45,14,1:21.588,\N,1
27146,1164,830,9,1,5,3,3,3,15,71,+31.049,5909623,50,10,1:21.108,\N,1
27147,1164,860,210,87,9,4,4,4,12,71,+40.955,5919529,51,7,1:20.705,\N,1
27148,1164,857,1,81,7,5,5,5,10,71,+42.065,5920639,53,3,1:20.422,\N,1
27149,1164,863,131,12,6,6,6,6,8,71,+47.837,5926411,58,9,1:20.826,\N,1
27150,1164,847,131,63,4,7,7,7,6,71,+50.287,5928861,50,1,1:20.052,\N,1
27151,1164,1,6,44,3,8,8,8,4,71,+56.446,5935020,50,6,1:20.601,\N,1
27152,1164,839,210,31,11,9,9,9,2,71,+75.464,5954038,65,17,1:21.869,\N,1
27153,1164,864,15,5,16,10,10,10,1,71,+76.863,5955437,39,11,1:21.121,\N,1
27154,1164,852,9,22,10,11,11,11,0,71,+79.048,5957622,44,13,1:21.486,\N,1
27155,1164,848,3,23,17,12,12,12,0,70,\N,\N,45,4,1:20.480,\N,11
27156,1164,865,215,6,8,13,13,13,0,70,\N,\N,44,16,1:21.714,\N,11
27157,1164,840,117,18,19,14,14,14,0,70,\N,\N,45,5,1:20.593,\N,11
27158,1164,842,214,10,18,15,15,15,0,70,\N,\N,43,18,1:22.271,\N,11
27159,1164,861,214,43,20,16,16,16,0,70,\N,\N,50,12,1:21.342,\N,11
27160,1164,832,3,55,12,17,17,17,0,67,\N,\N,48,2,1:20.098,\N,3
27161,1164,4,117,14,14,18,R,18,0,34,\N,\N,22,15,1:21.708,\N,23
27162,1164,807,15,27,13,19,R,19,0,25,\N,\N,14,19,1:23.091,\N,64
27163,1164,859,215,30,15,20,R,20,0,5,\N,\N,4,20,1:25.124,\N,130
27164,1165,846,1,4,1,1,1,1,25,71,1:32:01.596,5521596,66,6,1:13.040,\N,1
27165,1165,863,131,12,2,2,2,2,18,71,+10.388,5531984,52,9,1:13.123,\N,1
27166,1165,830,9,1,19,3,3,3,15,71,+10.750,5532346,56,2,1:12.447,\N,1
27167,1165,847,131,63,6,4,4,4,12,71,+15.267,5536863,52,8,1:13.097,\N,1
27168,1165,857,1,81,4,5,5,5,10,71,+15.749,5537345,54,3,1:12.742,\N,1
27169,1165,860,210,87,8,6,6,6,8,71,+29.630,5551226,48,13,1:13.483,\N,1
27170,1165,859,215,30,7,7,7,7,6,71,+52.642,5574238,21,18,1:14.029,\N,1
27171,1165,865,215,6,5,8,8,8,4,71,+52.873,5574469,40,15,1:13.694,\N,1
27172,1165,807,15,27,10,9,9,9,2,71,+53.324,5574920,39,11,1:13.474,\N,1
27173,1165,842,214,10,9,10,10,10,1,71,+53.914,5575510,42,16,1:13.736,\N,1
27174,1165,848,3,23,12,11,11,11,0,71,+54.184,5575780,59,1,1:12.400,\N,1
27175,1165,839,210,31,20,12,12,12,0,71,+54.696,5576292,10,12,1:13.481,\N,1
27176,1165,832,3,55,15,13,13,13,0,71,+55.420,5577016,19,14,1:13.683,\N,1
27177,1165,4,117,14,11,14,14,14,0,71,+55.766,5577362,48,10,1:13.312,\N,1
27178,1165,861,214,43,16,15,15,15,0,71,+57.777,5579373,45,5,1:12.816,\N,1
27179,1165,840,117,18,14,16,16,16,0,71,+58.247,5579843,56,7,1:13.094,\N,1
27180,1165,852,9,22,17,17,17,17,0,71,+69.176,5590772,49,4,1:12.774,\N,1
27181,1165,1,6,44,13,18,R,18,0,37,\N,\N,35,17,1:13.844,\N,130
27182,1165,844,6,16,3,19,R,19,0,5,\N,\N,2,19,1:43.560,\N,3
27183,1165,864,15,5,18,20,R,20,0,0,\N,\N,\N,\N,\N,\N,3
27184,1166,830,9,1,2,1,1,1,25,50,1:21:08.429,4868429,50,1,1:33.365,\N,1
27185,1166,847,131,63,4,2,2,2,18,50,+23.546,4891975,50,9,1:34.592,\N,1
27186,1166,863,131,12,17,3,3,3,15,50,+30.488,4898917,48,2,1:33.998,\N,1
27187,1166,844,6,16,9,4,4,4,12,50,+30.678,4899107,43,3,1:34.304,\N,1
27188,1166,832,3,55,3,5,5,5,10,50,+34.924,4903353,42,4,1:34.496,\N,1
27189,1166,865,215,6,8,6,6,6,8,50,+45.257,4913686,50,10,1:34.620,\N,1
27190,1166,807,15,27,11,7,7,7,6,50,+51.134,4919563,49,8,1:34.592,\N,1
27191,1166,1,6,44,19,8,8,8,4,50,+59.369,4927798,49,6,1:34.553,\N,1
27192,1166,839,210,31,13,9,9,9,2,50,+60.635,4929064,48,7,1:34.557,\N,1
27193,1166,860,210,87,14,10,10,10,1,50,+70.549,4938978,50,5,1:34.519,\N,1
27194,1166,4,117,14,7,11,11,11,0,50,+85.308,4953737,41,14,1:35.629,\N,1
27195,1166,852,9,22,20,12,12,12,0,50,+86.974,4955403,49,12,1:34.967,\N,1
27196,1166,842,214,10,10,13,13,13,0,50,+91.702,4960131,44,15,1:35.674,\N,1
27197,1166,859,215,30,6,14,14,14,0,49,\N,\N,47,11,1:34.837,\N,11
27198,1166,861,214,43,15,15,15,15,0,49,\N,\N,38,16,1:35.780,\N,11
27199,1166,848,3,23,16,16,R,16,0,35,\N,\N,26,13,1:35.184,\N,130
27200,1166,864,15,5,18,17,R,17,0,2,\N,\N,\N,\N,\N,\N,4
27201,1166,840,117,18,12,18,R,18,0,0,\N,\N,\N,\N,\N,\N,4
27202,1166,846,1,4,1,19,D,19,0,50,\N,\N,\N,\N,\N,\N,2
27203,1166,857,1,81,5,20,D,20,0,50,\N,\N,\N,\N,\N,\N,2
27204,1167,830,9,1,\N,1,1,1,25,57,1:24:38.241,5078241,50,5,1:23.498,\N,1
27205,1167,857,1,81,\N,2,2,2,18,57,+7.995,5086236,44,1,1:22.996,\N,1
27206,1167,832,3,55,\N,3,3,3,15,57,+22.665,5100906,48,6,1:23.859,\N,1
27207,1167,846,1,4,\N,4,4,4,12,57,+23.315,5101556,47,2,1:23.197,\N,1
27208,1167,863,131,12,\N,5,5,5,10,57,+28.317,5106558,55,8,1:23.955,\N,1
27209,1167,847,131,63,\N,6,6,6,8,57,+48.599,5126840,56,3,1:23.198,\N,1
27210,1167,4,117,14,\N,7,7,7,6,57,+54.045,5132286,57,7,1:23.940,\N,1
27211,1167,844,6,16,\N,8,8,8,4,57,+56.785,5135026,56,13,1:24.432,\N,1
27212,1167,859,215,30,\N,9,9,9,2,57,+60.073,5138314,54,9,1:23.971,\N,1
27213,1167,852,9,22,\N,10,10,10,1,57,+61.770,5140011,57,10,1:24.139,\N,1
27214,1167,848,3,23,\N,11,11,11,0,57,+66.931,5145172,57,11,1:24.261,\N,1
27215,1167,1,6,44,\N,12,12,12,0,57,+77.730,5155971,52,14,1:24.848,\N,1
27216,1167,864,15,5,\N,13,13,13,0,57,+84.812,5163053,54,17,1:25.233,\N,1
27217,1167,861,214,43,\N,14,14,14,0,56,\N,\N,52,19,1:25.644,\N,11
27218,1167,839,210,31,\N,15,15,15,0,56,\N,\N,36,16,1:25.056,\N,11
27219,1167,842,214,10,\N,16,16,16,0,56,\N,\N,54,18,1:25.376,\N,11
27220,1167,840,117,18,\N,17,17,17,0,55,\N,\N,51,4,1:23.484,\N,130
27221,1167,865,215,6,\N,18,18,18,0,55,\N,\N,52,12,1:24.317,\N,29
27222,1167,860,210,87,\N,19,R,19,0,41,\N,\N,34,15,1:24.930,\N,6
27223,1167,807,15,27,\N,20,R,20,0,6,\N,\N,5,20,1:28.139,\N,4
27224,1168,830,9,1,1,1,1,1,25,58,1:26:07.469,5167469,39,5,1:27.625,\N,1
27225,1168,857,1,81,3,2,2,2,18,58,+12.594,5180063,44,2,1:26.765,\N,1
27226,1168,846,1,4,2,3,3,3,15,58,+16.572,5184041,48,3,1:26.818,\N,1
27227,1168,844,6,16,5,4,4,4,12,58,+23.279,5190748,45,1,1:26.725,\N,1
27228,1168,847,131,63,4,5,5,5,10,58,+48.563,5216032,57,14,1:28.599,\N,1
27229,1168,4,117,14,6,6,6,6,8,58,+67.562,5235031,54,11,1:28.279,\N,1
27230,1168,839,210,31,8,7,7,7,6,58,+69.876,5237345,56,15,1:28.655,\N,1
27231,1168,1,6,44,16,8,8,8,4,58,+72.670,5240139,36,10,1:28.094,\N,1
27232,1168,807,15,27,18,9,9,9,2,58,+79.014,5246483,46,4,1:27.050,\N,1
27233,1168,840,117,18,15,10,10,10,1,58,+79.523,5246992,52,6,1:27.626,\N,1
27234,1168,864,15,5,7,11,11,11,0,58,+81.043,5248512,47,19,1:29.114,\N,1
27235,1168,860,210,87,11,12,12,12,0,58,+81.166,5248635,50,17,1:28.976,\N,1
27236,1168,832,3,55,12,13,13,13,0,58,+82.158,5249627,51,18,1:29.052,\N,1
27237,1168,852,9,22,10,14,14,14,0,58,+83.794,5251263,44,13,1:28.557,\N,1
27238,1168,863,131,12,14,15,15,15,0,58,+84.399,5251868,34,9,1:28.029,\N,1
27239,1168,848,3,23,17,16,16,16,0,58,+90.327,5257796,45,12,1:28.367,\N,1
27240,1168,865,215,6,9,17,17,17,0,57,\N,\N,52,20,1:29.375,\N,11
27241,1168,859,215,30,13,18,18,18,0,57,\N,\N,39,16,1:28.886,\N,11
27242,1168,842,214,10,19,19,19,19,0,57,\N,\N,46,8,1:27.767,\N,11
27243,1168,861,214,43,20,20,20,20,0,57,\N,\N,42,7,1:27.710,\N,11
27244,1169,847,131,63,1,1,1,1,25,58,1:23:06.801,4986801,21,6,1:22.670,\N,1
27245,1169,863,131,12,2,2,2,2,18,58,+2.974,4989775,57,3,1:22.417,\N,1
27246,1169,844,6,16,4,3,3,3,15,58,+15.519,5002320,38,5,1:22.579,\N,1
27247,1169,1,6,44,7,4,4,4,12,58,+16.144,5002945,55,4,1:22.423,\N,1
27248,1169,846,1,1,6,5,5,5,10,58,+51.741,5038542,53,2,1:22.358,\N,1
27249,1169,830,9,3,20,6,6,6,8,58,+54.617,5041418,43,1,1:22.091,\N,1
27250,1169,860,210,87,12,7,7,7,6,57,\N,\N,22,11,1:24.020,\N,11
27251,1169,866,215,41,9,8,8,8,4,57,\N,\N,21,12,1:24.182,\N,11
27252,1169,864,217,5,10,9,9,9,2,57,\N,\N,45,8,1:23.257,\N,11
27253,1169,842,214,10,14,10,10,10,1,57,\N,\N,56,15,1:24.486,\N,11
27254,1169,839,210,31,13,11,11,11,0,57,\N,\N,25,14,1:24.424,\N,11
27255,1169,848,3,23,15,12,12,12,0,57,\N,\N,36,13,1:24.375,\N,11
27256,1169,859,215,30,8,13,13,13,0,57,\N,\N,47,10,1:23.783,\N,11
27257,1169,861,214,43,16,14,14,14,0,56,\N,\N,48,7,1:22.926,\N,12
27258,1169,832,3,55,21,15,15,15,0,56,\N,\N,52,9,1:23.590,\N,12
27259,1169,815,216,11,18,16,16,16,0,55,\N,\N,47,19,1:26.070,\N,13
27260,1169,840,117,18,22,17,R,17,0,43,\N,\N,36,17,1:25.410,\N,112
27261,1169,4,117,14,17,18,R,18,0,21,\N,\N,15,18,1:25.713,\N,54
27262,1169,822,216,77,19,19,R,19,0,15,\N,\N,8,20,1:27.364,\N,69
27263,1169,865,9,6,3,20,R,20,0,10,\N,\N,9,16,1:25.239,\N,5
27264,1169,857,1,81,5,21,W,21,0,0,\N,\N,\N,\N,\N,\N,3
27265,1169,807,217,27,11,22,W,22,0,0,\N,\N,\N,\N,\N,\N,26
27266,1170,863,131,12,1,1,1,1,25,56,1:33:15.607,5595607,52,1,1:35.275,\N,1
27267,1170,847,131,63,2,2,2,2,18,56,+5.515,5601122,56,2,1:35.400,\N,1
27268,1170,1,6,44,3,3,3,3,15,56,+25.267,5620874,55,5,1:36.092,\N,1
27269,1170,844,6,16,4,4,4,4,12,56,+28.894,5624501,56,4,1:36.011,\N,1
27270,1170,860,210,87,10,5,5,5,10,56,+57.268,5652875,56,8,1:36.429,\N,1
27271,1170,842,214,10,7,6,6,6,8,56,+59.647,5655254,53,9,1:36.505,\N,1
27272,1170,859,215,30,14,7,7,7,6,56,+80.588,5676195,56,12,1:37.096,\N,1
27273,1170,865,9,6,9,8,8,8,4,56,+87.247,5682854,46,13,1:37.311,\N,1
27274,1170,832,3,55,17,9,9,9,2,55,\N,\N,51,14,1:37.981,\N,11
27275,1170,861,214,43,12,10,10,10,1,55,\N,\N,35,10,1:36.783,\N,11
27276,1170,807,217,27,11,11,11,11,0,55,\N,\N,38,7,1:36.180,\N,11
27277,1170,866,215,41,15,12,12,12,0,55,\N,\N,46,6,1:36.099,\N,11
27278,1170,822,216,77,19,13,13,13,0,55,\N,\N,55,15,1:38.393,\N,11
27279,1170,839,210,31,13,14,14,14,0,55,\N,\N,54,3,1:35.964,\N,11
27280,1170,815,216,11,21,15,15,15,0,55,\N,\N,50,16,1:38.523,\N,11
27281,1170,830,9,3,8,16,R,16,0,45,\N,\N,39,11,1:37.046,\N,6
27282,1170,4,117,14,18,17,R,17,0,32,\N,\N,25,17,1:39.721,\N,142
27283,1170,840,117,18,20,18,R,18,0,9,\N,\N,9,18,1:40.883,\N,84
27284,1170,857,1,81,5,19,W,19,0,0,\N,\N,\N,\N,\N,\N,131
27285,1170,846,1,1,6,20,W,20,0,0,\N,\N,\N,\N,\N,\N,131
27286,1170,864,217,5,16,21,W,21,0,0,\N,\N,\N,\N,\N,\N,9
27287,1170,848,3,23,22,22,W,22,0,0,\N,\N,\N,\N,\N,\N,9
27288,1171,863,131,12,1,1,1,1,25,53,1:28:03.403,5283403,49,1,1:32.432,\N,1
27289,1171,857,1,81,3,2,2,2,18,53,+13.722,5297125,49,5,1:32.996,\N,1
27290,1171,844,6,16,4,3,3,3,15,53,+15.270,5298673,53,3,1:32.634,\N,1
27291,1171,847,131,63,2,4,4,4,12,53,+15.754,5299157,53,2,1:32.549,\N,1
27292,1171,846,1,1,5,5,5,5,10,53,+23.479,5306882,52,6,1:33.208,\N,1
27293,1171,1,6,44,6,6,6,6,8,53,+25.037,5308440,48,4,1:32.777,\N,1
27294,1171,842,214,10,7,7,7,7,6,53,+32.340,5315743,39,9,1:33.691,\N,1
27295,1171,830,9,3,11,8,8,8,4,53,+32.677,5316080,41,8,1:33.552,\N,1
27296,1171,859,215,30,14,9,9,9,2,53,+50.180,5333583,53,13,1:34.230,\N,1
27297,1171,839,210,31,12,10,10,10,1,53,+51.216,5334619,53,14,1:34.256,\N,1
27298,1171,807,217,27,13,11,11,11,0,53,+52.280,5335683,47,10,1:33.732,\N,1
27299,1171,865,9,6,8,12,12,12,0,53,+56.154,5339557,53,11,1:33.837,\N,1
27300,1171,864,217,5,9,13,13,13,0,53,+59.078,5342481,40,12,1:34.164,\N,1
27301,1171,866,215,41,10,14,14,14,0,53,+59.848,5343251,53,15,1:34.314,\N,1
27302,1171,832,3,55,16,15,15,15,0,53,+65.008,5348411,38,17,1:34.514,\N,1
27303,1171,861,214,43,15,16,16,16,0,53,+65.773,5349176,41,16,1:34.512,\N,1
27304,1171,815,216,11,19,17,17,17,0,53,+92.453,5375856,53,19,1:35.637,\N,1
27305,1171,4,117,14,21,18,18,18,0,52,\N,\N,47,20,1:36.221,\N,11
27306,1171,822,216,77,20,19,19,19,0,52,\N,\N,52,21,1:36.269,\N,11
27307,1171,848,3,23,17,20,20,20,0,51,\N,\N,51,7,1:33.427,\N,12
27308,1171,840,117,18,22,21,R,21,0,30,\N,\N,29,22,1:37.217,\N,34
27309,1171,860,210,87,18,22,R,22,0,20,\N,\N,20,18,1:35.604,\N,3
27310,1172,863,131,12,1,1,1,1,25,57,1:33:19.273,5599273,34,3,1:31.968,\N,1
27311,1172,846,1,1,4,2,2,2,18,57,+3.264,5602537,35,1,1:31.869,\N,1
27312,1172,857,1,81,7,3,3,3,15,57,+27.092,5626365,30,2,1:31.949,\N,1
27313,1172,847,131,63,5,4,4,4,12,57,+43.051,5642324,53,4,1:32.446,\N,1
27314,1172,830,9,3,2,5,5,5,10,57,+43.949,5643222,24,9,1:33.110,\N,1
27315,1172,844,6,16,3,6,6,6,8,57,+44.245,5643518,44,5,1:32.515,\N,1
27316,1172,1,6,44,6,7,7,7,6,57,+53.753,5653026,29,6,1:32.676,\N,1
27317,1172,861,214,43,8,8,8,8,4,57,+61.871,5661144,33,8,1:33.035,\N,1
27318,1172,832,3,55,13,9,9,9,2,57,+82.072,5681345,30,7,1:33.026,\N,1
27319,1172,848,3,23,15,10,10,10,1,57,+90.972,5690245,30,13,1:33.784,\N,1
27320,1172,860,210,87,12,11,11,11,0,56,\N,\N,28,12,1:33.744,\N,11
27321,1172,864,217,5,21,12,12,12,0,56,\N,\N,55,10,1:33.500,\N,11
27322,1172,839,210,31,14,13,13,13,0,56,\N,\N,33,11,1:33.712,\N,11
27323,1172,866,215,41,16,14,14,14,0,56,\N,\N,30,14,1:34.058,\N,11
27324,1172,4,117,14,17,15,15,15,0,56,\N,\N,45,16,1:34.594,\N,11
27325,1172,815,216,11,20,16,16,16,0,56,\N,\N,31,21,1:34.895,\N,11
27326,1172,840,117,18,18,17,17,17,0,56,\N,\N,56,17,1:34.716,\N,11
27327,1172,822,216,77,19,18,18,18,0,55,\N,\N,16,22,1:36.080,\N,12
27328,1172,807,217,27,10,19,R,19,0,7,\N,\N,4,15,1:34.523,\N,10
27329,1172,859,215,30,11,20,R,20,0,6,\N,\N,3,18,1:34.814,\N,6
27330,1172,842,214,10,9,21,R,21,0,4,\N,\N,4,20,1:34.856,\N,4
27331,1172,865,9,6,22,22,R,22,0,4,\N,\N,4,19,1:34.833,\N,3
27332,1173,863,131,12,2,1,1,1,25,68,1:28:15.758,5295758,68,1,1:14.210,\N,1
27333,1173,1,6,44,5,2,2,2,18,68,+10.768,5306526,61,3,1:14.573,\N,1
27334,1173,830,9,3,6,3,3,3,15,68,+11.276,5307034,68,2,1:14.398,\N,1
27335,1173,844,6,16,8,4,4,4,12,68,+44.151,5339909,37,5,1:15.297,\N,1
27336,1173,865,9,6,7,5,5,5,10,67,\N,\N,67,4,1:14.578,\N,11
27337,1173,861,214,43,10,6,6,6,8,67,\N,\N,67,8,1:15.462,\N,11
27338,1173,859,215,30,12,7,7,7,6,67,\N,\N,59,10,1:15.604,\N,11
27339,1173,842,214,10,14,8,8,8,4,67,\N,\N,67,6,1:15.390,\N,11
27340,1173,832,3,55,15,9,9,9,2,67,\N,\N,65,12,1:15.852,\N,11
27341,1173,860,210,87,16,10,10,10,1,67,\N,\N,64,13,1:16.002,\N,11
27342,1173,857,1,81,4,11,11,11,0,66,\N,\N,61,7,1:15.456,\N,12
27343,1173,807,217,27,11,12,12,12,0,66,\N,\N,57,15,1:16.275,\N,12
27344,1173,864,217,5,13,13,13,13,0,66,\N,\N,50,14,1:16.221,\N,12
27345,1173,839,210,31,17,14,14,14,0,66,\N,\N,64,16,1:16.577,\N,12
27346,1173,840,117,18,22,15,15,15,0,64,\N,\N,39,20,1:18.721,\N,14
27347,1173,822,216,77,21,16,16,16,0,64,\N,\N,59,19,1:17.725,\N,14
27348,1173,815,216,11,20,17,R,17,0,39,\N,\N,37,17,1:16.915,\N,22
27349,1173,846,1,1,3,18,R,18,0,38,\N,\N,36,11,1:15.845,\N,6
27350,1173,847,131,63,1,19,R,19,0,29,\N,\N,16,9,1:15.477,\N,5
27351,1173,4,117,14,19,20,R,20,0,23,\N,\N,10,21,1:19.635,\N,136
27352,1173,848,3,23,18,21,R,21,0,11,\N,\N,11,18,1:17.221,\N,4
27353,1173,866,215,41,9,22,W,22,0,0,\N,\N,\N,\N,\N,\N,6
27354,1174,863,131,12,1,1,1,1,25,78,2:23:31.243,8611243,76,1,1:13.481,\N,1
27355,1174,1,6,44,3,2,2,2,18,78,+6.271,8617514,74,2,1:14.643,\N,1
27356,1174,842,214,10,9,3,3,3,15,78,+30.369,8641612,77,3,1:15.497,\N,1
27357,1174,865,9,6,5,4,4,4,12,78,+23.394,8634637,77,4,1:15.669,\N,1
27358,1174,857,1,81,7,5,5,5,10,78,+24.261,8635504,76,7,1:15.816,\N,1
27359,1174,859,215,30,10,6,6,6,8,78,+26.553,8637796,76,5,1:15.754,\N,1
27360,1174,866,215,41,15,7,7,7,6,78,+29.010,8640253,76,8,1:15.908,\N,1
27361,1174,848,3,23,11,8,8,8,4,78,+33.413,8644656,78,12,1:16.393,\N,1
27362,1174,839,210,31,17,9,9,9,2,78,+37.140,8648383,77,15,1:16.914,\N,1
27363,1174,4,117,14,21,10,10,10,1,78,+41.899,8653142,77,16,1:17.120,\N,1
27364,1174,864,217,5,16,11,11,11,0,78,+42.748,8653991,46,13,1:16.803,\N,1
27365,1174,847,131,63,6,12,12,12,0,78,+43.353,8654596,56,6,1:15.773,\N,1
27366,1174,807,217,27,13,13,13,13,0,78,+44.102,8655345,15,11,1:16.332,\N,1
27367,1174,861,214,43,14,14,14,14,0,78,+48.964,8660207,74,10,1:16.316,\N,1
27368,1174,815,216,11,18,15,15,15,0,78,+49.153,8660396,78,14,1:16.891,\N,1
27369,1174,832,3,55,12,16,16,16,0,70,\N,\N,51,18,1:18.022,\N,130
27370,1174,844,6,16,4,17,R,17,0,64,\N,\N,53,9,1:15.964,\N,3
27371,1174,840,117,18,22,18,R,18,0,56,\N,\N,36,20,1:18.845,\N,3
27372,1174,846,1,1,8,19,R,19,0,43,\N,\N,34,17,1:17.670,\N,84
27373,1174,860,210,87,19,20,R,20,0,27,\N,\N,22,19,1:18.475,\N,26
27374,1174,822,216,77,20,21,R,21,0,15,\N,\N,8,21,1:20.494,\N,23
27375,1174,830,9,3,2,22,R,22,0,0,\N,\N,\N,\N,\N,\N,5
27376,1175,1,6,44,2,1,1,1,25,66,1:32:28.105,5548105,44,1,1:20.122,\N,1
27377,1175,847,131,63,1,2,2,2,18,66,+19.561,5567666,43,6,1:20.640,\N,1
27378,1175,846,1,1,4,3,3,3,15,66,+23.719,5571824,37,4,1:20.232,\N,1
27379,1175,830,9,3,5,4,4,4,12,66,+40.497,5588602,42,3,1:20.230,\N,1
27380,1175,857,1,81,7,5,5,5,10,66,+58.661,5606766,46,8,1:20.835,\N,1
27381,1175,865,9,6,6,6,6,6,8,65,\N,\N,60,2,1:20.150,\N,11
27382,1175,842,214,10,14,7,7,7,6,65,\N,\N,43,13,1:21.960,\N,11
27383,1175,861,214,43,13,8,8,8,4,65,\N,\N,43,16,1:22.449,\N,11
27384,1175,859,215,30,8,9,9,9,2,65,\N,\N,45,17,1:22.691,\N,11
27385,1175,866,215,41,11,10,10,10,1,65,\N,\N,45,12,1:21.914,\N,11
27386,1175,864,217,5,12,11,11,11,0,64,\N,\N,55,9,1:21.446,\N,12
27387,1175,832,3,55,16,12,12,12,0,64,\N,\N,58,14,1:22.061,\N,12
27388,1175,839,210,31,17,13,13,13,0,64,\N,\N,63,10,1:21.643,\N,12
27389,1175,815,216,11,19,14,14,14,0,63,\N,\N,43,18,1:22.820,\N,13
27390,1175,844,6,16,10,15,15,15,0,62,\N,\N,47,5,1:20.379,\N,9
27391,1175,863,131,12,3,16,16,16,0,61,\N,\N,46,7,1:20.704,\N,10
27392,1175,860,210,87,15,17,17,17,0,60,\N,\N,43,15,1:22.419,\N,5
27393,1175,848,3,23,18,18,R,18,0,55,\N,\N,54,11,1:21.744,\N,45
27394,1175,4,117,14,22,19,R,19,0,37,\N,\N,27,20,1:25.366,\N,84
27395,1175,807,217,27,9,20,R,20,0,29,\N,\N,2,19,1:23.447,\N,5
27396,1175,822,216,77,20,21,R,21,0,15,\N,\N,3,21,1:25.745,\N,5
27397,1175,840,117,18,21,22,R,22,0,5,\N,\N,3,22,1:25.904,\N,6
27398,1176,847,131,63,1,1,1,1,25,71,1:26:37.979,5197979,49,6,1:10.683,\N,1
27399,1176,830,9,3,5,2,2,2,18,71,+1.611,5199590,57,2,1:10.483,\N,1
27400,1176,863,131,12,4,3,3,3,15,71,+1.986,5199965,59,1,1:10.374,\N,1
27401,1176,857,1,81,7,4,4,4,12,71,+21.809,5219788,45,3,1:10.595,\N,1
27402,1176,1,6,44,3,5,5,5,10,71,+26.393,5224372,45,7,1:10.946,\N,1
27403,1176,865,9,6,8,6,6,6,8,71,+29.399,5227378,42,8,1:10.947,\N,1
27404,1176,846,1,1,6,7,7,7,6,71,+31.505,5229484,55,5,1:10.652,\N,1
27405,1176,844,6,16,2,8,8,8,4,71,+45.659,5243638,67,4,1:10.606,\N,1
27406,1176,859,215,30,9,9,9,9,2,70,\N,\N,55,10,1:11.547,\N,11
27407,1176,866,215,41,10,10,10,10,1,70,\N,\N,56,11,1:11.587,\N,11
27408,1176,864,217,5,12,11,11,11,0,70,\N,\N,59,14,1:11.866,\N,11
27409,1176,807,217,27,14,12,12,12,0,70,\N,\N,55,12,1:11.634,\N,11
27410,1176,842,214,10,11,13,13,13,0,70,\N,\N,54,9,1:11.466,\N,11
27411,1176,860,210,87,13,14,14,14,0,70,\N,\N,54,15,1:12.207,\N,11
27412,1176,861,214,43,16,15,15,15,0,70,\N,\N,49,13,1:11.795,\N,11
27413,1176,839,210,31,15,16,16,16,0,69,\N,\N,37,17,1:12.979,\N,12
27414,1176,848,3,23,18,17,17,17,0,69,\N,\N,43,18,1:13.137,\N,12
27415,1176,4,117,14,21,18,18,18,0,68,\N,\N,52,16,1:12.501,\N,13
27416,1176,840,117,18,22,19,R,19,0,45,\N,\N,30,20,1:13.796,\N,132
27417,1176,832,3,55,17,20,R,20,0,23,\N,\N,22,19,1:13.694,\N,10
27418,1176,815,216,11,19,21,R,21,0,4,\N,\N,3,21,1:14.448,\N,23
27419,1176,822,216,77,20,22,R,22,0,2,\N,\N,\N,\N,\N,\N,23
27420,1177,844,6,16,2,1,1,1,25,52,1:27:11.335,5231335,43,8,1:32.871,\N,1
27421,1177,847,131,63,4,2,2,2,18,52,+0.427,5231762,36,5,1:32.489,\N,1
27422,1177,1,6,44,3,3,3,3,15,52,+0.772,5232107,25,4,1:32.309,\N,1
27423,1177,846,1,1,6,4,4,4,12,52,+1.149,5232484,45,6,1:32.625,\N,1
27424,1177,865,9,6,5,5,5,5,10,52,+1.598,5232933,40,3,1:32.268,\N,1
27425,1177,859,215,30,10,6,6,6,8,52,+2.023,5233358,45,12,1:33.648,\N,1
27426,1177,866,215,41,9,7,7,7,6,52,+2.214,5233549,29,11,1:33.632,\N,1
27427,1177,864,217,5,11,8,8,8,4,52,+2.413,5233748,30,13,1:33.650,\N,1
27428,1177,861,214,43,19,9,9,9,2,52,+3.229,5234564,25,16,1:34.281,\N,1
27429,1177,842,214,10,15,10,10,10,1,52,+3.445,5234780,44,15,1:34.179,\N,1
27430,1177,857,1,81,8,11,11,11,0,52,+4.014,5235349,42,9,1:32.917,\N,1
27431,1177,860,210,87,13,12,12,12,0,52,+5.245,5236580,31,17,1:34.455,\N,1
27432,1177,839,210,31,17,13,13,13,0,52,+5.512,5236847,43,18,1:34.792,\N,1
27433,1177,815,216,11,20,14,14,14,0,52,+7.403,5238738,44,19,1:35.520,\N,1
27434,1177,863,131,12,1,15,15,15,0,52,+8.005,5239340,37,1,1:31.777,\N,1
27435,1177,822,216,77,18,16,16,16,0,52,+8.162,5239497,31,21,1:35.893,\N,1
27436,1177,832,3,55,14,17,17,17,0,51,\N,\N,51,7,1:32.734,\N,11
27437,1177,4,117,14,21,18,18,18,0,51,\N,\N,50,20,1:35.827,\N,11
27438,1177,840,117,18,22,19,19,19,0,51,\N,\N,41,22,1:37.232,\N,11
27439,1177,830,9,3,7,20,20,20,0,46,\N,\N,40,2,1:32.101,\N,20
27440,1177,848,3,23,16,21,R,21,0,43,\N,\N,42,14,1:33.867,\N,130
27441,1177,807,217,27,12,22,R,22,0,36,\N,\N,36,10,1:33.433,\N,6
27442,1178,863,131,12,1,1,1,1,25,44,1:24:42.479,5082479,41,2,1:49.098,\N,1
27443,1178,844,6,16,4,2,2,2,18,44,+1.952,5084431,23,4,1:49.333,\N,1
27444,1178,830,9,3,2,3,3,3,15,44,+11.586,5094065,23,7,1:49.618,\N,1
27445,1178,1,6,44,5,4,4,4,12,44,+17.245,5099724,33,5,1:49.454,\N,1
27446,1178,857,1,81,6,5,5,5,10,44,+18.988,5101467,23,6,1:49.562,\N,1
27447,1178,865,9,6,21,6,6,6,8,44,+23.307,5105786,44,3,1:49.298,\N,1
27448,1178,846,1,1,13,7,7,7,6,44,+24.014,5106493,44,1,1:48.890,\N,1
27449,1178,864,217,5,8,8,8,8,4,44,+49.140,5131619,22,8,1:50.334,\N,1
27450,1178,866,215,41,7,9,9,9,2,44,+50.406,5132885,23,10,1:50.536,\N,1
27451,1178,861,214,43,11,10,10,10,1,44,+76.037,5158516,42,14,1:51.162,\N,1
27452,1178,842,214,10,10,11,11,11,0,44,+76.991,5159470,39,12,1:51.101,\N,1
27453,1178,859,215,30,9,12,12,12,0,44,+77.523,5160002,44,11,1:51.075,\N,1
27454,1178,807,217,27,12,13,13,13,0,44,+78.348,5160827,41,9,1:50.503,\N,1
27455,1178,860,210,87,14,14,14,14,0,44,+94.465,5176944,22,13,1:51.109,\N,1
27456,1178,848,3,23,15,15,15,15,0,44,+104.684,5187163,21,16,1:51.894,\N,1
27457,1178,832,3,55,19,16,16,16,0,44,+105.856,5188335,24,15,1:51.363,\N,1
27458,1178,839,210,31,16,17,17,17,0,44,+110.925,5193404,44,17,1:51.900,\N,1
27459,1178,822,216,77,17,18,18,18,0,43,\N,\N,35,18,1:52.011,\N,11
27460,1178,4,117,14,22,19,19,19,0,42,\N,\N,34,19,1:52.948,\N,12
27461,1178,840,117,18,20,20,R,20,0,25,\N,\N,21,21,1:53.980,\N,6
27462,1178,815,216,11,18,21,R,21,0,13,\N,\N,10,20,1:53.520,\N,22
27463,1178,847,131,63,3,22,R,22,0,0,\N,\N,\N,\N,\N,\N,4
